0 0.2796875 0.4921875 0.040625 0.06328125
0 0.3734375 0.54453125 0.05390625 0.0671875
0 0.8484375 0.49375 0.05078125 0.07421875
0 0.3515625 0.6265625 0.04375 0.078125
0 0.5296875 0.5109375 0.03359375 0.05546875
0 0.1140625 0.4828125 0.03046875 0.04296875
0 0.8015625 0.4578125 0.0375 0.06171875
0 0.0578125 0.4875 0.03125 0.053125
0 0.6390625 0.4890625 0.053125 0.08671875
0 0.36875 0.49609375 0.03046875 0.0390625
0 0.9703125 0.55 0.03515625 0.04609375
0 0.6921875 0.4546875 0.07421875 0.12734375
0 0.9375 0.5203125 0.02265625 0.03828125
0 0.965625 0.4625 0.02890625 0.04140625
0 0.028125 0.4703125 0.021875 0.03515625
0 0.4703125 0.4921875 0.028125 0.04609375
0 0.9234375 0.5609375 0.02890625 0.04375