0 0.0125 0.390625 0.02421875 0.05390625
0 0.1171875 0.40703125 0.05078125 0.0484375
0 0.01640625 0.3421875 0.0328125 0.03203125
0 0.05390625 0.340625 0.0421875 0.040625
0 0.0953125 0.30390625 0.03515625 0.0359375
0 0.1421875 0.321875 0.03515625 0.04140625
0 0.171875 0.3421875 0.04609375 0.03984375
0 0.171875 0.27734375 0.03046875 0.0390625
0 0.2671875 0.30703125 0.03828125 0.0390625
0 0.2828125 0.2515625 0.03515625 0.03984375
0 0.328125 0.278125 0.02734375 0.03203125
0 0.3921875 0.1828125 0.02890625 0.03359375
0 0.39375 0.253125 0.02578125 0.034375
0 0.428125 0.23359375 0.028125 0.0328125
0 0.47109375 0.1109375 0.0234375 0.03203125
0 0.496875 0.14765625 0.02109375 0.0328125