0 0.55 0.1796875 0.03359375 0.04140625
0 0.403125 0.315625 0.04140625 0.053125
0 0.4125 0.16875 0.02578125 0.03359375
0 0.35859375 0.1671875 0.0296875 0.03984375
0 0.51484375 0.26015625 0.0328125 0.0453125
0 0.0890625 0.5140625 0.05234375 0.06171875
0 0.50546875 0.17265625 0.0296875 0.0421875
0 0.2453125 0.4171875 0.03828125 0.046875
0 0.378125 0.628125 0.065625 0.05859375
0 0.4546875 0.15390625 0.02890625 0.0390625
0 0.48359375 0.60234375 0.0578125 0.0640625
0 0.49375 0.3484375 0.03984375 0.04296875
0 0.1921875 0.603125 0.059375 0.06640625
0 0.22578125 0.4609375 0.0515625 0.04765625