0 0.13203125 0.234375 0.0703125 0.071875
0 0.22578125 0.41875 0.0984375 0.0953125
0 0.325 0.29375 0.0671875 0.0703125
0 0.3828125 0.265625 0.0640625 0.0640625
0 0.37109375 0.60703125 0.0625 0.0671875
0 0.5421875 0.31953125 0.040625 0.0515625
0 0.75703125 0.00625 0.0421875 0.0125
0 0.44140625 0.58125 0.0984375 0.103125
0 0.5140625 0.5828125 0.0640625 0.0671875
0 0.52890625 0.3859375 0.08125 0.09375
0 0.62265625 0.1921875 0.05625 0.0640625
0 0.8296875 0.19765625 0.065625 0.071875
0 0.85625 0.23046875 0.046875 0.053125