0 0.209375 0.08359375 0.02578125 0.0328125
0 0.29375 0.1265625 0.02734375 0.03671875
0 0.36640625 0.115625 0.0265625 0.03203125
0 0.1921875 0.1546875 0.03125 0.03515625
0 0.271875 0.1484375 0.03828125 0.04765625
0 0.33671875 0.23203125 0.0390625 0.0484375
0 0.2890625 0.2703125 0.03984375 0.04375
0 0.14609375 0.2703125 0.0359375 0.04375
0 0.05 0.3140625 0.04375 0.05234375
0 0.1046875 0.38515625 0.05 0.0578125
0 0.878125 0.4625 0.06953125 0.06796875
0 0.803125 0.54140625 0.090625 0.0703125
0 0.6828125 0.775 0.08046875 0.09296875
0 0.9390625 0.6828125 0.09296875 0.08828125
0 0.975 0.7296875 0.05 0.11015625