0 0.04453125 0.0734375 0.0265625 0.03125
0 0.00859375 0.32890625 0.0171875 0.0296875
0 0.2078125 0.21875 0.034375 0.02890625
0 0.2171875 0.14296875 0.021875 0.0296875
0 0.296875 0.134375 0.02109375 0.03125
0 0.2828125 0.2203125 0.02578125 0.025
0 0.38359375 0.1921875 0.0265625 0.02734375
0 0.55078125 0.14375 0.0265625 0.03125
0 0.478125 0.171875 0.03359375 0.03046875
0 0.5265625 0.4515625 0.04765625 0.04375
0 0.778125 0.1796875 0.02578125 0.03125
0 0.7328125 0.2 0.02890625 0.03359375
0 0.78828125 0.2234375 0.0296875 0.03125
0 0.85703125 0.1921875 0.0296875 0.03515625