0 0.16875 0.44140625 0.01796875 0.0171875
0 0.3015625 0.428125 0.01796875 0.021875
0 0.33671875 0.45625 0.0203125 0.028125
0 0.4390625 0.465625 0.02109375 0.02890625
0 0.50625 0.4859375 0.025 0.02578125
0 0.5375 0.48515625 0.02890625 0.0328125
0 0.5890625 0.43125 0.021875 0.01640625
0 0.58359375 0.621875 0.0359375 0.04140625
0 0.63984375 0.559375 0.0265625 0.03203125
0 0.67109375 0.528125 0.0265625 0.0375
0 0.6921875 0.4828125 0.02578125 0.02890625
0 0.6765625 0.3828125 0.0125 0.01640625
0 0.6984375 0.5859375 0.034375 0.03359375
0 0.89453125 0.63359375 0.0265625 0.0296875
0 0.8921875 0.4734375 0.025 0.03046875
0 0.91875 0.528125 0.03125 0.03046875
0 0.9875 0.5578125 0.025 0.03359375