0 0.071875 0.5359375 0.040625 0.0390625
0 0.090625 0.50078125 0.0328125 0.034375
0 0.22265625 0.47578125 0.0375 0.04375
0 0.3046875 0.41953125 0.0328125 0.034375
0 0.353125 0.46015625 0.0359375 0.0375
0 0.371875 0.459375 0.0203125 0.0296875
0 0.42578125 0.4046875 0.03125 0.0328125
0 0.63828125 0.32265625 0.0234375 0.028125
0 0.659375 0.34765625 0.021875 0.0234375
0 0.29140625 0.6734375 0.0375 0.0375
0 0.43046875 0.5703125 0.0375 0.0421875
0 0.4390625 0.5375 0.0421875 0.0375
0 0.5046875 0.4515625 0.0421875 0.04375
0 0.50546875 0.4328125 0.0359375 0.0328125
0 0.56953125 0.51171875 0.034375 0.0359375
0 0.615625 0.56953125 0.0390625 0.040625
0 0.82578125 0.5453125 0.0515625 0.053125
0 0.81328125 0.475 0.03125 0.03125
0 0.81796875 0.43984375 0.03125 0.0359375
0 0.81953125 0.46171875 0.034375 0.028125
0 0.81015625 0.3828125 0.0359375 0.0375
0 0.81875 0.3640625 0.0328125 0.0328125
0 0.91328125 0.5359375 0.04375 0.0515625
0 0.99453125 0.51484375 0.0109375 0.0421875
0 0.0515625 0.521875 0.0375 0.0359375