0 0.7734375 0.759375 0.0484375 0.05625
0 0.72578125 0.68125 0.0546875 0.0609375
0 0.30078125 0.4453125 0.0390625 0.040625
0 0.98828125 0.5421875 0.0234375 0.034375
0 0.2328125 0.3375 0.03125 0.0375
0 0.22421875 0.4890625 0.0484375 0.0515625
0 0.740625 0.478125 0.0328125 0.040625
0 0.8859375 0.62109375 0.0390625 0.0421875
0 0.015625 0.41171875 0.025 0.040625
0 0.053125 0.48984375 0.0484375 0.0484375
0 0.37734375 0.346875 0.0296875 0.0359375
0 0.9234375 0.521875 0.0375 0.0390625
0 0.6203125 0.396875 0.025 0.028125
0 0.815625 0.5328125 0.0375 0.0390625
0 0.75 0.51953125 0.0359375 0.0375
0 0.53359375 0.3765625 0.0234375 0.0265625
0 0.6 0.3640625 0.021875 0.0265625
0 0.86015625 0.66953125 0.0328125 0.0359375
0 0.92734375 0.65859375 0.0421875 0.04375