0 0.20703125 0.93359375 0.0859375 0.1015625
0 0.28671875 0.909375 0.103125 0.0984375
0 0.38515625 0.80078125 0.1125 0.1125
0 0.4859375 0.6609375 0.11875 0.1375
0 0.14375 0.6421875 0.0859375 0.0984375
0 0.34609375 0.49765625 0.0984375 0.09375
0 0.44375 0.3828125 0.0953125 0.0984375
0 0.38359375 0.375 0.0828125 0.0890625
0 0.6890625 0.34453125 0.09375 0.109375
0 0.4421875 0.24296875 0.06875 0.0859375
0 0.5421875 0.259375 0.075 0.0765625
0 0.646875 0.1140625 0.1 0.109375
0 0.3640625 0.17421875 0.065625 0.0703125
0 0.4984375 0.09765625 0.075 0.078125
0 0.42421875 0.04921875 0.065625 0.0640625
0 0.61171875 0.0125 0.0828125 0.025
0 0.965625 0.396875 0.0609375 0.0890625
0 0.015625 0.496875 0.03125 0.0625
0 0.18046875 0.38125 0.075 0.0765625