0 0.10078125 0.16015625 0.0265625 0.0265625
0 0.028125 0.28984375 0.0328125 0.0421875
0 0.10703125 0.3375 0.0359375 0.03125
0 0.28671875 0.25703125 0.0234375 0.0265625
0 0.3375 0.23359375 0.0234375 0.0296875
0 0.25625 0.3171875 0.0359375 0.0328125
0 0.30234375 0.29140625 0.034375 0.034375
0 0.3453125 0.34140625 0.0296875 0.0390625
0 0.32109375 0.3765625 0.03125 0.0375
0 0.3046875 0.44296875 0.0421875 0.0390625
0 0.39453125 0.4734375 0.0453125 0.0453125
0 0.3953125 0.30546875 0.0296875 0.0296875
0 0.43984375 0.325 0.03125 0.0328125
0 0.4765625 0.3640625 0.03125 0.034375
0 0.53203125 0.23671875 0.021875 0.01875
0 0.565625 0.28984375 0.025 0.025
0 0.7640625 0.275 0.025 0.025
0 0.7375 0.30390625 0.028125 0.0296875
0 0.76875 0.3421875 0.03125 0.0296875
0 0.7375 0.44375 0.034375 0.0390625
0 0.8015625 0.3125 0.0265625 0.0265625
0 0.85390625 0.3015625 0.0296875 0.0375
0 0.89609375 0.37734375 0.0359375 0.0328125
0 0.90234375 0.4078125 0.0375 0.0375
0 0.98828125 0.53046875 0.0234375 0.034375
0 0.99453125 0.33671875 0.0109375 0.0265625
0 0.07265625 0.36015625 0.025 0.025