0 0.77421875 0.6515625 0.1046875 0.1203125
0 0.43359375 0.1421875 0.0484375 0.0640625
0 0.29296875 0.2015625 0.05 0.0625
0 0.6484375 0.30625 0.0421875 0.05625
0 0.5625 0.459375 0.0546875 0.0671875
0 0.1859375 0.30859375 0.05625 0.0625
0 0.5640625 0.3140625 0.0578125 0.065625
0 0.2921875 0.3328125 0.0609375 0.06875
0 0.09453125 0.13203125 0.0453125 0.0609375
0 0.10078125 0.2125 0.0484375 0.059375
0 0.10703125 0.03828125 0.0375 0.0390625
0 0.0859375 0.08203125 0.0296875 0.0265625
0 0.01796875 0.615625 0.0359375 0.06875