0 0.02890625 0.1875 0.0203125 0.040625
0 0.059375 0.2140625 0.0375 0.0375
0 0.0703125 0.1328125 0.028125 0.0296875
0 0.11484375 0.12734375 0.0265625 0.0359375
0 0.140625 0.2203125 0.0296875 0.028125
0 0.1671875 0.2515625 0.03125 0.034375
0 0.1890625 0.28515625 0.040625 0.040625
0 0.2984375 0.19765625 0.0296875 0.034375
0 0.51328125 0.2984375 0.0328125 0.040625
0 0.375 0.14453125 0.028125 0.034375
0 0.60078125 0.4984375 0.05625 0.059375
0 0.7046875 0.60390625 0.0578125 0.0625
0 0.59921875 0.22421875 0.025 0.03125
0 0.62265625 0.19140625 0.0234375 0.0265625
0 0.64765625 0.23671875 0.025 0.0296875
0 0.73515625 0.21484375 0.0296875 0.0328125
0 0.8859375 0.27890625 0.0328125 0.0375
0 0.853125 0.27890625 0.0265625 0.0296875
0 0.4078125 0.19453125 0.0453125 0.0390625