0 0.175 0.1734375 0.0421875 0.0421875
0 0.4765625 0.0875 0.0515625 0.0578125
0 0.23984375 0.6265625 0.071875 0.08125
0 0.44453125 0.33046875 0.05 0.0546875
0 0.3890625 0.4234375 0.0671875 0.0734375
0 0.784375 0.19140625 0.0578125 0.06875
0 0.49296875 0.409375 0.0625 0.0609375
0 0.69453125 0.41875 0.0734375 0.078125
0 0.5609375 0.24453125 0.05625 0.0578125
0 0.60234375 0.20703125 0.0609375 0.0703125
0 0.71328125 0.18515625 0.053125 0.0546875
0 0.90546875 0.0203125 0.0265625 0.040625
0 0.959375 0.31015625 0.0359375 0.065625