0 0.17421875 0.5390625 0.0328125 0.0375
0 0.546875 0.590625 0.03203125 0.03828125
0 0.6390625 0.509375 0.03046875 0.03359375
0 0.790625 0.55625 0.03203125 0.03671875
0 0.29453125 0.45 0.0203125 0.028125
0 0.6125 0.61328125 0.040625 0.0453125
0 0.940625 0.609375 0.03828125 0.03984375
0 0.08359375 0.43984375 0.0234375 0.0234375
0 0.45859375 0.659375 0.0296875 0.03671875
0 0.475 0.43203125 0.025 0.0296875
0 0.43125 0.49921875 0.025 0.0328125
0 0.478125 0.4734375 0.02578125 0.03125
0 0.4125 0.4265625 0.01953125 0.02734375
0 0.33125 0.59765625 0.034375 0.0390625
0 0.25859375 0.625 0.0296875 0.028125
0 0.49140625 0.56171875 0.0359375 0.0359375
0 0.2859375 0.5328125 0.03359375 0.03046875
0 0.29296875 0.63359375 0.0359375 0.0359375
0 0.34140625 0.5703125 0.0328125 0.028125
0 0.5671875 0.403125 0.02265625 0.02421875
0 0.4734375 0.546875 0.02890625 0.028125
0 0.6078125 0.3859375 0.01875 0.021875
0 0.625 0.428125 0.01875 0.02109375
0 0.71015625 0.596875 0.0265625 0.03203125
0 0.74375 0.596875 0.04375 0.040625
0 0.9875 0.40625 0.01953125 0.02734375
0 0.7234375 0.44140625 0.02109375 0.0203125