0 0.44375 0.4046875 0.0375 0.0515625
0 0.553125 0.25390625 0.0265625 0.0390625
0 0.6078125 0.55625 0.0296875 0.0390625
0 0.571875 0.18203125 0.028125 0.0453125
0 0.35078125 0.33046875 0.03125 0.04375
0 0.59375 0.378125 0.03125 0.0421875
0 0.38515625 0.0203125 0.0234375 0.028125
0 0.35703125 0.084375 0.025 0.0375
0 0.16796875 0.57890625 0.053125 0.075
0 0.703125 0.4296875 0.021875 0.034375
0 0.5078125 0.096875 0.0375 0.0375
0 0.61640625 0.2265625 0.028125 0.028125
0 0.33828125 0.12734375 0.028125 0.0375