0 0.26171875 0.359375 0.034375 0.0390625
0 0.29765625 0.2890625 0.0296875 0.0328125
0 0.9265625 0.40390625 0.0390625 0.040625
0 0.84765625 0.59375 0.0390625 0.04375
0 0.8515625 0.51015625 0.0390625 0.0390625
0 0.65234375 0.45546875 0.0359375 0.040625
0 0.41484375 0.31171875 0.028125 0.0296875
0 0.00859375 0.46640625 0.0171875 0.0390625
0 0.1984375 0.321875 0.0328125 0.034375
0 0.725 0.56328125 0.0453125 0.0515625
0 0.99765625 0.37109375 0.0046875 0.0359375
0 0.515625 0.3765625 0.0359375 0.0328125
0 0.87265625 0.4296875 0.025 0.0265625
0 0.8125 0.39140625 0.03125 0.0328125
0 0.68515625 0.35625 0.034375 0.0375
0 0.1953125 0.50703125 0.0265625 0.0296875
0 0.38046875 0.37578125 0.03125 0.0359375
0 0.47578125 0.3578125 0.03125 0.0296875
0 0.98515625 0.5546875 0.0265625 0.040625
0 0.73671875 0.48515625 0.034375 0.0421875
0 0.2984375 0.3765625 0.028125 0.0328125
0 0.93203125 0.6015625 0.046875 0.04375
0 0.971875 0.48671875 0.040625 0.0375
0 0.12578125 0.2984375 0.0328125 0.0359375
0 0.1 0.3234375 0.0375 0.034375
0 0.51328125 0.475 0.0390625 0.0375
0 0.2390625 0.428125 0.034375 0.0375
0 0.171875 0.26640625 0.0296875 0.0265625
0 0.4921875 0.35234375 0.028125 0.0296875
0 0.625 0.30703125 0.021875 0.025
0 0.590625 0.29921875 0.0203125 0.01875
0 0.66640625 0.32734375 0.0203125 0.0203125
0 0.76875 0.4734375 0.0390625 0.0390625