0 0.24453125 0.478125 0.0375 0.0359375
0 0.75078125 0.4703125 0.0375 0.040625
0 0.353125 0.41015625 0.025 0.0328125
0 0.18359375 0.50625 0.034375 0.0375
0 0.546875 0.525 0.0359375 0.04375
0 0.846875 0.4796875 0.0453125 0.04375
0 0.09453125 0.4734375 0.0265625 0.0265625
0 0.778125 0.5375 0.04375 0.0453125
0 0.575 0.52890625 0.034375 0.04375
0 0.59921875 0.4859375 0.0390625 0.0375
0 0.47890625 0.409375 0.028125 0.03125
0 0.95859375 0.38359375 0.0234375 0.025
0 0.6578125 0.3484375 0.01875 0.021875
0 0.78984375 0.51953125 0.04375 0.0453125
0 0.26640625 0.42578125 0.021875 0.0265625
0 0.32734375 0.3828125 0.0203125 0.01875
0 0.21953125 0.55859375 0.0203125 0.0234375
0 0.06875 0.5125 0.025 0.025
0 0.06328125 0.47109375 0.0203125 0.0203125
0 0.55703125 0.36875 0.015625 0.015625