0 0.82578125 0.70078125 0.0359375 0.0453125
0 0.765625 0.640625 0.040625 0.04765625
0 0.025 0.53359375 0.02890625 0.0359375
0 0.328125 0.5234375 0.02890625 0.03203125
0 0.975 0.45546875 0.02578125 0.0265625
0 0.2421875 0.44140625 0.02265625 0.0296875
0 0.26875 0.58125 0.03671875 0.03984375
0 0.7328125 0.45390625 0.02421875 0.0328125
0 0.89609375 0.55078125 0.0296875 0.0328125
0 0.0546875 0.5578125 0.03359375 0.03671875
0 0.1140625 0.6203125 0.0375 0.03671875
0 0.375 0.4171875 0.021875 0.028125
0 0.9078125 0.45234375 0.02890625 0.0296875
0 0.60625 0.4078125 0.01796875 0.021875
0 0.8125 0.48671875 0.028125 0.0296875
0 0.75078125 0.48984375 0.0265625 0.0296875
0 0.521875 0.409375 0.01640625 0.02109375
0 0.5796875 0.3828125 0.015625 0.021875
0 0.884375 0.6 0.025 0.028125
0 0.9421875 0.575 0.03125 0.03515625