0 0.03359375 0.2953125 0.0171875 0.040625
0 0.11484375 0.3375 0.0375 0.0359375
0 0.13828125 0.346875 0.0296875 0.0328125
0 0.240625 0.39296875 0.046875 0.046875
0 0.2921875 0.37578125 0.0296875 0.034375
0 0.2828125 0.3203125 0.0328125 0.0359375
0 0.40390625 0.35546875 0.03125 0.0328125
0 0.6359375 0.3578125 0.025 0.0296875
0 0.6734375 0.334375 0.021875 0.028125
0 0.80625 0.48984375 0.0328125 0.0375
0 0.98359375 0.58984375 0.0203125 0.028125
0 0.92421875 0.68671875 0.040625 0.0453125
0 0.815625 0.67109375 0.046875 0.053125
0 0.72421875 0.63671875 0.05 0.05625
0 0.7640625 0.56015625 0.0359375 0.0390625
0 0.640625 0.56171875 0.040625 0.04375
0 0.6296875 0.52734375 0.04375 0.0390625
0 0.60703125 0.43984375 0.0296875 0.0328125
0 0.5984375 0.45 0.0328125 0.0359375
0 0.515625 0.5015625 0.0328125 0.034375
0 0.540625 0.596875 0.0421875 0.040625
0 0.3765625 0.6015625 0.0421875 0.0390625