0 0.203125 0.50703125 0.08125 0.0890625
0 0.64609375 0.2421875 0.075 0.0859375
0 0.5296875 0.35390625 0.078125 0.078125
0 0.35390625 0.1765625 0.05 0.053125
0 0.3453125 0.0265625 0.0296875 0.0125
0 0.0203125 0.4296875 0.040625 0.0625
0 0.39765625 0.17734375 0.0453125 0.05625
0 0.85703125 0.27109375 0.084375 0.08125
0 0.71328125 0.3171875 0.0828125 0.0875
0 0.46640625 0.49609375 0.0703125 0.078125
0 0.01328125 0.54140625 0.0265625 0.0671875
0 0.753125 0.45390625 0.103125 0.0984375
0 0.79921875 0.1515625 0.075 0.0734375
0 0.06484375 0.59921875 0.0890625 0.08125
0 0.5609375 0.01484375 0.034375 0.0296875