0 0.8078125 0.4484375 0.1 0.1140625
0 0.96640625 0.4390625 0.0671875 0.10625
0 0.05703125 0.64609375 0.1140625 0.1203125
0 0.4671875 0.665625 0.1171875 0.121875
0 0.325 0.27890625 0.0859375 0.103125
0 0.20625 0.4578125 0.1015625 0.1140625
0 0.0765625 0.23828125 0.0734375 0.084375
0 0.85546875 0.57734375 0.1296875 0.125
0 0.2234375 0.2671875 0.078125 0.0859375
0 0.1359375 0.365625 0.0734375 0.0765625
0 0.5328125 0.5515625 0.1140625 0.1015625
0 0.0796875 0.33828125 0.1078125 0.1046875
0 0.246875 0.34375 0.0953125 0.09375