0 0.43828125 0.4296875 0.0515625 0.071875
0 0.0796875 0.31328125 0.0453125 0.0453125
0 0.64765625 0.52734375 0.05625 0.075
0 0.31796875 0.234375 0.03125 0.0375
0 0.4296875 0.16171875 0.0328125 0.0375
0 0.01875 0.30859375 0.0203125 0.0375
0 0.21171875 0.3140625 0.0390625 0.0375
0 0.128125 0.36328125 0.04375 0.046875
0 0.3796875 0.20078125 0.03125 0.0359375
0 0.34765625 0.26484375 0.025 0.0359375
0 0.5890625 0.50078125 0.0671875 0.090625
0 0.20546875 0.34375 0.040625 0.0484375
0 0.43515625 0.2015625 0.028125 0.0328125
0 0.3078125 0.31171875 0.0375 0.0390625
0 0.2890625 0.26875 0.0296875 0.0375
0 0.41484375 0.228125 0.0328125 0.034375
0 0.56328125 0.12578125 0.025 0.0265625