0 0.10859375 0.209375 0.028125 0.0296875
0 0.059375 0.2609375 0.034375 0.04375
0 0.2109375 0.190625 0.040625 0.0453125
0 0.20546875 0.55859375 0.05625 0.06875
0 0.22578125 0.4859375 0.046875 0.05625
0 0.32421875 0.375 0.046875 0.053125
0 0.3890625 0.46328125 0.065625 0.059375
0 0.41171875 0.53203125 0.0640625 0.071875
0 0.69921875 0.63984375 0.0859375 0.075
0 0.73125 0.371875 0.065625 0.08125
0 0.81875 0.27734375 0.0484375 0.0609375
0 0.96796875 0.70859375 0.0640625 0.1046875
0 0.98671875 0.46171875 0.0265625 0.1125
0 0.50625 0.1140625 0.034375 0.0453125
0 0.0171875 0.7203125 0.028125 0.0578125