0 0.05 0.2703125 0.028125 0.03515625
0 0.03828125 0.303125 0.0359375 0.03359375
0 0.0796875 0.271875 0.03359375 0.03359375
0 0.14609375 0.2015625 0.0296875 0.02578125
0 0.209375 0.18359375 0.03359375 0.0359375
0 0.240625 0.2015625 0.03046875 0.040625
0 0.55234375 0.01328125 0.0265625 0.0265625
0 0.621875 0.02578125 0.025 0.0390625
0 0.1125 0.33671875 0.03984375 0.0453125
0 0.16875 0.2515625 0.04140625 0.03125
0 0.25625 0.296875 0.03125 0.034375
0 0.175 0.446875 0.053125 0.065625
0 0.36484375 0.29375 0.0546875 0.06328125
0 0.03359375 0.690625 0.0671875 0.05859375
0 0.37578125 0.3921875 0.0421875 0.05390625
0 0.33828125 0.45390625 0.0515625 0.0546875
0 0.3859375 0.615625 0.071875 0.08125
0 0.55625 0.38515625 0.05078125 0.0609375
0 0.8671875 0.37109375 0.0375 0.0453125
0 0.7421875 0.8640625 0.09140625 0.1