0 0.03125 0.2796875 0.02421875 0.03359375
0 0.1296875 0.2625 0.02890625 0.028125
0 0.05078125 0.2734375 0.0390625 0.03359375
0 0.00625 0.3 0.0125 0.03125
0 0.1203125 0.2953125 0.03359375 0.03671875
0 0.0453125 0.3796875 0.03828125 0.04453125
0 0.265625 0.2953125 0.03515625 0.04609375
0 0.309375 0.278125 0.03515625 0.03828125
0 0.39375 0.284375 0.03671875 0.04296875
0 0.4109375 0.36875 0.06484375 0.071875
0 0.89375 0.56953125 0.11484375 0.0984375
0 0.9765625 0.5359375 0.046875 0.09375
0 0.05 0.4890625 0.075 0.06796875