0 0.79453125 0.4703125 0.0296875 0.028125
0 0.14765625 0.42734375 0.0359375 0.034375
0 0.50859375 0.45625 0.0328125 0.0359375
0 0.871875 0.52265625 0.0375 0.034375
0 0.3859375 0.41015625 0.03125 0.03125
0 0.34453125 0.40859375 0.025 0.0296875
0 0.08046875 0.55234375 0.0390625 0.0421875
0 0.2828125 0.45234375 0.025 0.03125
0 0.990625 0.53671875 0.01875 0.0296875
0 0.19296875 0.4609375 0.0328125 0.0296875
0 0.21796875 0.478125 0.028125 0.03125
0 0.88828125 0.47265625 0.03125 0.034375
0 0.02265625 0.34609375 0.015625 0.025
0 0.1796875 0.35625 0.0234375 0.0234375
0 0.5484375 0.390625 0.0203125 0.025
0 0.896875 0.50234375 0.0328125 0.0359375
0 0.984375 0.4828125 0.03125 0.034375
0 0.91640625 0.45078125 0.0203125 0.028125
0 0.56171875 0.43046875 0.0203125 0.0203125
0 0.6640625 0.50390625 0.021875 0.021875