0 0.71640625 0.66796875 0.109375 0.109375
0 0.25859375 0.3375 0.0703125 0.096875
0 0.73828125 0.38984375 0.08125 0.0984375
0 0.82265625 0.3296875 0.06875 0.078125
0 0.19453125 0.41640625 0.0828125 0.103125
0 0.140625 0.33828125 0.059375 0.071875
0 0.00859375 0.35390625 0.0171875 0.0734375
0 0.41796875 0.48515625 0.1015625 0.0984375
0 0.240625 0.5671875 0.1046875 0.096875
0 0.56875 0.765625 0.1046875 0.0859375
0 0.98046875 0.33984375 0.03125 0.1
0 0.95546875 0.33828125 0.05625 0.0625
0 0.06796875 0.4703125 0.059375 0.0578125
0 0.0359375 0.43671875 0.071875 0.0859375