0 0.0171875 0.1671875 0.034375 0.04921875
0 0.15625 0.234375 0.05 0.05
0 0.934375 0.0515625 0.021875 0.03671875
0 0.9109375 0.0640625 0.04296875 0.053125
0 0.97734375 0.25390625 0.0453125 0.0578125
0 0.9296875 0.2546875 0.05390625 0.06171875
0 0.98125 0.3203125 0.0375 0.06796875
0 0.8953125 0.3328125 0.06875 0.07734375
0 0.9015625 0.36875 0.05390625 0.05625
0 0.9140625 0.559375 0.065625 0.071875
0 0.6484375 0.3140625 0.04375 0.04375
0 0.6234375 0.440625 0.04765625 0.053125
0 0.7046875 0.4453125 0.06875 0.0625
0 0.5203125 0.36953125 0.06171875 0.0734375
0 0.97890625 0.028125 0.0421875 0.04296875