0 0.48984375 0.203125 0.0296875 0.03984375
0 0.5765625 0.3234375 0.03515625 0.04375
0 0.5125 0.3671875 0.03671875 0.04453125
0 0.134375 0.578125 0.06328125 0.06171875
0 0.18046875 0.6125 0.0484375 0.05625
0 0.2125 0.4703125 0.05234375 0.05078125
0 0.31015625 0.584375 0.0578125 0.05859375
0 0.4078125 0.55703125 0.05859375 0.0578125
0 0.50078125 0.63515625 0.0546875 0.0546875
0 0.61640625 0.69375 0.0765625 0.078125
0 0.6578125 0.5609375 0.06796875 0.059375
0 0.6625 0.4765625 0.05703125 0.06953125
0 0.97109375 0.47890625 0.0578125 0.0703125