0 0.53125 0.23359375 0.04375 0.05625
0 0.646875 0.2953125 0.0484375 0.05
0 0.84375 0.3703125 0.0625 0.078125
0 0.91796875 0.62734375 0.1 0.0859375
0 0.62734375 0.43984375 0.0734375 0.0609375
0 0.4515625 0.40234375 0.0515625 0.05
0 0.3828125 0.46640625 0.053125 0.0578125
0 0.34296875 0.49765625 0.059375 0.0609375
0 0.37578125 0.19453125 0.04375 0.0546875
0 0.296875 0.22421875 0.0390625 0.05
0 0.3453125 0.2984375 0.0515625 0.053125
0 0.21484375 0.303125 0.04375 0.046875
0 0.27109375 0.40859375 0.04375 0.04375
0 0.01640625 0.45078125 0.03125 0.059375
0 0.0078125 0.59609375 0.015625 0.0640625
0 0.37890625 0.25625 0.040625 0.0546875