0 0.9078125 0.5625 0.06171875 0.07109375
0 0.6828125 0.025 0.0375 0.05
0 0.79453125 0.021875 0.0484375 0.04375
0 0.2296875 0.4125 0.05703125 0.05546875
0 0.4953125 0.165625 0.03515625 0.046875
0 0.3578125 0.3375 0.05390625 0.06171875
0 0.37734375 0.446875 0.0640625 0.06796875
0 0.0390625 0.4734375 0.05234375 0.046875
0 0.73046875 0.08203125 0.0515625 0.0546875
0 0.571875 0.090625 0.04453125 0.04765625
0 0.5328125 0.1359375 0.03828125 0.04140625
0 0.3421875 0.6671875 0.090625 0.075
0 0.19375 0.67109375 0.07890625 0.0890625
0 0.3578125 0.89296875 0.096875 0.0953125
0 0.428125 0.25 0.04296875 0.05703125
0 0.5734375 0.28125 0.06484375 0.06796875
0 0.6 0.0890625 0.034375 0.0375
0 0.38359375 0.415625 0.0546875 0.04453125