0 0.2234375 0.509375 0.140625 0.121875
0 0.28203125 0.30234375 0.08125 0.0890625
0 0.3984375 0.328125 0.075 0.0734375
0 0.39140625 0.3734375 0.0984375 0.10625
0 0.51484375 0.49296875 0.109375 0.1171875
0 0.4609375 0.1296875 0.071875 0.084375
0 0.61796875 0.14765625 0.0671875 0.06875
0 0.71875 0.16328125 0.06875 0.08125
0 0.80625 0.509375 0.09375 0.103125
0 0.878125 0.2328125 0.05625 0.0546875
0 0.9203125 0.29296875 0.08125 0.0890625
0 0.96015625 0.2109375 0.05625 0.0546875
0 0.90234375 0.7515625 0.0828125 0.084375