0 0.11015625 0.528125 0.0609375 0.05078125
0 0.1625 0.55 0.0625 0.05703125
0 0.26015625 0.346875 0.0421875 0.05
0 0.2640625 0.44375 0.03984375 0.04375
0 0.33984375 0.4484375 0.0484375 0.05859375
0 0.4015625 0.44140625 0.04296875 0.0453125
0 0.425 0.6890625 0.04765625 0.06328125
0 0.546875 0.421875 0.040625 0.06015625
0 0.55078125 0.56796875 0.0640625 0.0765625
0 0.67578125 0.33515625 0.0484375 0.0515625
0 0.7140625 0.44609375 0.05390625 0.0515625
0 0.9828125 0.3171875 0.03359375 0.05625
0 0.953125 0.36484375 0.05703125 0.0671875
0 0.96875 0.440625 0.0625 0.06015625
0 0.86328125 0.703125 0.0921875 0.07578125
0 0.9390625 0.6125 0.08046875 0.06953125