0 0.0171875 0.3671875 0.03359375 0.0375
0 0.0265625 0.340625 0.04296875 0.02734375
0 0.05625 0.31640625 0.028125 0.0296875
0 0.0859375 0.3265625 0.03359375 0.0375
0 0.0484375 0.3703125 0.03359375 0.03671875
0 0.14296875 0.3390625 0.0359375 0.04375
0 0.15 0.2921875 0.03203125 0.03828125
0 0.2296875 0.30625 0.03203125 0.03671875
0 0.246875 0.34140625 0.034375 0.0421875
0 0.346875 0.3328125 0.0375 0.03671875
0 0.29453125 0.2546875 0.0296875 0.03671875
0 0.353125 0.25078125 0.03125 0.0296875
0 0.38828125 0.253125 0.0296875 0.040625
0 0.42109375 0.24375 0.0265625 0.03515625
0 0.434375 0.18515625 0.02421875 0.0359375
0 0.496875 0.146875 0.02265625 0.034375
0 0.625 0.4828125 0.059375 0.06640625
0 0.975 0.50703125 0.05 0.1109375