0 0.246875 0.35078125 0.0375 0.0421875
0 0.5765625 0.40390625 0.0390625 0.040625
0 0.95 0.4625 0.0375 0.0421875
0 0.76015625 0.28984375 0.03125 0.03125
0 0.71328125 0.42265625 0.0328125 0.0390625
0 0.45078125 0.425 0.040625 0.0453125
0 0.4765625 0.40625 0.040625 0.0453125
0 0.896875 0.4609375 0.0375 0.0375
0 0.48046875 0.31328125 0.0296875 0.034375
0 0.07109375 0.21796875 0.03125 0.0359375
0 0.1875 0.23984375 0.03125 0.0375
0 0.5671875 0.35703125 0.028125 0.03125
0 0.36484375 0.321875 0.0375 0.0390625
0 0.8375 0.47109375 0.0296875 0.03125
0 0.3765625 0.27421875 0.03125 0.0359375
0 0.35625 0.2328125 0.021875 0.025
0 0.27265625 0.25390625 0.0234375 0.0265625
0 0.19921875 0.3734375 0.0390625 0.0390625
0 0.4140625 0.44609375 0.0359375 0.0359375
0 0.66796875 0.321875 0.0203125 0.025
0 0.5703125 0.30078125 0.0171875 0.0171875