0 0.98515625 0.5171875 0.0296875 0.0375
0 0.89765625 0.46953125 0.0265625 0.03125
0 0.9421875 0.45390625 0.025 0.0296875
0 0.99140625 0.5484375 0.0171875 0.03125
0 0.85703125 0.4859375 0.021875 0.021875
0 0.79921875 0.57578125 0.0359375 0.0375
0 0.73671875 0.60625 0.0375 0.040625
0 0.7140625 0.6640625 0.0484375 0.0546875
0 0.76171875 0.7484375 0.0453125 0.0484375
0 0.5953125 0.5828125 0.040625 0.040625
0 0.5234375 0.60625 0.0375 0.0421875
0 0.525 0.5546875 0.034375 0.0390625
0 0.60390625 0.52578125 0.034375 0.0359375
0 0.603125 0.4890625 0.03125 0.034375
0 0.6234375 0.48203125 0.028125 0.0328125
0 0.58046875 0.42265625 0.021875 0.0234375
0 0.5578125 0.396875 0.0234375 0.0265625
0 0.496875 0.4140625 0.01875 0.021875
0 0.5203125 0.446875 0.0296875 0.0328125
0 0.390625 0.45078125 0.034375 0.0390625
0 0.35390625 0.39765625 0.028125 0.034375
0 0.40078125 0.5328125 0.0390625 0.040625
0 0.3578125 0.571875 0.0359375 0.0375
0 0.29140625 0.465625 0.034375 0.0359375
0 0.253125 0.415625 0.0328125 0.034375
0 0.21796875 0.40078125 0.0296875 0.0328125
0 0.209375 0.43515625 0.03125 0.034375
0 0.209375 0.49609375 0.0390625 0.0421875
0 0.1453125 0.4765625 0.0421875 0.0421875
0 0.1125 0.54921875 0.034375 0.0375
0 0.0859375 0.58203125 0.03125 0.034375