0 0.3953125 0.2703125 0.03125 0.0421875
0 0.50390625 0.53828125 0.084375 0.1
0 0.484375 0.22734375 0.0375 0.040625
0 0.25 0.32890625 0.05 0.0578125
0 0.16015625 0.29453125 0.04375 0.0453125
0 0.56484375 0.2484375 0.0359375 0.04375
0 0.578125 0.33359375 0.046875 0.0609375
0 0.03046875 0.2875 0.03125 0.0359375
0 0.6578125 0.4484375 0.0453125 0.0484375
0 0.69609375 0.5859375 0.0875 0.1015625
0 0.64296875 0.20078125 0.0359375 0.0453125
0 0.30859375 0.29140625 0.0453125 0.05
0 0.15859375 0.3640625 0.0484375 0.046875
0 0.653125 0.1421875 0.03125 0.0453125