0 0.0640625 0.4578125 0.02265625 0.02890625
0 0.103125 0.453125 0.01953125 0.021875
0 0.05625 0.63125 0.03359375 0.02890625
0 0.071875 0.55625 0.028125 0.02578125
0 0.1234375 0.609375 0.034375 0.03359375
0 0.2703125 0.4515625 0.02265625 0.02890625
0 0.240625 0.4984375 0.02734375 0.03125
0 0.225 0.53046875 0.02578125 0.0359375
0 0.2703125 0.5578125 0.028125 0.02734375
0 0.26796875 0.5828125 0.0296875 0.03046875
0 0.425 0.44453125 0.01875 0.0265625
0 0.4140625 0.521875 0.028125 0.034375
0 0.4890625 0.4453125 0.021875 0.02890625
0 0.57265625 0.425 0.0234375 0.02578125
0 0.6203125 0.4 0.01796875 0.02265625
0 0.65390625 0.434375 0.0171875 0.021875
0 0.73515625 0.4578125 0.0203125 0.01953125
0 0.925 0.4828125 0.03359375 0.02734375
0 0.984375 0.621875 0.03125 0.03359375
0 0.86796875 0.5796875 0.0296875 0.03515625
0 0.7765625 0.64453125 0.034375 0.0359375
0 0.696875 0.5578125 0.02890625 0.034375
0 0.6421875 0.6046875 0.03359375 0.03671875
0 0.621875 0.615625 0.02421875 0.02734375
0 0.5578125 0.5296875 0.02578125 0.03359375
0 0.53125 0.646875 0.04453125 0.04140625
0 0.5125 0.5984375 0.02578125 0.028125