0 0.11015625 0.62109375 0.0765625 0.0671875
0 0.1296875 0.51484375 0.046875 0.046875
0 0.12421875 0.4046875 0.0484375 0.0546875
0 0.23046875 0.5046875 0.0578125 0.0640625
0 0.296875 0.4796875 0.046875 0.0515625
0 0.25703125 0.55859375 0.053125 0.0546875
0 0.29921875 0.5875 0.071875 0.06875
0 0.4171875 0.446875 0.0515625 0.0640625
0 0.4734375 0.33046875 0.0484375 0.0515625
0 0.5515625 0.4171875 0.05 0.05625
0 0.4703125 0.7015625 0.0546875 0.071875
0 0.684375 0.575 0.078125 0.0875
0 0.7484375 0.3578125 0.059375 0.059375
0 0.74296875 0.453125 0.0640625 0.0625
0 0.80390625 0.29765625 0.05625 0.06875
0 0.94609375 0.25078125 0.053125 0.0609375
0 0.9421875 0.365625 0.0765625 0.0703125