0 0.04921875 0.15703125 0.0171875 0.040625
0 0.07265625 0.1625 0.04375 0.04375
0 0.15859375 0.09453125 0.0375 0.0328125
0 0.23203125 0.08359375 0.04375 0.0453125
0 0.26484375 0.10859375 0.040625 0.05
0 0.09921875 0.23984375 0.0515625 0.0578125
0 0.17734375 0.15390625 0.0515625 0.040625
0 0.2671875 0.21875 0.040625 0.04375
0 0.15234375 0.37421875 0.0703125 0.08125
0 0.38984375 0.2328125 0.071875 0.0796875
0 0.38671875 0.3453125 0.05625 0.0671875
0 0.334375 0.4078125 0.0671875 0.06875
0 0.3625 0.59765625 0.09375 0.103125
0 0.590625 0.36484375 0.0671875 0.0765625
0 0.9421875 0.39765625 0.0484375 0.05625
0 0.72421875 0.93203125 0.11875 0.1265625