0 0.4203125 0.0890625 0.02890625 0.0375
0 0.190625 0.5546875 0.065625 0.05625
0 0.26953125 0.41953125 0.0453125 0.0578125
0 0.278125 0.38828125 0.04609375 0.0390625
0 0.2640625 0.246875 0.03828125 0.05234375
0 0.3609375 0.265625 0.0375 0.046875
0 0.390625 0.515625 0.06171875 0.065625
0 0.425 0.659375 0.053125 0.07421875
0 0.39296875 0.68125 0.0734375 0.084375
0 0.4953125 0.55 0.04140625 0.05
0 0.49375 0.3328125 0.05 0.06015625
0 0.5515625 0.35859375 0.04140625 0.0421875
0 0.58359375 0.6578125 0.0515625 0.06796875
0 0.6984375 0.49921875 0.0625 0.0671875
0 0.69609375 0.66328125 0.0765625 0.0828125
0 0.9796875 0.240625 0.040625 0.05546875
0 0.94296875 0.31640625 0.0609375 0.0671875
0 0.921875 0.5640625 0.071875 0.090625