0 0.80390625 0.08046875 0.0390625 0.04375
0 0.41015625 0.1453125 0.0453125 0.046875
0 0.184375 0.15390625 0.0328125 0.0390625
0 0.84296875 0.3453125 0.0625 0.0640625
0 0.28984375 0.203125 0.0390625 0.0421875
0 0.6625 0.121875 0.0390625 0.040625
0 0.715625 0.17421875 0.04375 0.0484375
0 0.11484375 0.17890625 0.0328125 0.0328125
0 0.121875 0.265625 0.046875 0.0421875
0 0.2046875 0.2453125 0.0390625 0.0375
0 0.44375 0.10078125 0.0359375 0.0359375
0 0.7171875 0.06796875 0.0265625 0.034375
0 0.72734375 0.1203125 0.0296875 0.03125