0 0.01015625 0.4078125 0.0203125 0.040625
0 0.0203125 0.3453125 0.028125 0.0390625
0 0.08984375 0.36484375 0.040625 0.0390625
0 0.1546875 0.36484375 0.0390625 0.046875
0 0.196875 0.3203125 0.0296875 0.0390625
0 0.26015625 0.38515625 0.040625 0.0578125
0 0.26953125 0.26796875 0.03125 0.040625
0 0.33046875 0.315625 0.0359375 0.04375
0 0.325 0.2453125 0.034375 0.0328125
0 0.3671875 0.1890625 0.0265625 0.03125
0 0.36796875 0.259375 0.028125 0.03125
0 0.39296875 0.24375 0.0265625 0.03125
0 0.29140625 0.41015625 0.046875 0.0609375
0 0.3875 0.43515625 0.04375 0.0546875
0 0.48984375 0.37265625 0.0484375 0.0484375