0 0.49375 0.2953125 0.0375 0.05
0 0.6015625 0.346875 0.04140625 0.04375
0 0.784375 0.4046875 0.053125 0.06875
0 0.9796875 0.334375 0.040625 0.059375
0 0.8640625 0.63515625 0.0875 0.0734375
0 0.59140625 0.47890625 0.0640625 0.0515625
0 0.4296875 0.453125 0.04375 0.04296875
0 0.3703125 0.5140625 0.04609375 0.05
0 0.33515625 0.5453125 0.0515625 0.05234375
0 0.3515625 0.2671875 0.03671875 0.04765625
0 0.28046875 0.2984375 0.0328125 0.04375
0 0.328125 0.36328125 0.04453125 0.0453125
0 0.209375 0.3734375 0.03828125 0.040625
0 0.265625 0.4671875 0.03828125 0.03828125
0 0.02578125 0.5171875 0.0484375 0.05390625
0 0.02109375 0.6515625 0.0421875 0.05859375
0 0.35625 0.3234375 0.03515625 0.04765625