0 0.0578125 0.4078125 0.03671875 0.04609375
0 0.15234375 0.41640625 0.0421875 0.0453125
0 0.096875 0.4921875 0.04765625 0.05390625
0 0.16171875 0.5453125 0.0546875 0.05546875
0 0.1 0.640625 0.05 0.06171875
0 0.284375 0.44296875 0.03984375 0.0484375
0 0.41875 0.4625 0.05234375 0.04609375
0 0.5171875 0.4625 0.04609375 0.05546875
0 0.57109375 0.40703125 0.0453125 0.0421875
0 0.65234375 0.453125 0.0390625 0.04296875
0 0.4921875 0.15625 0.02578125 0.03515625
0 0.54296875 0.1203125 0.0234375 0.03515625