0 0.6796875 0.3484375 0.05390625 0.05703125
0 0.3515625 0.315625 0.04296875 0.05546875
0 0.553125 0.096875 0.02734375 0.03359375
0 0.6625 0.13125 0.025 0.03515625
0 0.253125 0.35 0.04375 0.05234375
0 0.56875 0.15 0.02421875 0.03046875
0 0.5484375 0.3359375 0.05078125 0.06875
0 0.8125 0.35234375 0.05625 0.0640625
0 0.62578125 0.27421875 0.0421875 0.0640625
0 0.15 0.2875 0.03125 0.03515625
0 0.20859375 0.2640625 0.0390625 0.05234375
0 0.2859375 0.26015625 0.03203125 0.0421875
0 0.46328125 0.31328125 0.0390625 0.0546875
0 0.0546875 0.32109375 0.034375 0.0421875
0 0.05625 0.4796875 0.06796875 0.06875
0 0.159375 0.253125 0.03125 0.034375
0 0.8375 0.3890625 0.0625 0.07109375
0 0.01484375 0.3453125 0.0296875 0.04375
0 0.2375 0.390625 0.04921875 0.05
0 0.97109375 0.58125 0.0578125 0.109375