0 0.0234375 0.4703125 0.03203125 0.03671875
0 0.9328125 0.6375 0.03125 0.03046875
0 0.4171875 0.3515625 0.02265625 0.028125
0 0.821875 0.378125 0.02578125 0.03125
0 0.665625 0.3625 0.028125 0.03125
0 0.68515625 0.5484375 0.0328125 0.03828125
0 0.30078125 0.34921875 0.0234375 0.0296875
0 0.70078125 0.44453125 0.0296875 0.0328125
0 0.1953125 0.3546875 0.02578125 0.025
0 0.703125 0.4234375 0.025 0.021875
0 0.71015625 0.40234375 0.0265625 0.0296875
0 0.6078125 0.3 0.01796875 0.01875
0 0.9765625 0.3234375 0.02578125 0.03203125