0 0.14609375 0.246875 0.0484375 0.05
0 0.43671875 0.13515625 0.0421875 0.05
0 0.63203125 0.33828125 0.071875 0.0875
0 0.271875 0.20234375 0.0421875 0.0515625
0 0.5609375 0.2078125 0.040625 0.05
0 0.9890625 0.54140625 0.021875 0.1265625
0 0.03828125 0.39375 0.046875 0.059375
0 0.41484375 0.18671875 0.040625 0.0546875
0 0.40703125 0.2453125 0.0546875 0.0578125
0 0.2125 0.32890625 0.0578125 0.0640625
0 0.2453125 0.2640625 0.05 0.0546875
0 0.3625 0.378125 0.0640625 0.075
0 0.1953125 0.3984375 0.053125 0.0609375
0 0.51953125 0.115625 0.0390625 0.04375
0 0.340625 0.2421875 0.0484375 0.0578125
0 0.01015625 0.37109375 0.0203125 0.0484375
0 0.6328125 0.01328125 0.0375 0.0265625
0 0.084375 0.32890625 0.0453125 0.0453125
0 0.32734375 0.2015625 0.0390625 0.040625
0 0.1640625 0.34140625 0.0375 0.0390625
0 0.2265625 0.30078125 0.0453125 0.0453125
0 0.28984375 0.27109375 0.05 0.05
0 0.528125 0.0953125 0.04375 0.04375