0 0.2328125 0.12265625 0.0390625 0.0375
0 0.1109375 0.21171875 0.0375 0.040625
0 0.19609375 0.16484375 0.0421875 0.053125
0 0.24453125 0.2390625 0.0421875 0.0546875
0 0.2046875 0.2765625 0.04375 0.05625
0 0.1046875 0.29453125 0.04375 0.0453125
0 0.3109375 0.17734375 0.040625 0.04375
0 0.034375 0.43984375 0.05 0.053125
0 0.171875 0.4109375 0.05625 0.0625
0 0.075 0.50234375 0.065625 0.0625
0 0.04453125 0.6625 0.053125 0.0796875
0 0.01484375 0.59140625 0.0265625 0.05625
0 0.77421875 0.37109375 0.0828125 0.08125
0 0.9203125 0.390625 0.078125 0.078125