0 0.3578125 0.4328125 0.0578125 0.0671875
0 0.28125 0.38125 0.06875 0.0703125
0 0.41953125 0.60234375 0.1015625 0.0984375
0 0.6859375 0.31640625 0.078125 0.08125
0 0.63203125 0.73671875 0.0875 0.0859375
0 0.72890625 0.21875 0.0640625 0.078125
0 0.26640625 0.48203125 0.0625 0.075
0 0.54453125 0.4421875 0.08125 0.084375
0 0.9515625 0.55703125 0.096875 0.1296875
0 0.18515625 0.5421875 0.059375 0.0671875
0 0.11640625 0.5546875 0.071875 0.0765625
0 0.14375 0.625 0.0875 0.0859375
0 0.23671875 0.6265625 0.0890625 0.0828125
0 0.39140625 0.5609375 0.078125 0.06875
0 0.59140625 0.29375 0.06875 0.078125