0 0.11171875 0.31484375 0.0453125 0.046875
0 0.0375 0.40078125 0.05625 0.0625
0 0.0953125 0.35703125 0.0625 0.0640625
0 0.1984375 0.40234375 0.053125 0.046875
0 0.13515625 0.46484375 0.0609375 0.0625
0 0.15 0.5328125 0.0703125 0.06875
0 0.36015625 0.5109375 0.0546875 0.053125
0 0.6046875 0.1484375 0.03125 0.034375
0 0.61328125 0.19609375 0.0375 0.0453125
0 0.621875 0.54609375 0.065625 0.053125
0 0.6140625 0.59375 0.078125 0.0765625
0 0.8859375 0.49765625 0.06875 0.0765625
0 0.903125 0.62265625 0.065625 0.075