0 0.2484375 0.10546875 0.0375 0.0375
0 0.5609375 0.08984375 0.04375 0.0515625
0 0.21015625 0.5609375 0.0625 0.071875
0 0.4765625 0.3203125 0.04375 0.0484375
0 0.4015625 0.39765625 0.0578125 0.065625
0 0.8375 0.2609375 0.0484375 0.0625
0 0.50546875 0.40625 0.0546875 0.053125
0 0.69921875 0.4609375 0.0625 0.0703125
0 0.60859375 0.2625 0.0484375 0.0515625
0 0.65703125 0.23515625 0.0515625 0.0625
0 0.7703125 0.2390625 0.0453125 0.0484375
0 0.9921875 0.1203125 0.015625 0.04375
0 0.98359375 0.415625 0.0328125 0.0625