0 0.26953125 0.590625 0.1140625 0.090625
0 0.2765625 0.3875 0.06171875 0.07109375
0 0.3890625 0.384375 0.06015625 0.05625
0 0.39375 0.42734375 0.07421875 0.0859375
0 0.534375 0.509375 0.08359375 0.09296875
0 0.4015625 0.1875 0.053125 0.06875
0 0.55 0.16796875 0.05234375 0.0546875
0 0.6453125 0.159375 0.05078125 0.065625
0 0.80546875 0.45703125 0.0703125 0.0828125
0 0.8078125 0.18671875 0.04375 0.0421875
0 0.8609375 0.2328125 0.0625 0.07109375
0 0.878125 0.14765625 0.04375 0.0421875
0 0.978125 0.28515625 0.04296875 0.0609375
0 0.95 0.6578125 0.06484375 0.065625