0 0.7921875 0.6421875 0.0875 0.103125
0 0.56953125 0.02109375 0.0328125 0.0359375
0 0.36015625 0.1296875 0.0359375 0.04375
0 0.36015625 0.196875 0.0359375 0.040625
0 0.53125 0.54296875 0.0796875 0.1
0 0.1984375 0.14765625 0.040625 0.0484375
0 0.6140625 0.0625 0.0375 0.0453125
0 0.61875 0.4140625 0.065625 0.0796875
0 0.83671875 0.96015625 0.1109375 0.0796875
0 0.603125 0.2046875 0.0375 0.040625
0 0.87421875 0.3859375 0.0734375 0.0765625
0 0.109375 0.259375 0.0484375 0.0546875
0 0.24296875 0.29765625 0.046875 0.065625
0 0.4640625 0.1109375 0.0390625 0.04375
0 0.98046875 0.2890625 0.0390625 0.059375
0 0.02421875 0.190625 0.0109375 0.0390625
0 0.65546875 0.01796875 0.034375 0.01875
0 0.40703125 0.2 0.0421875 0.0515625
0 0.5 0.01953125 0.03125 0.0390625
0 0.28046875 0.23515625 0.0328125 0.0421875
0 0.2953125 0.209375 0.0578125 0.05625
0 0.15390625 0.203125 0.0421875 0.046875
0 0.12109375 0.18046875 0.0359375 0.0390625
0 0.10078125 0.22421875 0.0375 0.0359375
0 0.228125 0.19609375 0.0375 0.040625
0 0.3609375 0.2375 0.0546875 0.0515625
0 0.3671875 0.16171875 0.0421875 0.0453125
0 0.628125 0.140625 0.0421875 0.046875
0 0.45625 0.15078125 0.0375 0.0484375
0 0.54375 0.1390625 0.0375 0.0375
0 0.55703125 0.13046875 0.0453125 0.0484375