0 0.125 0.2109375 0.02734375 0.028125
0 0.07578125 0.26015625 0.0328125 0.0421875
0 0.22421875 0.1953125 0.0390625 0.04296875
0 0.2125 0.5515625 0.05390625 0.065625
0 0.2328125 0.48125 0.04453125 0.05390625
0 0.33125 0.375 0.04453125 0.05078125
0 0.3921875 0.4625 0.06328125 0.05703125
0 0.4140625 0.5296875 0.06171875 0.06796875
0 0.690625 0.6390625 0.08203125 0.07109375
0 0.7265625 0.3796875 0.06328125 0.07734375
0 0.81328125 0.2890625 0.0453125 0.05859375
0 0.959375 0.7109375 0.07890625 0.1
0 0.98125 0.471875 0.0375 0.109375
0 0.51328125 0.125 0.0328125 0.04296875
0 0.0203125 0.70546875 0.040625 0.0578125