0 0.3875 0.46796875 0.04375 0.0578125
0 0.48984375 0.29921875 0.03125 0.04375
0 0.575 0.61328125 0.0359375 0.04375
0 0.50234375 0.221875 0.0328125 0.05
0 0.28359375 0.39921875 0.0359375 0.0484375
0 0.54375 0.42734375 0.0375 0.046875
0 0.290625 0.06796875 0.028125 0.03125
0 0.2671875 0.13828125 0.03125 0.040625
0 0.11328125 0.678125 0.0640625 0.0828125
0 0.6640625 0.47109375 0.025 0.0390625
0 0.4265625 0.1375 0.04375 0.04375
0 0.55390625 0.2640625 0.03125 0.03125
0 0.2515625 0.18515625 0.034375 0.04375