0 0.5140625 0.15625 0.0703125 0.0890625
0 0.39765625 0.14609375 0.0609375 0.0703125
0 0.946875 0.70703125 0.0703125 0.084375
0 0.61640625 0.27109375 0.0625 0.0734375
0 0.1046875 0.4734375 0.125 0.1234375
0 0.9890625 0.209375 0.021875 0.078125
0 0.76171875 0.3953125 0.0921875 0.115625
0 0.6421875 0.321875 0.078125 0.0921875
0 0.196875 0.1875 0.096875 0.09375
0 0.62890625 0.17578125 0.065625 0.065625
0 0.75625 0.17890625 0.0640625 0.0671875
0 0.69765625 0.29765625 0.0609375 0.0765625
0 0.52265625 0.45546875 0.0828125 0.103125