0 0.06484375 0.3984375 0.0390625 0.03984375
0 0.190625 0.32734375 0.03515625 0.0484375
0 0.2078125 0.5421875 0.05390625 0.07109375
0 0.3328125 0.5125 0.053125 0.05390625
0 0.3734375 0.46328125 0.046875 0.0578125
0 0.453125 0.38984375 0.04921875 0.0515625
0 0.4546875 0.45625 0.015625 0.03359375
0 0.50703125 0.03359375 0.0234375 0.0296875
0 0.7859375 0.39765625 0.05234375 0.0515625
0 0.79921875 0.5515625 0.0484375 0.05546875
0 0.55703125 0.465625 0.0546875 0.06875
0 0.83125 0.796875 0.10234375 0.10703125