0 0.04609375 0.29765625 0.0359375 0.046875
0 0.06015625 0.26953125 0.0484375 0.0375
0 0.09765625 0.25 0.0390625 0.0390625
0 0.12734375 0.2671875 0.0453125 0.0484375
0 0.0765625 0.30703125 0.0453125 0.0484375
0 0.18828125 0.29453125 0.05 0.05625
0 0.2078125 0.2453125 0.04375 0.05
0 0.2921875 0.2796875 0.04375 0.0484375
0 0.30234375 0.321875 0.0484375 0.0546875
0 0.4140625 0.3359375 0.05 0.05
0 0.375 0.23671875 0.0421875 0.046875
0 0.440625 0.246875 0.040625 0.040625
0 0.47890625 0.25859375 0.0421875 0.0515625
0 0.51640625 0.25625 0.0375 0.0453125
0 0.5453125 0.19375 0.0359375 0.0453125
0 0.6234375 0.16640625 0.0328125 0.04375
0 0.68515625 0.56640625 0.08125 0.0875