0 0.7625 0.6125 0.11015625 0.13515625
0 0.2765625 0.2890625 0.04140625 0.040625
0 0.7578125 0.33515625 0.053125 0.0703125
0 0.4375 0.43125 0.065625 0.096875
0 0.534375 0.3203125 0.03359375 0.04296875
0 0.4859375 0.228125 0.02734375 0.03984375
0 0.81875 0.4140625 0.059375 0.06640625
0 0.2140625 0.3015625 0.03671875 0.04140625
0 0.8890625 0.4953125 0.09140625 0.109375
0 0.4796875 0.2984375 0.03203125 0.046875
0 0.965625 0.4671875 0.06875 0.0875
0 0.6359375 0.3421875 0.059375 0.08515625
0 0.01875 0.290625 0.03515625 0.03515625
0 0.1734375 0.35703125 0.03125 0.0328125
0 0.1609375 0.2515625 0.03359375 0.02890625
0 0.0421875 0.4875 0.06796875 0.06640625