0 0.159375 0.3125 0.0265625 0.0296875
0 0.02734375 0.35859375 0.0296875 0.0375
0 0.0125 0.50546875 0.025 0.0453125
0 0.35703125 0.58515625 0.0375 0.040625
0 0.44296875 0.57890625 0.0390625 0.0375
0 0.4484375 0.60703125 0.0484375 0.05625
0 0.33515625 0.3671875 0.0296875 0.0390625
0 0.45 0.3734375 0.034375 0.034375
0 0.47265625 0.41171875 0.028125 0.0328125
0 0.52890625 0.38671875 0.028125 0.0328125
0 0.56953125 0.3640625 0.025 0.028125
0 0.61015625 0.39921875 0.0234375 0.0265625
0 0.603125 0.4921875 0.0296875 0.034375
0 0.56015625 0.55078125 0.0328125 0.0296875
0 0.5609375 0.57578125 0.0359375 0.0359375
0 0.63515625 0.58984375 0.04375 0.0390625
0 0.76171875 0.57734375 0.040625 0.0484375
0 0.93984375 0.62734375 0.04375 0.046875
0 0.98515625 0.44375 0.025 0.034375