0 0.14765625 0.309375 0.021875 0.025
0 0.03046875 0.36953125 0.0328125 0.03125
0 0.01015625 0.39765625 0.0203125 0.0328125
0 0.00625 0.4140625 0.0125 0.034375
0 0.03671875 0.50625 0.03125 0.0390625
0 0.365625 0.5265625 0.03125 0.0328125
0 0.4421875 0.509375 0.0328125 0.03125
0 0.4515625 0.53359375 0.0390625 0.046875
0 0.3140625 0.33359375 0.0234375 0.034375
0 0.41953125 0.32265625 0.028125 0.028125
0 0.4453125 0.35390625 0.0234375 0.0265625
0 0.4921875 0.3234375 0.0234375 0.0265625
0 0.52578125 0.296875 0.0203125 0.0234375
0 0.56796875 0.3234375 0.01875 0.021875
0 0.57421875 0.4078125 0.0234375 0.0296875
0 0.54296875 0.4671875 0.0265625 0.025
0 0.5484375 0.4890625 0.0296875 0.0296875
0 0.61796875 0.4921875 0.0359375 0.03125
0 0.72890625 0.4625 0.0328125 0.040625
0 0.8984375 0.48203125 0.0359375 0.0375
0 0.91328125 0.309375 0.01875 0.0296875