0 0.11015625 0.340625 0.05 0.0578125
0 0.24921875 0.3515625 0.0625 0.0703125
0 0.49140625 0.71328125 0.10625 0.13125
0 0.92578125 0.62890625 0.0921875 0.09375
0 0.1984375 0.5640625 0.0859375 0.0890625
0 0.28359375 0.571875 0.06875 0.071875
0 0.42578125 0.46796875 0.0859375 0.1
0 0.640625 0.4421875 0.0890625 0.09375
0 0.49921875 0.45 0.0578125 0.0625
0 0.33671875 0.4125 0.0734375 0.075
0 0.484375 0.30390625 0.05625 0.06875
0 0.5734375 0.34609375 0.065625 0.071875
0 0.54453125 0.2734375 0.065625 0.071875
0 0.6046875 0.21953125 0.0609375 0.0625
0 0.60546875 0.115625 0.0609375 0.0625
0 0.78828125 0.071875 0.0640625 0.065625
0 0.88359375 0.0796875 0.05 0.0453125
0 0.7984375 0.0515625 0.040625 0.01875