0 0.07421875 0.39765625 0.0265625 0.03125
0 0.11328125 0.3984375 0.021875 0.025
0 0.0421875 0.56796875 0.0375 0.0328125
0 0.06796875 0.49609375 0.03125 0.0296875
0 0.11171875 0.55625 0.0390625 0.0375
0 0.27890625 0.4203125 0.0265625 0.03125
0 0.24375 0.4625 0.03125 0.034375
0 0.2234375 0.4921875 0.03125 0.0390625
0 0.26484375 0.525 0.03125 0.03125
0 0.25859375 0.55 0.034375 0.034375
0 0.43359375 0.434375 0.021875 0.0296875
0 0.41171875 0.509375 0.0328125 0.0375
0 0.496875 0.44453125 0.025 0.03125
0 0.58203125 0.4359375 0.0265625 0.028125
0 0.6328125 0.41796875 0.0203125 0.025
0 0.66171875 0.45625 0.0203125 0.0234375
0 0.7390625 0.490625 0.0234375 0.021875
0 0.9234375 0.5421875 0.0375 0.03125
0 0.9625 0.68828125 0.0359375 0.0375
0 0.853125 0.63046875 0.034375 0.0390625
0 0.75390625 0.68125 0.0390625 0.040625
0 0.68671875 0.584375 0.0328125 0.0375
0 0.6265625 0.6234375 0.0390625 0.040625
0 0.6046875 0.63125 0.028125 0.0296875
0 0.553125 0.5375 0.0296875 0.0375
0 0.51015625 0.65 0.05 0.046875
0 0.4984375 0.59921875 0.0296875 0.03125