0 0.0734375 0.41796875 0.03203125 0.0296875
0 0.096875 0.38984375 0.025 0.0265625
0 0.2203125 0.3921875 0.028125 0.03515625
0 0.3046875 0.3578125 0.02421875 0.02734375
0 0.340625 0.403125 0.02734375 0.02890625
0 0.35703125 0.40625 0.0140625 0.025
0 0.415625 0.3671875 0.02421875 0.02578125
0 0.62109375 0.334375 0.0171875 0.02265625
0 0.6359375 0.3609375 0.015625 0.01953125
0 0.24375 0.5828125 0.02890625 0.02890625
0 0.3875 0.51640625 0.02890625 0.0328125
0 0.403125 0.4890625 0.03359375 0.028125
0 0.47734375 0.425 0.0328125 0.034375
0 0.48125 0.4078125 0.02890625 0.025
0 0.5234375 0.490625 0.02578125 0.028125
0 0.55390625 0.5515625 0.0296875 0.03125
0 0.74765625 0.56875 0.0390625 0.04140625
0 0.74921875 0.5046875 0.0234375 0.02421875
0 0.76015625 0.4734375 0.0234375 0.028125
0 0.7578125 0.49375 0.02734375 0.02109375
0 0.7640625 0.42109375 0.02734375 0.0296875
0 0.775 0.40625 0.02578125 0.025
0 0.82734375 0.578125 0.0328125 0.040625
0 0.990625 0.37109375 0.01875 0.0296875
0 0.98828125 0.42265625 0.0234375 0.0296875
0 0.921875 0.578125 0.03671875 0.03671875
0 0.05859375 0.4015625 0.0296875 0.02734375