0 0.91875 0.578125 0.065625 0.075
0 0.7078125 0.02734375 0.0390625 0.040625
0 0.821875 0.02734375 0.05 0.034375
0 0.23203125 0.40078125 0.0609375 0.059375
0 0.5125 0.1578125 0.0375 0.0484375
0 0.36640625 0.32890625 0.0578125 0.065625
0 0.38203125 0.44140625 0.06875 0.071875
0 0.034375 0.45625 0.0546875 0.05
0 0.75546875 0.08125 0.0546875 0.0578125
0 0.59375 0.08515625 0.046875 0.05
0 0.55234375 0.1296875 0.040625 0.04375
0 0.3375 0.665625 0.0953125 0.0796875
0 0.1859375 0.6640625 0.084375 0.09375
0 0.3453125 0.89609375 0.103125 0.1015625
0 0.43984375 0.2421875 0.0453125 0.059375
0 0.5875 0.27890625 0.06875 0.071875
0 0.621875 0.08359375 0.0359375 0.0390625
0 0.3890625 0.41015625 0.0578125 0.046875