0 0.1015625 0.296875 0.03359375 0.03359375
0 0.5015625 0.62109375 0.04765625 0.0484375
0 0.7140625 0.6453125 0.053125 0.05234375
0 0.7578125 0.325 0.025 0.03203125
0 0.88125 0.3203125 0.02734375 0.03125
0 0.275 0.6734375 0.05 0.06015625
0 0.8953125 0.434375 0.0375 0.04765625
0 0.153125 0.1890625 0.025 0.034375
0 0.190625 0.40625 0.03671875 0.04140625
0 0.228125 0.3765625 0.03828125 0.03671875
0 0.8140625 0.5140625 0.04296875 0.05
0 0.33984375 0.33046875 0.0265625 0.0390625
0 0.6 0.4015625 0.02890625 0.03828125
0 0.409375 0.32734375 0.02890625 0.0296875
0 0.49296875 0.6890625 0.0515625 0.05703125
0 0.271875 0.5234375 0.04375 0.04765625
0 0.3484375 0.27734375 0.02421875 0.0296875
0 0.38125 0.3578125 0.03125 0.03046875
0 0.596875 0.3578125 0.03359375 0.03203125
0 0.4453125 0.38359375 0.02734375 0.0296875
0 0.8234375 0.3421875 0.02734375 0.03046875
0 0.6203125 0.32109375 0.03125 0.0296875
0 0.021875 0.29375 0.02265625 0.02734375
0 0.8140625 0.41875 0.028125 0.03046875
0 0.9015625 0.303125 0.02578125 0.03203125
0 0.1625 0.2390625 0.02421875 0.028125
0 0.3171875 0.28984375 0.02109375 0.0234375
0 0.303125 0.3546875 0.03125 0.02734375
0 0.4546875 0.265625 0.01875 0.01484375
0 0.52421875 0.29140625 0.0234375 0.0234375
0 0.58671875 0.334375 0.0234375 0.02890625
0 0.6265625 0.3921875 0.02734375 0.02890625
0 0.584375 0.44296875 0.0375 0.0390625
0 0.80234375 0.365625 0.0296875 0.03203125
0 0.859375 0.365625 0.03203125 0.03203125
0 0.96875 0.371875 0.02421875 0.02578125
0 0.99140625 0.45 0.0171875 0.03515625
0 0.87734375 0.41875 0.0296875 0.03203125
0 0.009375 0.303125 0.01875 0.028125