0 0.72265625 0.71640625 0.065625 0.0734375
0 0.75234375 0.42109375 0.040625 0.0421875
0 0.20390625 0.4953125 0.0578125 0.0546875
0 0.12578125 0.69453125 0.0578125 0.0546875
0 0.4171875 0.36015625 0.0359375 0.0421875
0 0.096875 0.26015625 0.04375 0.04375
0 0.53203125 0.66328125 0.0578125 0.065625
0 0.95859375 0.35 0.0375 0.0421875
0 0.75078125 0.62578125 0.0546875 0.059375
0 0.94375 0.64609375 0.053125 0.0578125
0 0.1078125 0.409375 0.04375 0.04375
0 0.9890625 0.51875 0.021875 0.046875
0 0.44609375 0.3046875 0.0328125 0.034375
0 0.1921875 0.1296875 0.03125 0.0359375
0 0.61484375 0.37734375 0.03125 0.0375
0 0.37578125 0.3015625 0.034375 0.04375
0 0.57890625 0.50625 0.0484375 0.0515625
0 0.38515625 0.38515625 0.0390625 0.046875
0 0.184375 0.22421875 0.03125 0.034375
0 0.6328125 0.3328125 0.03125 0.034375
0 0.82421875 0.33359375 0.03125 0.034375
0 0.86328125 0.38984375 0.0328125 0.040625
0 0.39296875 0.246875 0.03125 0.0328125
0 0.8015625 0.46015625 0.0375 0.0453125
0 0.04375 0.22890625 0.0359375 0.0296875
0 0.35703125 0.25625 0.0265625 0.0296875
0 0.415625 0.33515625 0.0375 0.0328125
0 0.59453125 0.25703125 0.028125 0.028125
0 0.65703125 0.31875 0.03125 0.034375
0 0.7765625 0.4140625 0.034375 0.0359375
0 0.80390625 0.3953125 0.0390625 0.0359375
0 0.8125 0.37421875 0.040625 0.034375
0 0.88203125 0.35625 0.03125 0.0359375
0 0.92109375 0.40625 0.03125 0.034375
0 0.86875 0.30859375 0.021875 0.0234375
0 0.96796875 0.33203125 0.0359375 0.03125