0 0.12578125 0.290625 0.053125 0.0484375
0 0.27265625 0.203125 0.040625 0.04375
0 0.3171875 0.171875 0.0359375 0.0390625
0 0.34609375 0.2421875 0.0375 0.0421875
0 0.37109375 0.1859375 0.0390625 0.040625
0 0.3890625 0.1453125 0.03125 0.040625
0 0.403125 0.11953125 0.0328125 0.04375
0 0.43359375 0.07421875 0.034375 0.0390625
0 0.46484375 0.08984375 0.03125 0.0359375
0 0.49765625 0.0796875 0.0296875 0.0328125
0 0.55859375 0.06953125 0.03125 0.03125
0 0.525 0.103125 0.03125 0.0421875
0 0.559375 0.115625 0.034375 0.0453125
0 0.528125 0.209375 0.0390625 0.046875
0 0.45234375 0.28125 0.034375 0.04375