0 0.525 0.33125 0.05703125 0.07109375
0 0.4734375 0.45234375 0.059375 0.0734375
0 0.359375 0.3328125 0.053125 0.071875
0 0.08125 0.09375 0.02890625 0.03203125
0 0.20390625 0.2609375 0.0484375 0.07109375
0 0.7203125 0.4890625 0.07578125 0.09453125
0 0.4375 0.3734375 0.040625 0.05
0 0.8875 0.41171875 0.065625 0.0765625
0 0.6921875 0.2453125 0.0625 0.08125
0 0.0390625 0.14609375 0.03046875 0.0296875
0 0.93203125 0.4171875 0.0359375 0.06171875
0 0.0328125 0.65 0.06171875 0.05625
0 0.45703125 0.0109375 0.0359375 0.021875