0 0.2484375 0.4234375 0.03125 0.0390625
0 0.084375 0.56015625 0.04375 0.046875
0 0.80625 0.528125 0.04375 0.0515625
0 0.521875 0.4265625 0.0328125 0.0359375
0 0.82109375 0.33125 0.0390625 0.040625
0 0.828125 0.43046875 0.0375 0.040625
0 0.6640625 0.50078125 0.04375 0.0421875
0 0.3328125 0.425 0.034375 0.0359375
0 0.240625 0.46328125 0.0390625 0.0390625
0 0.2796875 0.3921875 0.0328125 0.0375
0 0.96484375 0.43203125 0.04375 0.040625
0 0.5 0.4953125 0.0359375 0.0390625
0 0.4078125 0.37734375 0.028125 0.0328125
0 0.653125 0.390625 0.0390625 0.0390625
0 0.60234375 0.459375 0.040625 0.0390625
0 0.88671875 0.58046875 0.0421875 0.0515625
0 0.4109375 0.4390625 0.0359375 0.0359375
0 0.35546875 0.54765625 0.040625 0.0421875
0 0.6203125 0.490625 0.0359375 0.0421875
0 0.65234375 0.33046875 0.025 0.025
0 0.61640625 0.3 0.0203125 0.028125
0 0.16953125 0.3953125 0.0296875 0.0265625
0 0.053125 0.65078125 0.028125 0.0296875
0 0.44140625 0.44453125 0.0296875 0.03125
0 0.6078125 0.38203125 0.034375 0.0359375
0 0.8828125 0.3765625 0.021875 0.025
0 0.9578125 0.33125 0.0359375 0.0375
0 0.93203125 0.334375 0.034375 0.03125
0 0.9828125 0.52265625 0.034375 0.0453125
0 0.9578125 0.39375 0.0453125 0.0453125