0 0.19609375 0.3578125 0.021875 0.021875
0 0.334375 0.371875 0.0234375 0.0265625
0 0.36640625 0.40703125 0.0265625 0.0328125
0 0.46875 0.4375 0.0265625 0.034375
0 0.534375 0.47265625 0.03125 0.03125
0 0.56640625 0.47734375 0.0359375 0.0390625
0 0.6296875 0.43203125 0.025 0.021875
0 0.5859375 0.62734375 0.0453125 0.05
0 0.65625 0.57421875 0.034375 0.0390625
0 0.69453125 0.5484375 0.034375 0.04375
0 0.72578125 0.50546875 0.0328125 0.034375
0 0.7296875 0.40078125 0.015625 0.01875
0 0.71171875 0.61171875 0.0421875 0.040625
0 0.90234375 0.70078125 0.0328125 0.0359375
0 0.93203125 0.53515625 0.03125 0.0359375
0 0.94921875 0.596875 0.0390625 0.0375