0 0.7625 0.628125 0.09375 0.11015625
0 0.4015625 0.1625 0.04296875 0.05859375
0 0.2703125 0.22890625 0.04375 0.0578125
0 0.61875 0.30546875 0.03671875 0.0515625
0 0.54609375 0.45859375 0.0484375 0.0609375
0 0.175 0.3390625 0.05 0.05703125
0 0.53828125 0.31875 0.0515625 0.06015625
0 0.278125 0.3546875 0.05390625 0.06328125
0 0.075 0.175 0.03984375 0.05625
0 0.0875 0.25234375 0.04296875 0.0546875
0 0.08046875 0.084375 0.0328125 0.03515625
0 0.0640625 0.128125 0.02734375 0.02421875
0 0.02734375 0.646875 0.0453125 0.06484375