0 0.121875 0.565625 0.0203125 0.0203125
0 0.259375 0.51328125 0.025 0.0265625
0 0.2140625 0.71875 0.046875 0.046875
0 0.2890625 0.5765625 0.034375 0.0328125
0 0.30078125 0.53671875 0.0296875 0.0359375
0 0.36875 0.66953125 0.040625 0.0453125
0 0.39140625 0.6296875 0.034375 0.0390625
0 0.41640625 0.51953125 0.0296875 0.034375
0 0.43046875 0.54296875 0.0328125 0.0375
0 0.43515625 0.590625 0.0359375 0.0421875
0 0.47578125 0.47265625 0.0234375 0.021875
0 0.55625 0.4484375 0.021875 0.0234375
0 0.63828125 0.37890625 0.0265625 0.03125
0 0.63203125 0.47734375 0.0234375 0.025
0 0.7140625 0.46875 0.0296875 0.034375
0 0.73984375 0.4546875 0.0375 0.0421875
0 0.7140625 0.5203125 0.0359375 0.0375
0 0.72578125 0.58046875 0.04375 0.0453125
0 0.775 0.54765625 0.04375 0.0453125
0 0.71875 0.62890625 0.0453125 0.0484375
0 0.89453125 0.58203125 0.0578125 0.05
0 0.89140625 0.4109375 0.0359375 0.0359375
0 0.9359375 0.4875 0.040625 0.0390625
0 0.98125 0.4296875 0.0375 0.0375
0 0.9890625 0.5015625 0.021875 0.04375