0 0.67578125 0.3421875 0.059375 0.0640625
0 0.315625 0.31171875 0.0484375 0.0625
0 0.53125 0.06875 0.0296875 0.0375
0 0.6515625 0.10546875 0.028125 0.0390625
0 0.209375 0.35078125 0.0484375 0.0578125
0 0.55 0.1265625 0.0265625 0.034375
0 0.53125 0.33046875 0.05625 0.0765625
0 0.8203125 0.34375 0.0625 0.071875
0 0.61484375 0.2609375 0.046875 0.071875
0 0.0953125 0.2859375 0.034375 0.0390625
0 0.159375 0.25859375 0.04375 0.0578125
0 0.24296875 0.253125 0.0359375 0.046875
0 0.43828125 0.30703125 0.04375 0.059375
0 0.00546875 0.3234375 0.0109375 0.046875
0 0.01640625 0.496875 0.0328125 0.075
0 0.1046875 0.24765625 0.034375 0.0375
0 0.84765625 0.38203125 0.06875 0.078125
0 0.1921875 0.39609375 0.0546875 0.05625
0 0.98203125 0.58984375 0.0359375 0.1203125