0 0.08203125 0.47421875 0.021875 0.0265625
0 0.040625 0.5140625 0.028125 0.028125
0 0.25625 0.44765625 0.0203125 0.028125
0 0.3359375 0.40625 0.01875 0.028125
0 0.36328125 0.44453125 0.021875 0.0328125
0 0.47890625 0.453125 0.021875 0.0328125
0 0.67578125 0.4125 0.0171875 0.021875
0 0.70546875 0.4828125 0.0390625 0.034375
0 0.728125 0.496875 0.034375 0.028125
0 0.8109375 0.484375 0.028125 0.03125
0 0.84765625 0.48046875 0.0328125 0.034375
0 0.9359375 0.59921875 0.04375 0.04375
0 0.959375 0.59453125 0.028125 0.0328125
0 0.9875 0.56171875 0.025 0.0328125
0 0.96484375 0.5265625 0.021875 0.0265625
0 0.99453125 0.53125 0.009375 0.0390625