0 0.2890625 0.4609375 0.03359375 0.06015625
0 0.60390625 0.45078125 0.0296875 0.0640625
0 0.54453125 0.484375 0.0328125 0.06015625
0 0.6828125 0.478125 0.03515625 0.075
0 0.81953125 0.5078125 0.0703125 0.14375
0 0.109375 0.46875 0.03828125 0.07109375
0 0.171875 0.4484375 0.02734375 0.05703125
0 0.771875 0.4734375 0.04140625 0.07578125
0 0.334375 0.44453125 0.02578125 0.0546875
0 0.4953125 0.5015625 0.02578125 0.05546875
0 0.38046875 0.48359375 0.0390625 0.0671875
0 0.4203125 0.5015625 0.028125 0.05625
0 0.7203125 0.46796875 0.025 0.0515625
0 0.1953125 0.440625 0.02421875 0.05703125
0 0.7078125 0.45625 0.02265625 0.05234375