0 0.084375 0.3171875 0.0421875 0.0453125
0 0.76484375 0.50859375 0.046875 0.0515625
0 0.35859375 0.43046875 0.034375 0.040625
0 0.02421875 0.2828125 0.0171875 0.034375
0 0.3015625 0.25234375 0.028125 0.0390625
0 0.175 0.2921875 0.0328125 0.0390625
0 0.86875 0.5328125 0.04375 0.046875
0 0.66328125 0.34375 0.0265625 0.0328125
0 0.709375 0.4578125 0.0390625 0.040625
0 0.84296875 0.42265625 0.0359375 0.0375
0 0.6140625 0.46875 0.03125 0.0359375
0 0.97265625 0.5359375 0.0453125 0.0375
0 0.4203125 0.2671875 0.03125 0.0359375
0 0.8515625 0.45546875 0.040625 0.0421875
0 0.46953125 0.340625 0.040625 0.0390625
0 0.9953125 0.4515625 0.009375 0.0375
0 0.48984375 0.32265625 0.0296875 0.0296875
0 0.65625 0.24609375 0.021875 0.028125
0 0.70390625 0.25234375 0.01875 0.0171875