0 0.01875 0.4140625 0.0375 0.0875
0 0.86875 0.33046875 0.128125 0.1328125
0 0.490625 0.3265625 0.0984375 0.1125
0 0.496875 0.47109375 0.1 0.1109375
0 0.83515625 0.1078125 0.0984375 0.1109375
0 0.3640625 0.628125 0.1515625 0.134375
0 0.6546875 0.21796875 0.096875 0.1
0 0.959375 0.5140625 0.08125 0.13125
0 0.190625 0.37265625 0.09375 0.103125
0 0.290625 0.37890625 0.11875 0.1234375
0 0.51953125 0.78125 0.1734375 0.1484375
0 0.0078125 0.490625 0.015625 0.08125
0 0.121875 0.5421875 0.0890625 0.0859375
0 0.1640625 0.75546875 0.140625 0.128125
0 0.65859375 0.50546875 0.1265625 0.1265625
0 0.140625 0.37890625 0.075 0.084375