0 0.3515625 0.71015625 0.071875 0.0828125
0 0.40234375 0.48359375 0.078125 0.084375
0 0.42578125 0.378125 0.0546875 0.0546875
0 0.43359375 0.2671875 0.0609375 0.0671875
0 0.5140625 0.403125 0.075 0.078125
0 0.56484375 0.41875 0.0625 0.0640625
0 0.6015625 0.690625 0.084375 0.0984375
0 0.74453125 0.4640625 0.0671875 0.0828125
0 0.7171875 0.60078125 0.0859375 0.084375
0 0.98203125 0.37578125 0.0359375 0.0734375
0 0.97578125 0.4234375 0.0484375 0.0875
0 0.978125 0.55703125 0.04375 0.0796875
0 0.88125 0.74921875 0.115625 0.1140625