0 0.82265625 0.56640625 0.0453125 0.0453125
0 0.8 0.43203125 0.0375 0.0359375
0 0.6140625 0.6015625 0.0359375 0.04375
0 0.14375 0.55078125 0.0375 0.040625
0 0.24453125 0.48828125 0.028125 0.0328125
0 0.975 0.4609375 0.0359375 0.0390625
0 0.0203125 0.5421875 0.0328125 0.0375
0 0.35078125 0.55625 0.0328125 0.0390625
0 0.22421875 0.5484375 0.034375 0.0390625
0 0.3625 0.4875 0.0296875 0.0359375
0 0.88671875 0.57421875 0.0453125 0.046875
0 0.63203125 0.61484375 0.0421875 0.053125
0 0.0203125 0.6 0.028125 0.0296875
0 0.42890625 0.52734375 0.0359375 0.0390625
0 0.21796875 0.45546875 0.021875 0.0265625
0 0.1359375 0.5109375 0.025 0.0265625
0 0.409375 0.5203125 0.03125 0.03125
0 0.43125 0.45546875 0.0171875 0.021875
0 0.49453125 0.4421875 0.015625 0.0171875
0 0.57421875 0.43203125 0.0203125 0.0265625
0 0.66640625 0.615625 0.0390625 0.0375
0 0.89765625 0.503125 0.0359375 0.0375
0 0.978125 0.58984375 0.04375 0.0515625