0 0.0625 0.46640625 0.07109375 0.0640625
0 0.06640625 0.38984375 0.0640625 0.0671875
0 0.1796875 0.328125 0.04296875 0.04453125
0 0.3046875 0.38203125 0.053125 0.0515625
0 0.40625 0.4203125 0.04609375 0.05234375
0 0.5453125 0.4203125 0.05390625 0.06328125
0 0.659375 0.459375 0.04140625 0.053125
0 0.6296875 0.5359375 0.103125 0.084375
0 0.7734375 0.3953125 0.05703125 0.07734375
0 0.96953125 0.4265625 0.0609375 0.08046875
0 0.96953125 0.64375 0.0609375 0.125
0 0.9265625 0.74375 0.06875 0.0625
0 0.1734375 0.2515625 0.03046875 0.02890625