0 0.309375 0.51875 0.0671875 0.0859375
0 0.61171875 0.42890625 0.08125 0.0890625
0 0.65546875 0.35546875 0.06875 0.0828125
0 0.83359375 0.384375 0.084375 0.1
0 0.86875 0.2515625 0.053125 0.05625
0 0.365625 0.4640625 0.0578125 0.0703125
0 0.25625 0.396875 0.05625 0.0609375
0 0.9609375 0.265625 0.0328125 0.0859375
0 0.34296875 0.34375 0.05 0.059375
0 0.3625 0.25078125 0.046875 0.05
0 0.8359375 0.7375 0.1140625 0.1328125
0 0.52734375 0.0953125 0.04375 0.0515625
0 0.0328125 0.26640625 0.040625 0.0390625