0 0.0546875 0.43515625 0.065625 0.0703125
0 0.165625 0.35 0.0671875 0.0765625
0 0.259375 0.4203125 0.0484375 0.0515625
0 0.31171875 0.3390625 0.0515625 0.0515625
0 0.40625 0.43125 0.0625 0.0625
0 0.54140625 0.4265625 0.04375 0.053125
0 0.65546875 0.3703125 0.0546875 0.059375
0 0.62421875 0.3828125 0.0578125 0.0703125
0 0.55234375 0.51171875 0.0578125 0.0625
0 0.82734375 0.3890625 0.0625 0.0703125
0 0.9796875 0.52734375 0.040625 0.0765625
0 0.94609375 0.51015625 0.0875 0.084375
0 0.83046875 0.5703125 0.0921875 0.1
0 0.85859375 0.72421875 0.115625 0.1046875
0 0.19609375 0.22421875 0.0359375 0.03125