0 0.10703125 0.60859375 0.071875 0.0625
0 0.1640625 0.62109375 0.0734375 0.0703125
0 0.22265625 0.39765625 0.0515625 0.0578125
0 0.2453125 0.49375 0.0484375 0.0515625
0 0.321875 0.48359375 0.059375 0.06875
0 0.38203125 0.46484375 0.0515625 0.053125
0 0.4546875 0.709375 0.059375 0.0734375
0 0.52421875 0.4171875 0.053125 0.06875
0 0.55703125 0.56328125 0.0796875 0.0890625
0 0.6375 0.3046875 0.0578125 0.0609375
0 0.696875 0.409375 0.0640625 0.0625
0 0.93984375 0.22734375 0.04375 0.0625
0 0.92109375 0.28046875 0.0703125 0.078125
0 0.95 0.35390625 0.071875 0.071875
0 0.896875 0.6375 0.1078125 0.09375
0 0.95390625 0.53203125 0.0921875 0.0859375