0 0.19140625 0.15234375 0.04375 0.05
0 0.9046875 0.66484375 0.0453125 0.0453125
0 0.24453125 0.15390625 0.0375 0.0421875
0 0.57109375 0.1859375 0.040625 0.040625
0 0.8234375 0.3921875 0.0515625 0.053125
0 0.30546875 0.25703125 0.05 0.0453125
0 0.603125 0.30390625 0.040625 0.0453125
0 0.359375 0.10234375 0.03125 0.0359375
0 0.45625 0.18359375 0.0359375 0.0390625
0 0.925 0.30078125 0.0390625 0.04375
0 0.57421875 0.36015625 0.0453125 0.046875
0 0.95234375 0.29140625 0.0328125 0.0390625
0 0.49453125 0.23125 0.0421875 0.0421875
0 0.80546875 0.26796875 0.0375 0.0390625
0 0.61953125 0.26640625 0.040625 0.040625
0 0.353125 0.19375 0.0359375 0.040625
0 0.8625 0.29375 0.034375 0.0390625
0 0.309375 0.09609375 0.0296875 0.0328125
0 0.2828125 0.1703125 0.0390625 0.0359375
0 0.31640625 0.215625 0.0375 0.04375
0 0.62578125 0.16171875 0.028125 0.0296875
0 0.83203125 0.32109375 0.0359375 0.040625