0 0.7421875 0.52109375 0.046875 0.0515625
0 0.8390625 0.51015625 0.04375 0.05
0 0.41171875 0.415625 0.0328125 0.0375
0 0.53046875 0.53046875 0.0359375 0.0390625
0 0.3703125 0.3828125 0.028125 0.0359375
0 0.1890625 0.58203125 0.04375 0.04375
0 0.25390625 0.4015625 0.0296875 0.0359375
0 0.21015625 0.54609375 0.04375 0.0421875
0 0.01328125 0.5234375 0.0265625 0.0375
0 0.28515625 0.4265625 0.034375 0.0375
0 0.84140625 0.34140625 0.046875 0.0453125
0 0.90859375 0.390625 0.0390625 0.040625
0 0.56640625 0.40234375 0.0421875 0.0453125
0 0.60078125 0.4859375 0.03125 0.0328125
0 0.13828125 0.4890625 0.040625 0.0390625
0 0.1453125 0.46171875 0.0328125 0.0359375
0 0.565625 0.3109375 0.0234375 0.028125
0 0.3296875 0.515625 0.0359375 0.0390625
0 0.1125 0.48359375 0.034375 0.03125
0 0.08125 0.67890625 0.0359375 0.0359375
0 0.42421875 0.41953125 0.021875 0.0296875
0 0.62109375 0.325 0.021875 0.025
0 0.55 0.3859375 0.0328125 0.0328125
0 0.61875 0.4734375 0.0359375 0.0359375
0 0.86640625 0.3828125 0.03125 0.034375
0 0.9453125 0.3859375 0.040625 0.04375
0 0.93671875 0.49140625 0.04375 0.040625
0 0.984375 0.43359375 0.03125 0.04375
0 0.984375 0.5828125 0.0265625 0.0359375