0 0.040625 0.2453125 0.034375 0.07109375
0 0.18046875 0.246875 0.0328125 0.075
0 0.25 0.359375 0.00625 0.0125
0 0.28515625 0.365625 0.0046875 0.009375
0 0.109375 0.3625 0.00625 0.01171875
0 0.903125 0.3421875 0.00859375 0.01484375
0 0.8109375 0.3625 0.003125 0.00390625
0 0.8140625 0.36484375 0.00234375 0.0046875
0 0.83125 0.36328125 0.00234375 0.0046875
0 0.5015625 0.3734375 0.00234375 0.00625
0 0.565625 0.37109375 0.003125 0.0046875
0 0.68125 0.36796875 0.00234375 0.0046875
0 0.68671875 0.37421875 0.0015625 0.0046875
0 0.9953125 0.36015625 0.00234375 0.0046875