0 0.5359375 0.49765625 0.0359375 0.0375
0 0.89609375 0.44765625 0.0359375 0.034375
0 0.31171875 0.3328125 0.0265625 0.03125
0 0.38515625 0.46796875 0.034375 0.0421875
0 0.834375 0.51953125 0.03125 0.0375
0 0.07890625 0.50859375 0.040625 0.0421875
0 0.9390625 0.47265625 0.0359375 0.0375
0 0.109375 0.39140625 0.0296875 0.0359375
0 0.475 0.33984375 0.0296875 0.0296875
0 0.99453125 0.3890625 0.0109375 0.03125
0 0.2578125 0.3921875 0.0328125 0.034375
0 0.4171875 0.33203125 0.028125 0.0265625
0 0.9765625 0.4109375 0.0265625 0.0296875
0 0.2765625 0.4015625 0.0328125 0.0359375
0 0.15078125 0.29375 0.021875 0.021875
0 0.121875 0.36953125 0.034375 0.0296875
0 0.0953125 0.4875 0.0359375 0.0328125
0 0.20234375 0.48984375 0.0296875 0.028125
0 0.2109375 0.47265625 0.028125 0.0234375
0 0.26640625 0.49296875 0.034375 0.0328125
0 0.31015625 0.36640625 0.0328125 0.03125
0 0.459375 0.36640625 0.01875 0.0234375
0 0.51953125 0.3140625 0.021875 0.025
0 0.5390625 0.35546875 0.0203125 0.021875
0 0.6546875 0.41640625 0.0109375 0.0203125
0 0.89375 0.3640625 0.025 0.0328125
0 0.9953125 0.36640625 0.009375 0.0140625