0 0.51171875 0.3390625 0.0625 0.0765625
0 0.4640625 0.46796875 0.065625 0.0796875
0 0.33828125 0.35 0.059375 0.078125
0 0.03515625 0.115625 0.0328125 0.034375
0 0.171875 0.2828125 0.0546875 0.0765625
0 0.72421875 0.49375 0.084375 0.103125
0 0.421875 0.38828125 0.0453125 0.0546875
0 0.89375 0.403125 0.0734375 0.0828125
0 0.68125 0.23984375 0.0703125 0.0890625
0 0.0046875 0.17109375 0.009375 0.0328125
0 0.94140625 0.40625 0.040625 0.0671875
0 0.02734375 0.6984375 0.0390625 0.0609375
0 0.42265625 0.0109375 0.0375 0.0171875