0 0.29140625 0.184375 0.0484375 0.040625
0 0.54140625 0.696875 0.08125 0.09375
0 0.496875 0.3703125 0.053125 0.071875
0 0.19453125 0.24921875 0.0390625 0.0484375
0 0.8953125 0.3890625 0.0484375 0.0640625
0 0.54609375 0.10078125 0.028125 0.0390625
0 0.1171875 0.3015625 0.0421875 0.0515625
0 0.46328125 0.11640625 0.028125 0.0359375
0 0.5921875 0.06328125 0.0328125 0.0421875
0 0.08671875 0.25859375 0.040625 0.040625
0 0.084375 0.296875 0.0359375 0.046875
0 0.09609375 0.35546875 0.0515625 0.05
0 0.5046875 0.06640625 0.0328125 0.0359375
0 0.56015625 0.028125 0.03125 0.0234375
0 0.034375 0.278125 0.040625 0.040625