0 0.3578125 0.2078125 0.034375 0.040625
0 0.2046875 0.25625 0.0421875 0.053125
0 0.38984375 0.18515625 0.0359375 0.04375
0 0.1703125 0.3375 0.0578125 0.0578125
0 0.56796875 0.1484375 0.03125 0.040625
0 0.321875 0.24609375 0.0375 0.0421875
0 0.30078125 0.315625 0.0515625 0.0515625
0 0.3828125 0.2578125 0.0390625 0.0390625
0 0.49453125 0.15078125 0.0328125 0.034375
0 0.43671875 0.14765625 0.0328125 0.0375
0 0.421875 0.209375 0.028125 0.034375
0 0.94140625 0.6015625 0.1078125 0.11875
0 0.4734375 0.16953125 0.03125 0.0375
0 0.478125 0.10546875 0.0390625 0.0375