0 0.26171875 0.53125 0.0796875 0.084375
0 0.19453125 0.45078125 0.0703125 0.06875
0 0.22734375 0.35546875 0.0515625 0.0609375
0 0.2890625 0.28828125 0.05625 0.065625
0 0.3359375 0.3796875 0.059375 0.06875
0 0.43203125 0.3109375 0.0625 0.071875
0 0.56640625 0.28515625 0.05625 0.0546875
0 0.59921875 0.4875 0.06875 0.0734375
0 0.596875 0.51796875 0.0796875 0.08125
0 0.65625 0.4046875 0.0703125 0.0734375
0 0.7515625 0.59375 0.1140625 0.103125
0 0.9765625 0.59375 0.046875 0.115625
0 0.865625 0.43125 0.109375 0.0921875
0 0.92890625 0.1953125 0.0359375 0.06875