0 0.04296875 0.63828125 0.0609375 0.075
0 0.01328125 0.2734375 0.0265625 0.071875
0 0.025 0.3921875 0.05 0.053125
0 0.2828125 0.178125 0.0609375 0.0703125
0 0.2828125 0.2765625 0.0703125 0.0875
0 0.5328125 0.35546875 0.090625 0.0875
0 0.61796875 0.41171875 0.0859375 0.084375
0 0.68203125 0.125 0.0765625 0.071875
0 0.6625 0.2234375 0.0734375 0.0765625
0 0.746875 0.20859375 0.0859375 0.09375
0 0.88984375 0.05625 0.03125 0.0578125
0 0.8546875 0.0796875 0.0609375 0.065625
0 0.8171875 0.1140625 0.0640625 0.0671875
0 0.840625 0.3421875 0.0890625 0.0875