0 0.02890625 0.6828125 0.04375 0.0703125
0 0.2484375 0.72578125 0.065625 0.0765625
0 0.32421875 0.61015625 0.0625 0.05625
0 0.55078125 0.64765625 0.0671875 0.0640625
0 0.01484375 0.38046875 0.0296875 0.0484375
0 0.00859375 0.246875 0.0171875 0.03125
0 0.13046875 0.121875 0.025 0.034375
0 0.109375 0.2 0.03125 0.034375
0 0.07890625 0.34296875 0.0421875 0.0453125
0 0.33828125 0.2203125 0.025 0.03125
0 0.3703125 0.20546875 0.0234375 0.034375
0 0.3203125 0.2984375 0.0375 0.0375
0 0.36796875 0.26328125 0.03125 0.04375
0 0.35 0.3375 0.0359375 0.0375
0 0.434375 0.38984375 0.04375 0.046875
0 0.41171875 0.29375 0.0296875 0.0296875
0 0.45 0.2546875 0.0296875 0.034375
0 0.45703125 0.29609375 0.0390625 0.0359375
0 0.4828125 0.18359375 0.021875 0.0171875
0 0.5484375 0.32421875 0.0359375 0.04375
0 0.56796875 0.2078125 0.0234375 0.0265625
0 0.58671875 0.31953125 0.0359375 0.0375
0 0.64140625 0.25390625 0.028125 0.034375
0 0.6703125 0.225 0.028125 0.0296875
0 0.7140625 0.4765625 0.0484375 0.053125
0 0.73828125 0.35859375 0.034375 0.0359375
0 0.809375 0.36328125 0.0390625 0.0359375
0 0.79921875 0.1640625 0.0234375 0.0203125
0 0.8390625 0.2265625 0.028125 0.0359375
0 0.83515625 0.3765625 0.040625 0.0515625
0 0.89375 0.27421875 0.040625 0.0328125
0 0.903125 0.246875 0.0296875 0.034375
0 0.97734375 0.228125 0.0203125 0.0359375
0 0.96484375 0.3875 0.0484375 0.046875