0 0.38671875 0.4125 0.0421875 0.053125
0 0.33515625 0.3484375 0.0515625 0.0546875
0 0.39609375 0.575 0.0796875 0.0734375
0 0.70078125 0.3984375 0.059375 0.0609375
0 0.54296875 0.74609375 0.0671875 0.065625
0 0.76328125 0.32578125 0.0453125 0.0625
0 0.29453125 0.43046875 0.04375 0.059375
0 0.9765625 0.33671875 0.046875 0.0671875
0 0.54453125 0.46875 0.0609375 0.0640625
0 0.88203125 0.68125 0.1046875 0.0984375
0 0.0109375 0.375 0.015625 0.0484375
0 0.21015625 0.4609375 0.04375 0.0515625
0 0.146875 0.45390625 0.0546875 0.059375
0 0.15234375 0.52109375 0.065625 0.065625
0 0.23203125 0.54765625 0.06875 0.0609375
0 0.3828125 0.53125 0.0609375 0.05
0 0.625 0.353125 0.05 0.0625