0 0.05546875 0.39765625 0.0671875 0.0796875
0 0.8859375 0.37578125 0.115625 0.121875
0 0.5265625 0.346875 0.0890625 0.103125
0 0.5234375 0.48359375 0.0921875 0.1015625
0 0.86875 0.1609375 0.0890625 0.1015625
0 0.38671875 0.625 0.1390625 0.121875
0 0.68984375 0.2546875 0.0890625 0.0921875
0 0.96171875 0.55546875 0.0765625 0.1203125
0 0.2390625 0.36953125 0.0859375 0.0953125
0 0.33359375 0.3828125 0.1078125 0.1125
0 0.52421875 0.78046875 0.159375 0.134375
0 0.03125 0.47265625 0.0625 0.0859375
0 0.16171875 0.5265625 0.08125 0.078125
0 0.18828125 0.73203125 0.1296875 0.115625
0 0.67421875 0.52734375 0.115625 0.115625
0 0.190625 0.371875 0.06875 0.078125