0 0.184375 0.134375 0.0328125 0.034375
0 0.125 0.17265625 0.0421875 0.0484375
0 0.28671875 0.1390625 0.0484375 0.0515625
0 0.19921875 0.49375 0.06875 0.0765625
0 0.23515625 0.42734375 0.05625 0.0640625
0 0.35625 0.3421875 0.0546875 0.059375
0 0.39765625 0.44296875 0.075 0.0703125
0 0.40546875 0.51328125 0.0765625 0.08125
0 0.659375 0.68203125 0.096875 0.0890625
0 0.75078125 0.43046875 0.0796875 0.090625
0 0.85625 0.35859375 0.0578125 0.06875
0 0.90859375 0.81015625 0.0921875 0.115625
0 0.9765625 0.575 0.046875 0.115625
0 0.590625 0.13046875 0.0421875 0.05