0 0.0875 0.55234375 0.034375 0.03125
0 0.1125 0.5625 0.021875 0.025
0 0.1703125 0.55546875 0.03125 0.0328125
0 0.1609375 0.5203125 0.021875 0.025
0 0.23359375 0.47109375 0.0203125 0.025
0 0.2625 0.5015625 0.025 0.0296875
0 0.15078125 0.64765625 0.034375 0.0390625
0 0.27890625 0.57265625 0.0328125 0.0359375
0 0.334375 0.54296875 0.015625 0.028125
0 0.37421875 0.5046875 0.021875 0.03125
0 0.4375 0.47421875 0.0171875 0.0203125
0 0.49921875 0.46796875 0.0140625 0.0125
0 0.5703125 0.45625 0.021875 0.025
0 0.78125 0.46640625 0.028125 0.03125
0 0.69765625 0.60703125 0.0375 0.0375
0 0.7359375 0.62734375 0.0390625 0.0484375
0 0.7796875 0.5390625 0.0328125 0.0328125
0 0.8625 0.49921875 0.0296875 0.034375
0 0.93359375 0.515625 0.0375 0.040625
0 0.9859375 0.50859375 0.0265625 0.0296875
0 0.97109375 0.5859375 0.034375 0.0375
0 0.8984375 0.58828125 0.040625 0.0421875