0 0.0328125 0.5359375 0.040625 0.0453125
0 0.0359375 0.6265625 0.034375 0.034375
0 0.0953125 0.55546875 0.0296875 0.034375
0 0.1203125 0.55234375 0.0359375 0.034375
0 0.45703125 0.5171875 0.034375 0.0375
0 0.240625 0.37265625 0.0265625 0.03125
0 0.35 0.3453125 0.0296875 0.03125
0 0.38828125 0.35078125 0.0265625 0.03125
0 0.43046875 0.31171875 0.0203125 0.025
0 0.4796875 0.340625 0.021875 0.025
0 0.7921875 0.37734375 0.0296875 0.0296875
0 0.83984375 0.3875 0.0265625 0.028125
0 0.825 0.29609375 0.0265625 0.03125
0 0.90078125 0.3375 0.0265625 0.0265625
0 0.91953125 0.31484375 0.028125 0.0328125
0 0.03828125 0.35625 0.025 0.025