0 0.75546875 0.59375 0.0734375 0.08984375
0 0.5125 0.03359375 0.02890625 0.0453125
0 0.328125 0.153125 0.03046875 0.03828125
0 0.3328125 0.21484375 0.03046875 0.0359375
0 0.5109375 0.5203125 0.06640625 0.08671875
0 0.18125 0.18046875 0.034375 0.0421875
0 0.55625 0.07578125 0.03125 0.0390625
0 0.5828125 0.396875 0.05546875 0.06953125
0 0.81875 0.8984375 0.096875 0.09765625
0 0.5546875 0.20625 0.03203125 0.03515625
0 0.8140625 0.3546875 0.06328125 0.065625
0 0.1078125 0.2875 0.040625 0.04765625
0 0.23203125 0.3140625 0.0390625 0.05703125
0 0.421875 0.1296875 0.03359375 0.0375
0 0.9109375 0.25859375 0.04296875 0.0515625
0 0.01484375 0.23046875 0.0296875 0.0359375
0 0.5921875 0.0234375 0.03046875 0.034375
0 0.375 0.21484375 0.03515625 0.0453125
0 0.44921875 0.04375 0.0265625 0.03515625
0 0.2625 0.2546875 0.02734375 0.03671875
0 0.275 0.23046875 0.04921875 0.0484375
0 0.1453125 0.234375 0.03671875 0.03984375
0 0.11328125 0.215625 0.0296875 0.034375
0 0.09765625 0.25625 0.0328125 0.03046875
0 0.2125 0.22265625 0.03125 0.0359375
0 0.3359375 0.2515625 0.046875 0.04375
0 0.33671875 0.18203125 0.0359375 0.0390625
0 0.57421875 0.146875 0.0359375 0.040625
0 0.4171875 0.16640625 0.03125 0.0421875
0 0.496875 0.15 0.03125 0.03203125
0 0.50859375 0.14140625 0.0390625 0.0421875