0 0.0265625 0.2953125 0.03125 0.065625
0 0.09921875 0.25703125 0.065625 0.0546875
0 0.13515625 0.346875 0.05 0.059375
0 0.015625 0.52265625 0.03125 0.0640625
0 0.09453125 0.37421875 0.065625 0.0640625
0 0.25625 0.221875 0.046875 0.059375
0 0.2828125 0.27265625 0.065625 0.0671875
0 0.4609375 0.27734375 0.05 0.059375
0 0.48515625 0.42421875 0.071875 0.0765625
0 0.98671875 0.21328125 0.0265625 0.0578125
0 0.965625 0.29765625 0.04375 0.0578125
0 0.909375 0.3546875 0.06875 0.06875
0 0.8796875 0.428125 0.0640625 0.0734375