0 0.21875 0.4390625 0.02578125 0.02734375
0 0.35625 0.41171875 0.021875 0.0296875
0 0.5015625 0.396875 0.01640625 0.021875
0 0.55625 0.3734375 0.01796875 0.02265625
0 0.58046875 0.396875 0.0171875 0.021875
0 0.94375 0.365625 0.01953125 0.025
0 0.9671875 0.3953125 0.02265625 0.025
0 0.90546875 0.39140625 0.0234375 0.0296875
0 0.8546875 0.440625 0.02890625 0.03125
0 0.9296875 0.48515625 0.02890625 0.0265625
0 0.8390625 0.459375 0.025 0.028125
0 0.809375 0.6734375 0.0375 0.03984375
0 0.734375 0.6125 0.03515625 0.03828125
0 0.7765625 0.56015625 0.03046875 0.0359375
0 0.7453125 0.425 0.02265625 0.025
0 0.6328125 0.44453125 0.02421875 0.0296875
0 0.578125 0.5171875 0.02890625 0.03203125
0 0.5390625 0.4875 0.02734375 0.028125
0 0.490625 0.440625 0.02734375 0.02578125
0 0.515625 0.5515625 0.028125 0.03359375
0 0.4453125 0.478125 0.02578125 0.02578125
0 0.359375 0.5515625 0.03359375 0.034375
0 0.27578125 0.5359375 0.0265625 0.03203125
0 0.2515625 0.6109375 0.02734375 0.0375
0 0.1171875 0.5609375 0.028125 0.03125