0 0.0453125 0.31953125 0.053125 0.0546875
0 0.0875 0.2484375 0.0421875 0.0421875
0 0.1546875 0.2046875 0.03125 0.034375
0 0.20234375 0.196875 0.03125 0.034375
0 0.259375 0.19140625 0.0359375 0.0453125
0 0.30390625 0.21328125 0.040625 0.0359375
0 0.36640625 0.240625 0.04375 0.05
0 0.41796875 0.23359375 0.0390625 0.0453125
0 0.52109375 0.27734375 0.0421875 0.05
0 0.5796875 0.353125 0.0328125 0.0359375
0 0.6484375 0.11171875 0.028125 0.0359375
0 0.7171875 0.0625 0.0265625 0.0359375
0 0.77265625 0.0734375 0.028125 0.0390625