0 0.3421875 0.41484375 0.03125 0.034375
0 0.934375 0.75546875 0.0421875 0.046875
0 0.8578125 0.65625 0.04375 0.04375
0 0.4390625 0.44765625 0.0296875 0.0328125
0 0.3 0.43828125 0.0375 0.0390625
0 0.87734375 0.559375 0.034375 0.0359375
0 0.87890625 0.62734375 0.040625 0.0453125
0 0.28125 0.4328125 0.025 0.0265625
0 0.31640625 0.3765625 0.0234375 0.025
0 0.18515625 0.36015625 0.025 0.0265625
0 0.59296875 0.45 0.0203125 0.01875
0 0.90859375 0.60078125 0.034375 0.0359375
0 0.84453125 0.5890625 0.0359375 0.03125