0 0.35 0.2828125 0.0359375 0.0484375
0 0.14765625 0.3171875 0.0328125 0.04375
0 0.47265625 0.28515625 0.0359375 0.0421875
0 0.29609375 0.296875 0.0328125 0.0390625
0 0.0796875 0.40390625 0.04375 0.05625
0 0.19296875 0.27734375 0.0390625 0.040625
0 0.165625 0.3796875 0.0296875 0.040625
0 0.253125 0.24296875 0.0375 0.0390625
0 0.015625 0.36875 0.03125 0.040625
0 0.16484375 0.43671875 0.0453125 0.053125
0 0.021875 0.43515625 0.04375 0.0515625
0 0.03671875 0.3921875 0.0453125 0.05
0 0.22734375 0.3453125 0.0515625 0.0484375
0 0.240625 0.3171875 0.0375 0.0375
0 0.45546875 0.11015625 0.025 0.025