0 0.25078125 0.453125 0.034375 0.0390625
0 0.27890625 0.3765625 0.0296875 0.0328125
0 0.946875 0.415625 0.0390625 0.040625
0 0.88984375 0.62265625 0.0390625 0.04375
0 0.88203125 0.53515625 0.0390625 0.0390625
0 0.66796875 0.503125 0.034375 0.040625
0 0.40390625 0.38359375 0.0296875 0.0296875
0 0.18125 0.421875 0.0328125 0.034375
0 0.7578125 0.60625 0.04375 0.05
0 0.51640625 0.4390625 0.0359375 0.0328125
0 0.89375 0.4484375 0.025 0.0265625
0 0.8265625 0.41640625 0.03125 0.034375
0 0.690625 0.39609375 0.034375 0.0375
0 0.20078125 0.61484375 0.0265625 0.0296875
0 0.3765625 0.45546875 0.03125 0.0359375
0 0.4734375 0.42421875 0.0328125 0.0296875
0 0.76015625 0.5234375 0.0328125 0.0421875
0 0.29140625 0.46640625 0.028125 0.034375
0 0.9765625 0.61875 0.046875 0.04375
0 0.99140625 0.4953125 0.0171875 0.034375
0 0.103125 0.4078125 0.0328125 0.0359375
0 0.078125 0.4375 0.0375 0.034375
0 0.52734375 0.54140625 0.0390625 0.0375
0 0.23671875 0.52734375 0.034375 0.0375
0 0.146875 0.36875 0.0296875 0.0265625
0 0.48984375 0.4171875 0.028125 0.0296875
0 0.621875 0.35234375 0.021875 0.0234375
0 0.584375 0.34921875 0.0203125 0.0171875
0 0.66640625 0.36796875 0.0203125 0.0203125
0 0.7921875 0.50703125 0.0390625 0.0390625