0 0.10859375 0.3578125 0.0265625 0.0296875
0 0.2828125 0.3703125 0.0234375 0.021875
0 0.15234375 0.52109375 0.0421875 0.04375
0 0.2765625 0.57734375 0.034375 0.0421875
0 0.27265625 0.42734375 0.0328125 0.0296875
0 0.36328125 0.4328125 0.0296875 0.034375
0 0.45625 0.41484375 0.025 0.03125
0 0.4625 0.4484375 0.021875 0.0234375
0 0.4765625 0.43828125 0.0265625 0.0328125
0 0.4046875 0.56015625 0.0375 0.046875
0 0.5625 0.503125 0.0359375 0.034375
0 0.60546875 0.40859375 0.0265625 0.0296875
0 0.65078125 0.46484375 0.0328125 0.034375
0 0.66484375 0.3859375 0.021875 0.0234375
0 0.67890625 0.4328125 0.01875 0.0234375
0 0.80546875 0.45546875 0.0234375 0.025
0 0.91796875 0.48046875 0.0328125 0.034375
0 0.971875 0.5265625 0.0296875 0.0328125