0 0.090625 0.384375 0.03515625 0.040625
0 0.10390625 0.58203125 0.0578125 0.0515625
0 0.121875 0.521875 0.05390625 0.05234375
0 0.096875 0.4296875 0.04453125 0.05546875
0 0.19765625 0.46484375 0.0421875 0.0421875
0 0.4046875 0.5078125 0.06015625 0.05390625
0 0.5140625 0.078125 0.025 0.025
0 0.7046875 0.0984375 0.02421875 0.034375
0 0.7328125 0.4078125 0.05859375 0.05859375
0 0.8671875 0.45390625 0.05859375 0.0671875
0 0.9671875 0.421875 0.053125 0.05390625
0 0.634375 0.12421875 0.02265625 0.0296875