0 0.7703125 0.5 0.0640625 0.09375
0 0.2671875 0.371875 0.0640625 0.0921875
0 0.4359375 0.41796875 0.0578125 0.0796875
0 0.85625 0.57578125 0.0984375 0.128125
0 0.66953125 0.47421875 0.0578125 0.0875
0 0.06796875 0.24921875 0.0578125 0.09375
0 0.13359375 0.3046875 0.065625 0.09375
0 0.39296875 0.43046875 0.05 0.075
0 0.96171875 0.6046875 0.0765625 0.128125
0 0.3375 0.38203125 0.0609375 0.0890625
0 0.22890625 0.37734375 0.0453125 0.071875
0 0.7328125 0.50625 0.0421875 0.0640625
0 0.690625 0.52421875 0.0453125 0.075
0 0.81328125 0.51015625 0.0546875 0.08125