0 0.08203125 0.36875 0.0296875 0.034375
0 0.16875 0.39375 0.028125 0.02734375
0 0.190625 0.396875 0.021875 0.02578125
0 0.2859375 0.421875 0.03515625 0.03515625
0 0.328125 0.39921875 0.021875 0.0265625
0 0.3125 0.353125 0.02421875 0.02734375
0 0.4234375 0.3640625 0.02421875 0.025
0 0.625 0.33046875 0.01796875 0.0234375
0 0.653125 0.3046875 0.015625 0.021875
0 0.7921875 0.41953125 0.025 0.0296875
0 0.9875 0.4796875 0.025 0.03046875
0 0.965625 0.47890625 0.021875 0.0234375
0 0.925 0.571875 0.03125 0.034375
0 0.828125 0.575 0.034375 0.04140625
0 0.74375 0.559375 0.03671875 0.04375
0 0.76640625 0.48671875 0.0265625 0.0296875
0 0.659375 0.5078125 0.03125 0.03359375
0 0.6453125 0.47890625 0.03359375 0.0296875
0 0.6109375 0.40625 0.02265625 0.025
0 0.60625 0.4171875 0.02421875 0.02734375
0 0.5421875 0.47421875 0.02421875 0.0265625
0 0.578125 0.553125 0.03203125 0.03125
0 0.43671875 0.58125 0.0328125 0.02890625