0 0.8578125 0.3828125 0.01953125 0.0375
0 0.82265625 0.365625 0.0296875 0.059375
0 0.19296875 0.4015625 0.0109375 0.02109375
0 0.0359375 0.4171875 0.00859375 0.01796875
0 0.946875 0.3625 0.02734375 0.04765625
0 0.1515625 0.4015625 0.0125 0.025
0 0.2375 0.403125 0.01015625 0.02265625
0 0.371875 0.4296875 0.00703125 0.01328125
0 0.91875 0.37890625 0.00234375 0.0046875
0 0.6953125 0.38984375 0.00234375 0.0046875
0 0.4140625 0.41171875 0.00234375 0.0046875
0 0.4078125 0.40390625 0.003125 0.0046875
0 0.3703125 0.4015625 0.003125 0.00546875
0 0.3328125 0.40390625 0.00234375 0.0046875