0 0.78515625 0.5765625 0.1140625 0.1265625
0 0.3390625 0.18515625 0.053125 0.065625
0 0.22265625 0.2765625 0.0546875 0.065625
0 0.58046875 0.284375 0.0453125 0.0578125
0 0.5390625 0.45 0.059375 0.06875
0 0.14921875 0.403125 0.059375 0.065625
0 0.5046875 0.3140625 0.0625 0.06875
0 0.25546875 0.3984375 0.065625 0.0734375
0 0.021875 0.259375 0.04375 0.0625
0 0.04609375 0.334375 0.053125 0.0625
0 0.01328125 0.16875 0.0265625 0.040625
0 0.00703125 0.21640625 0.0140625 0.0296875
0 0.0625 0.73515625 0.05625 0.0734375