0 0.075 0.2296875 0.065625 0.084375
0 0.20859375 0.26640625 0.0703125 0.0890625
0 0.32578125 0.28125 0.0890625 0.10625
0 0.121875 0.36953125 0.0765625 0.06875
0 0.06875 0.32109375 0.0953125 0.0953125
0 0.2390625 0.34140625 0.0984375 0.096875
0 0.0234375 0.56484375 0.046875 0.1046875
0 0.23359375 0.46640625 0.1171875 0.1140625
0 0.503125 0.46875 0.0890625 0.09375
0 0.425 0.59609375 0.1171875 0.1265625
0 0.59375 0.76796875 0.1265625 0.13125
0 0.703125 0.5734375 0.1140625 0.121875
0 0.859375 0.4828125 0.09375 0.09375
0 0.9703125 0.425 0.059375 0.08125
0 0.96953125 0.63984375 0.040625 0.0859375
0 0.9515625 0.74375 0.03125 0.0921875