0 0.29140625 0.45625 0.0375 0.0625
0 0.6109375 0.46171875 0.0328125 0.065625
0 0.54921875 0.49296875 0.0375 0.0625
0 0.68984375 0.49453125 0.040625 0.078125
0 0.825 0.53125 0.078125 0.1484375
0 0.109375 0.45390625 0.0421875 0.0734375
0 0.1734375 0.4375 0.0296875 0.059375
0 0.7796875 0.49453125 0.046875 0.078125
0 0.3390625 0.44140625 0.028125 0.05625
0 0.49765625 0.5078125 0.028125 0.0578125
0 0.3828125 0.48359375 0.04375 0.0703125
0 0.42265625 0.50390625 0.03125 0.0578125
0 0.72734375 0.4859375 0.028125 0.053125
0 0.19765625 0.43125 0.0265625 0.059375
0 0.715625 0.47265625 0.025 0.0546875