0 0.55546875 0.8078125 0.1234375 0.13125
0 0.23203125 0.59296875 0.0828125 0.078125
0 0.07109375 0.51015625 0.05625 0.0640625
0 0.21328125 0.46640625 0.0703125 0.08125
0 0.32734375 0.44375 0.078125 0.08125
0 0.4203125 0.42265625 0.0671875 0.06875
0 0.47734375 0.37734375 0.0765625 0.0796875
0 0.378125 0.30390625 0.0671875 0.0671875
0 0.97578125 0.48828125 0.0484375 0.0890625
0 0.5140625 0.3140625 0.059375 0.0609375
0 0.4296875 0.18515625 0.0546875 0.0578125
0 0.47109375 0.1453125 0.059375 0.0625
0 0.55 0.196875 0.06875 0.06875
0 0.51171875 0.084375 0.059375 0.0625