0 0.1671875 0.4640625 0.02890625 0.02890625
0 0.75859375 0.60703125 0.0359375 0.0390625
0 0.7140625 0.4828125 0.028125 0.02890625
0 0.41328125 0.4359375 0.0296875 0.02734375
0 0.56328125 0.4609375 0.0234375 0.02890625
0 0.05078125 0.48515625 0.0265625 0.0265625
0 0.721875 0.4546875 0.02890625 0.028125
0 0.3703125 0.440625 0.021875 0.028125
0 0.59375 0.6125 0.0375 0.034375
0 0.05 0.421875 0.021875 0.021875
0 0.215625 0.409375 0.01953125 0.01875
0 0.37890625 0.46875 0.0234375 0.02890625
0 0.6859375 0.4421875 0.01875 0.021875
0 0.60546875 0.4203125 0.0140625 0.01875
0 0.99375 0.4546875 0.0125 0.03046875
0 0.93828125 0.4015625 0.0171875 0.025