0 0.3390625 0.2734375 0.01796875 0.02421875
0 0.34140625 0.31328125 0.0203125 0.0296875
0 0.4515625 0.3265625 0.021875 0.03046875
0 0.4625 0.4625 0.03125 0.03671875
0 0.4765625 0.4453125 0.03515625 0.02890625
0 0.45859375 0.42578125 0.0265625 0.0359375
0 0.4734375 0.38515625 0.02734375 0.0328125
0 0.51015625 0.375 0.0265625 0.02734375
0 0.57265625 0.3484375 0.0296875 0.02890625
0 0.590625 0.3 0.02265625 0.02265625
0 0.6578125 0.246875 0.01953125 0.02421875
0 0.625 0.3234375 0.02109375 0.021875
0 0.6859375 0.31953125 0.01953125 0.0234375
0 0.8609375 0.4546875 0.03671875 0.040625
0 0.878125 0.4359375 0.03515625 0.025
0 0.2296875 0.3203125 0.01796875 0.02265625