0 0.0359375 0.41875 0.028125 0.03046875
0 0.2296875 0.38359375 0.01953125 0.0171875
0 0.2640625 0.4390625 0.02265625 0.03046875
0 0.3859375 0.4109375 0.02109375 0.028125
0 0.490625 0.396875 0.021875 0.02265625
0 0.503125 0.43125 0.021875 0.02578125
0 0.53125 0.384375 0.015625 0.01796875
0 0.64765625 0.64296875 0.0421875 0.0390625
0 0.646875 0.54375 0.03203125 0.034375
0 0.57890625 0.375 0.0171875 0.02109375
0 0.59453125 0.41484375 0.0171875 0.0171875
0 0.5984375 0.4359375 0.01875 0.028125
0 0.7203125 0.4609375 0.0125 0.021875
0 0.8609375 0.471875 0.02734375 0.03125
0 0.959375 0.38515625 0.01875 0.0265625