0 0.80234375 0.5421875 0.140625 0.1625
0 0.23203125 0.2921875 0.0515625 0.05
0 0.7453125 0.2515625 0.06875 0.084375
0 0.4265625 0.41171875 0.0875 0.1140625
0 0.50703125 0.2765625 0.04375 0.0515625
0 0.43984375 0.18828125 0.0359375 0.046875
0 0.82421875 0.32265625 0.075 0.08125
0 0.16796875 0.31640625 0.046875 0.05
0 0.9140625 0.39453125 0.115625 0.13125
0 0.44765625 0.2640625 0.0421875 0.0546875
0 0.9671875 0.3546875 0.0453125 0.096875
0 0.61875 0.28125 0.078125 0.1
0 0.1359375 0.3828125 0.0390625 0.040625
0 0.10234375 0.27421875 0.040625 0.0359375
0 0.03046875 0.54296875 0.0609375 0.0796875