0 0.31640625 0.26953125 0.0203125 0.0265625
0 0.3203125 0.31171875 0.021875 0.03125
0 0.43671875 0.321875 0.0234375 0.0328125
0 0.45234375 0.46328125 0.034375 0.0390625
0 0.46796875 0.4453125 0.0375 0.03125
0 0.44765625 0.425 0.0296875 0.0390625
0 0.4609375 0.3828125 0.0296875 0.0359375
0 0.49921875 0.3703125 0.0296875 0.0296875
0 0.5640625 0.340625 0.0328125 0.03125
0 0.58203125 0.2890625 0.025 0.025
0 0.65 0.23046875 0.021875 0.0265625
0 0.61796875 0.3125 0.021875 0.0234375
0 0.68203125 0.30625 0.021875 0.025
0 0.8703125 0.440625 0.0390625 0.04375
0 0.88828125 0.42109375 0.0375 0.028125
0 0.203125 0.3234375 0.0203125 0.0234375