0 0.2984375 0.0828125 0.03203125 0.04296875
0 0.16875 0.1609375 0.034375 0.03515625
0 0.25 0.1875 0.03203125 0.040625
0 0.2859375 0.1796875 0.03125 0.04609375
0 0.3859375 0.18203125 0.03046875 0.0328125
0 0.16875 0.2515625 0.03828125 0.04140625
0 0.2328125 0.3109375 0.04375 0.05078125
0 0.16328125 0.3765625 0.0515625 0.05390625
0 0.0109375 0.3578125 0.02109375 0.05234375
0 0.1171875 0.4546875 0.05390625 0.06640625
0 0.13203125 0.54765625 0.0609375 0.0703125
0 0.7015625 0.4203125 0.0625 0.05625
0 0.7984375 0.48359375 0.06328125 0.0578125