0 0.32109375 0.45 0.0421875 0.0515625
0 0.33359375 0.21953125 0.0359375 0.046875
0 0.5046875 0.24140625 0.04375 0.0546875
0 0.409375 0.215625 0.0375 0.0515625
0 0.34921875 0.3296875 0.04375 0.053125
0 0.54921875 0.5 0.0671875 0.0875
0 0.20234375 0.33203125 0.053125 0.0515625
0 0.4109375 0.27578125 0.0390625 0.0546875
0 0.08125 0.5390625 0.0640625 0.0640625
0 0.70703125 0.5921875 0.0765625 0.078125
0 0.75703125 0.46015625 0.0765625 0.078125
0 0.5421875 0.3328125 0.05 0.053125
0 0.28984375 0.396875 0.034375 0.0421875
0 0.06328125 0.67734375 0.0546875 0.05625
0 0.1296875 0.74765625 0.090625 0.0796875