0 0.2984375 0.51171875 0.053125 0.0734375
0 0.590625 0.4671875 0.065625 0.07578125
0 0.6421875 0.40546875 0.05546875 0.0703125
0 0.803125 0.4546875 0.06796875 0.08515625
0 0.853125 0.3359375 0.04375 0.04765625
0 0.3578125 0.4671875 0.046875 0.059375
0 0.265625 0.39140625 0.04609375 0.0515625
0 0.9578125 0.3609375 0.0625 0.078125
0 0.353125 0.353125 0.03984375 0.05078125
0 0.3828125 0.26953125 0.03828125 0.0421875
0 0.75859375 0.7828125 0.0921875 0.1125
0 0.55625 0.146875 0.03515625 0.04296875
0 0.075 0.24140625 0.03359375 0.0328125