0 0.06796875 0.36015625 0.0359375 0.034375
0 0.09296875 0.328125 0.028125 0.0296875
0 0.23125 0.32890625 0.03125 0.0390625
0 0.32421875 0.2875 0.028125 0.03125
0 0.365625 0.33828125 0.03125 0.0328125
0 0.384375 0.34140625 0.015625 0.028125
0 0.4484375 0.296875 0.028125 0.0296875
0 0.67890625 0.25625 0.0203125 0.025
0 0.6953125 0.2859375 0.0171875 0.021875
0 0.26171875 0.54140625 0.0328125 0.0328125
0 0.42109375 0.4640625 0.0328125 0.0375
0 0.43671875 0.4328125 0.0375 0.03125
0 0.51953125 0.36015625 0.0375 0.0390625
0 0.5234375 0.33984375 0.0328125 0.028125
0 0.5734375 0.43203125 0.0296875 0.03125
0 0.6078125 0.5 0.034375 0.0359375
0 0.82421875 0.515625 0.0453125 0.046875
0 0.825 0.44375 0.0265625 0.028125
0 0.83671875 0.4078125 0.0265625 0.03125
0 0.834375 0.43125 0.03125 0.0234375
0 0.83984375 0.34921875 0.03125 0.034375
0 0.85234375 0.3328125 0.0296875 0.028125
0 0.9140625 0.52421875 0.0375 0.0453125
0 0.05 0.34140625 0.034375 0.03125