0 0.203125 0.4921875 0.05546875 0.06953125
0 0.540625 0.30625 0.03828125 0.05390625
0 0.42109375 0.37578125 0.0453125 0.0515625
0 0.12109375 0.4171875 0.0421875 0.04375
0 0.71171875 0.5625 0.0734375 0.07109375
0 0.9671875 0.32265625 0.04609375 0.0640625
0 0.06875 0.3703125 0.04453125 0.05
0 0.76171875 0.615625 0.0859375 0.078125
0 0.9109375 0.6984375 0.059375 0.07109375
0 0.29453125 0.4578125 0.0546875 0.05
0 0.096875 0.46796875 0.04453125 0.0578125
0 0.34921875 0.35859375 0.0421875 0.0515625
0 0.5046875 0.5875 0.07421875 0.06796875
0 0.44921875 0.52578125 0.0671875 0.0578125
0 0.3140625 0.7421875 0.09296875 0.07734375
0 0.028125 0.475 0.040625 0.046875
0 0.265625 0.5609375 0.06328125 0.07109375