0 0.853125 0.1875 0.02890625 0.034375
0 0.4859375 0.16484375 0.03515625 0.0359375
0 0.28203125 0.125 0.0234375 0.03125
0 0.83359375 0.434375 0.0484375 0.04921875
0 0.98984375 0.2578125 0.0203125 0.040625
0 0.365625 0.19140625 0.02890625 0.0328125
0 0.71875 0.1953125 0.03046875 0.03125
0 0.021875 0.03515625 0.02421875 0.0296875
0 0.75546875 0.253125 0.0328125 0.03828125
0 0.2140625 0.1328125 0.025 0.02578125
0 0.203125 0.2125 0.0375 0.03125
0 0.28125 0.2109375 0.03125 0.02890625
0 0.5265625 0.13125 0.02734375 0.028125
0 0.778125 0.159375 0.01953125 0.02734375
0 0.7765625 0.2078125 0.02265625 0.02421875