0 0.059375 0.30859375 0.040625 0.0390625
0 0.14921875 0.31875 0.0375 0.0390625
0 0.15859375 0.36640625 0.053125 0.059375
0 0.2671875 0.390625 0.05625 0.05625
0 0.29609375 0.2734375 0.034375 0.0375
0 0.35234375 0.29921875 0.04375 0.046875
0 0.4453125 0.22734375 0.03125 0.0375
0 0.4828125 0.1703125 0.028125 0.03125
0 0.490625 0.23671875 0.034375 0.046875
0 0.53671875 0.115625 0.03125 0.034375
0 0.58984375 0.14921875 0.03125 0.040625
0 0.50625 0.290625 0.0421875 0.0546875
0 0.57578125 0.334375 0.0375 0.040625