0 0.05234375 0.17734375 0.0296875 0.0328125
0 0.05 0.2109375 0.040625 0.0453125
0 0.14765625 0.15390625 0.034375 0.0359375
0 0.21484375 0.14453125 0.040625 0.0453125
0 0.28203125 0.15859375 0.0390625 0.04375
0 0.2390625 0.196875 0.034375 0.0375
0 0.290625 0.25390625 0.0203125 0.0296875
0 0.265625 0.2375 0.0515625 0.059375
0 0.1515625 0.23203125 0.040625 0.053125
0 0.084375 0.34140625 0.0515625 0.0546875
0 0.434375 0.2875 0.0609375 0.0546875
0 0.44609375 0.14375 0.0359375 0.05
0 0.5421875 0.05390625 0.0328125 0.0421875
0 0.71484375 0.040625 0.0375 0.0390625
0 0.725 0.046875 0.0296875 0.034375
0 0.57109375 0.096875 0.0359375 0.040625
0 0.6203125 0.15859375 0.0359375 0.0453125
0 0.515625 0.15234375 0.0375 0.05
0 0.5984375 0.1765625 0.040625 0.0546875
0 0.8984375 0.2375 0.05 0.0609375
0 0.55703125 0.465625 0.078125 0.0828125
0 0.6796875 0.409375 0.0671875 0.0671875
0 0.75078125 0.6234375 0.1109375 0.115625