0 0.1015625 0.27109375 0.025 0.028125
0 0.02421875 0.32734375 0.028125 0.0328125
0 0.28203125 0.33203125 0.0265625 0.034375
0 0.4171875 0.31640625 0.03125 0.0296875
0 0.446875 0.3484375 0.0171875 0.025
0 0.46171875 0.3265625 0.0296875 0.0328125
0 0.5109375 0.29609375 0.0234375 0.0265625
0 0.5609375 0.334375 0.01875 0.0234375
0 0.40703125 0.50390625 0.0328125 0.0359375
0 0.66171875 0.56015625 0.0421875 0.040625
0 0.84296875 0.534375 0.03125 0.0328125
0 0.9234375 0.534375 0.0328125 0.0359375
0 0.91484375 0.3578125 0.0203125 0.03125
0 0.9875 0.4390625 0.025 0.03125
0 0.99453125 0.40703125 0.0109375 0.0296875