0 0.04375 0.49375 0.040625 0.046875
0 0.04140625 0.5921875 0.0359375 0.0359375
0 0.109375 0.51796875 0.03125 0.0359375
0 0.13671875 0.51640625 0.0375 0.0359375
0 0.50078125 0.49765625 0.0359375 0.0390625
0 0.27578125 0.33046875 0.0265625 0.0328125
0 0.39609375 0.3078125 0.0296875 0.03125
0 0.4359375 0.31484375 0.0265625 0.0328125
0 0.48359375 0.27578125 0.0203125 0.0265625
0 0.53515625 0.30859375 0.021875 0.025
0 0.86875 0.365625 0.03125 0.03125
0 0.9203125 0.3796875 0.028125 0.028125
0 0.909375 0.28046875 0.0265625 0.0328125
0 0.98359375 0.3296875 0.0171875 0.028125
0 0.059375 0.30078125 0.025 0.025