0 0.8390625 0.00859375 0.046875 0.0171875
0 0.78125 0.059375 0.0484375 0.05
0 0.85625 0.309375 0.046875 0.0515625
0 0.54921875 0.38125 0.0703125 0.0640625
0 0.49921875 0.4359375 0.078125 0.0734375
0 0.57890625 0.48046875 0.09375 0.0890625
0 0.73125 0.790625 0.0796875 0.0890625
0 0.63515625 0.60703125 0.090625 0.0953125
0 0.44453125 0.6015625 0.05625 0.065625
0 0.35390625 0.65390625 0.065625 0.0671875
0 0.359375 0.3265625 0.0609375 0.0625
0 0.34921875 0.25703125 0.0578125 0.06875
0 0.3 0.37421875 0.0640625 0.0671875
0 0.07734375 0.29765625 0.0625 0.0703125
0 0.05390625 0.51328125 0.0859375 0.0875
0 0.15390625 0.4515625 0.06875 0.075