0 0.765625 0.3875 0.07890625 0.09453125
0 0.925 0.3453125 0.07265625 0.08984375
0 0.09609375 0.725 0.0953125 0.09765625
0 0.4875 0.6609375 0.09453125 0.1
0 0.2765625 0.325 0.06640625 0.08828125
0 0.2015625 0.5171875 0.08046875 0.09453125
0 0.034375 0.3375 0.05703125 0.07109375
0 0.8359375 0.5 0.10703125 0.1
0 0.17890625 0.334375 0.0609375 0.071875
0 0.1171875 0.4453125 0.05859375 0.0625
0 0.5265625 0.540625 0.09453125 0.08046875
0 0.0578125 0.4296875 0.08828125 0.084375
0 0.2171875 0.4015625 0.07734375 0.07578125