0 0.1671875 0.58203125 0.040625 0.0453125
0 0.571875 0.57421875 0.040625 0.046875
0 0.6546875 0.471875 0.0375 0.040625
0 0.82421875 0.49609375 0.040625 0.04375
0 0.2796875 0.4671875 0.0265625 0.0328125
0 0.64453125 0.58671875 0.0515625 0.0546875
0 0.984375 0.52578125 0.03125 0.0484375
0 0.05390625 0.49140625 0.028125 0.028125
0 0.4890625 0.6609375 0.0375 0.04375
0 0.46796875 0.4171875 0.03125 0.0359375
0 0.4328125 0.49609375 0.03125 0.0390625
0 0.47890625 0.4609375 0.0328125 0.0375
0 0.4015625 0.421875 0.025 0.0328125
0 0.34375 0.6171875 0.0421875 0.046875
0 0.27109375 0.65859375 0.0359375 0.034375
0 0.5078125 0.55234375 0.04375 0.04375
0 0.284375 0.55546875 0.040625 0.0375
0 0.30859375 0.66171875 0.04375 0.04375
0 0.35 0.5859375 0.0390625 0.0359375
0 0.56171875 0.37109375 0.028125 0.0296875
0 0.48671875 0.5390625 0.0359375 0.034375
0 0.6015625 0.34609375 0.0234375 0.0265625
0 0.6265625 0.3875 0.0234375 0.025
0 0.74609375 0.55390625 0.034375 0.0390625
0 0.78125 0.546875 0.053125 0.05
0 0.7328125 0.3859375 0.0265625 0.025