0 0.39140625 0.1296875 0.0328125 0.040625
0 0.3375 0.1828125 0.03359375 0.05078125
0 0.4296875 0.19375 0.03203125 0.046875
0 0.3515625 0.3421875 0.046875 0.06015625
0 0.43125 0.403125 0.03984375 0.04765625
0 0.1515625 0.40078125 0.04921875 0.0453125
0 0.14296875 0.41953125 0.0515625 0.0546875
0 0.175 0.51640625 0.06484375 0.0578125
0 0.253125 0.5421875 0.04140625 0.04296875
0 0.4453125 0.553125 0.03828125 0.04765625
0 0.49609375 0.5484375 0.0671875 0.07265625
0 0.41953125 0.6328125 0.0609375 0.05859375
0 0.4109375 0.6703125 0.07109375 0.096875
0 0.97890625 0.2453125 0.0390625 0.05390625
0 0.9109375 0.31015625 0.05546875 0.0734375
0 0.8890625 0.4328125 0.05859375 0.08125
0 0.7828125 0.5265625 0.06640625 0.071875
0 0.93359375 0.5625 0.0796875 0.08203125