0 0.228125 0.653125 0.04375 0.04375
0 0.92734375 0.47890625 0.0390625 0.04375
0 0.75234375 0.446875 0.0375 0.0421875
0 0.6953125 0.54140625 0.053125 0.0484375
0 0.40625 0.54375 0.0375 0.0375
0 0.53046875 0.478125 0.0296875 0.0359375
0 0.4828125 0.58203125 0.0375 0.0421875
0 0.30234375 0.5625 0.0375 0.0421875
0 0.60234375 0.45 0.03125 0.0359375
0 0.45078125 0.42734375 0.03125 0.034375
0 0.5765625 0.52578125 0.0359375 0.0375
0 0.27890625 0.48359375 0.0265625 0.03125
0 0.60390625 0.52890625 0.040625 0.040625
0 0.38828125 0.4359375 0.0265625 0.0296875
0 0.8203125 0.52734375 0.046875 0.046875
0 0.0703125 0.51171875 0.0296875 0.0265625
0 0.3953125 0.6546875 0.04375 0.04375
0 0.38203125 0.68125 0.0328125 0.0375
0 0.45234375 0.57421875 0.034375 0.0359375
0 0.571875 0.3546875 0.021875 0.025
0 0.59765625 0.3984375 0.0203125 0.021875
0 0.5390625 0.38046875 0.025 0.025
0 0.703125 0.3890625 0.0234375 0.0265625
0 0.790625 0.5328125 0.03125 0.034375
0 0.9515625 0.3015625 0.025 0.03125