0 0.309375 0.228125 0.03203125 0.03984375
0 0.2765625 0.296875 0.03671875 0.03984375
0 0.421875 0.1515625 0.02890625 0.034375
0 0.275 0.45234375 0.05390625 0.0640625
0 0.1640625 0.4234375 0.05234375 0.06484375
0 0.09375 0.3046875 0.03671875 0.03984375
0 0.2125 0.3359375 0.04453125 0.04765625
0 0.0453125 0.33828125 0.03671875 0.0453125
0 0.3421875 0.2703125 0.03203125 0.03671875
0 0.43203125 0.23515625 0.0234375 0.0359375
0 0.18046875 0.278125 0.0328125 0.04140625
0 0.53125 0.1203125 0.02421875 0.02890625
0 0.128125 0.3890625 0.02578125 0.03515625
0 0.47109375 0.19453125 0.0265625 0.0328125
0 0.515625 0.228125 0.02734375 0.03359375
0 0.1703125 0.315625 0.03828125 0.04296875
0 0.01171875 0.3484375 0.0234375 0.03828125