0 0.1890625 0.48515625 0.0671875 0.071875
0 0.80078125 0.14375 0.0640625 0.0765625
0 0.24453125 0.365625 0.05625 0.065625
0 0.56796875 0.26015625 0.0578125 0.06875
0 0.9171875 0.60078125 0.0734375 0.0859375
0 0.70703125 0.0453125 0.0484375 0.05625
0 0.37578125 0.9140625 0.096875 0.0984375
0 0.67578125 0.03125 0.034375 0.034375
0 0.37109375 0.38203125 0.0640625 0.06875
0 0.03046875 0.409375 0.0453125 0.0546875
0 0.39140625 0.44296875 0.0796875 0.084375
0 0.22890625 0.7203125 0.103125 0.0828125
0 0.246875 0.83828125 0.103125 0.1125
0 0.45859375 0.596875 0.084375 0.0828125
0 0.52890625 0.41640625 0.0765625 0.0796875
0 0.6671875 0.1625 0.0625 0.0640625
0 0.51171875 0.08828125 0.0453125 0.05
0 0.5484375 0.103125 0.04375 0.04375
0 0.80859375 0.04375 0.0515625 0.0328125
0 0.77421875 0.1046875 0.059375 0.0609375