0 0.28359375 0.40625 0.0296875 0.034375
0 0.3109375 0.3375 0.02578125 0.02890625
0 0.9109375 0.39375 0.03359375 0.03515625
0 0.853125 0.578125 0.03359375 0.03828125
0 0.8484375 0.5 0.034375 0.034375
0 0.6578125 0.4640625 0.03046875 0.03515625
0 0.4234375 0.3484375 0.025 0.02578125
0 0.04609375 0.52734375 0.0328125 0.0359375
0 0.221875 0.3765625 0.028125 0.03046875
0 0.734375 0.559375 0.03828125 0.04453125
0 0.9859375 0.35703125 0.02421875 0.0328125
0 0.5234375 0.4015625 0.03125 0.02890625
0 0.8625 0.42265625 0.02109375 0.0234375
0 0.80234375 0.39140625 0.0265625 0.0296875
0 0.68046875 0.36875 0.0296875 0.03203125
0 0.23359375 0.55 0.0234375 0.02578125
0 0.396875 0.4125 0.02734375 0.03125
0 0.484375 0.3875 0.028125 0.025
0 0.98359375 0.53125 0.0328125 0.03671875
0 0.7390625 0.4859375 0.02890625 0.03671875
0 0.3203125 0.41953125 0.02421875 0.0296875
0 0.93125 0.578125 0.04140625 0.03828125
0 0.959375 0.4671875 0.03515625 0.03125
0 0.1515625 0.3609375 0.028125 0.03125
0 0.12890625 0.38671875 0.0328125 0.0296875
0 0.5296875 0.49453125 0.03359375 0.0328125
0 0.26875 0.471875 0.03046875 0.03203125
0 0.1921875 0.3265625 0.02578125 0.02265625
0 0.5 0.38125 0.02421875 0.02578125
0 0.6203125 0.328125 0.01875 0.02109375
0 0.5875 0.3234375 0.01796875 0.015625
0 0.6609375 0.34375 0.01796875 0.01796875
0 0.76875 0.471875 0.03359375 0.03359375