0 0.7046875 0.68515625 0.05546875 0.0640625
0 0.703125 0.4046875 0.03515625 0.03671875
0 0.19375 0.528125 0.05 0.046875
0 0.140625 0.7234375 0.04921875 0.046875
0 0.38203125 0.3796875 0.0296875 0.03671875
0 0.0703125 0.3171875 0.0375 0.0375
0 0.5203125 0.65390625 0.04921875 0.0578125
0 0.890625 0.31640625 0.03203125 0.0359375
0 0.721875 0.596875 0.046875 0.05078125
0 0.90546875 0.596875 0.0453125 0.05078125
0 0.0953125 0.45625 0.0375 0.0375
0 0.9484375 0.4734375 0.04140625 0.04296875
0 0.403125 0.325 0.028125 0.03046875
0 0.146875 0.184375 0.02578125 0.03203125
0 0.56953125 0.3765625 0.0265625 0.03359375
0 0.3359375 0.32890625 0.02890625 0.0390625
0 0.5484375 0.50078125 0.040625 0.0453125
0 0.35390625 0.40625 0.0328125 0.040625
0 0.1484375 0.275 0.02578125 0.03046875
0 0.5828125 0.33203125 0.02734375 0.0296875
0 0.76171875 0.31484375 0.0265625 0.0296875
0 0.8046875 0.36328125 0.028125 0.0359375
0 0.96875 0.40859375 0.028125 0.0296875
0 0.34765625 0.275 0.0265625 0.02890625
0 0.0078125 0.67109375 0.015625 0.0390625
0 0.753125 0.4359375 0.03203125 0.03984375
0 0.0171875 0.29375 0.03125 0.02421875
0 0.3140625 0.2875 0.021875 0.02578125
0 0.37734375 0.35625 0.0328125 0.028125
0 0.5390625 0.265625 0.02421875 0.02421875
0 0.603125 0.3171875 0.02578125 0.03046875
0 0.725 0.3953125 0.02890625 0.03125
0 0.75 0.375 0.03359375 0.03046875
0 0.7546875 0.35390625 0.03515625 0.0296875
0 0.81875 0.3296875 0.02578125 0.03125
0 0.8609375 0.37265625 0.02734375 0.0296875
0 0.8015625 0.28671875 0.01953125 0.0203125
0 0.9921875 0.4109375 0.015625 0.040625
0 0.896875 0.29921875 0.03203125 0.0265625