0 0.32578125 0.28203125 0.0296875 0.0390625
0 0.6015625 0.50234375 0.04375 0.0515625
0 0.496875 0.23125 0.025 0.040625
0 0.5140625 0.40546875 0.03984375 0.0609375
0 0.4421875 0.153125 0.021875 0.03125
0 0.33671875 0.47890625 0.0515625 0.0578125
0 0.009375 0.32578125 0.01875 0.0359375
0 0.4 0.1890625 0.02265625 0.02578125
0 0.3671875 0.228125 0.02890625 0.034375
0 0.39765625 0.240625 0.0296875 0.028125
0 0.36875 0.45703125 0.04375 0.0578125
0 0.4734375 0.19765625 0.02578125 0.0359375
0 0.52109375 0.15625 0.0234375 0.028125
0 0.0484375 0.33125 0.03046875 0.040625
0 0.3609375 0.2859375 0.03671875 0.04140625
0 0.4984375 0.1203125 0.025 0.02265625
0 0.54765625 0.12265625 0.0203125 0.0140625
0 0.4671875 0.1140625 0.02421875 0.01484375