0 0.746875 0.5640625 0.07890625 0.10390625
0 0.2359375 0.1921875 0.03359375 0.03671875
0 0.1015625 0.3015625 0.0375 0.04140625
0 0.375 0.3375 0.03984375 0.05234375
0 0.3390625 0.278125 0.02578125 0.03203125
0 0.20546875 0.35859375 0.0421875 0.0453125
0 0.87734375 0.27578125 0.0515625 0.0515625
0 0.5515625 0.05078125 0.03125 0.0390625
0 0.6109375 0.059375 0.028125 0.040625
0 0.2453125 0.28203125 0.04375 0.0421875
0 0.1515625 0.2859375 0.03203125 0.0375
0 0.28125 0.2 0.03515625 0.04140625
0 0.31953125 0.4296875 0.0609375 0.053125
0 0.0359375 0.2703125 0.03671875 0.03359375
0 0.1796875 0.2140625 0.0375 0.03359375
0 0.665625 0.0109375 0.028125 0.021875
0 0.21875 0.25703125 0.03671875 0.0359375