0 0.0265625 0.35390625 0.05078125 0.0578125
0 0.0625 0.309375 0.04296875 0.04453125
0 0.1046875 0.33671875 0.04765625 0.0484375
0 0.2421875 0.30625 0.03515625 0.04296875
0 0.334375 0.2765625 0.03515625 0.03828125
0 0.30546875 0.46015625 0.0578125 0.0640625
0 0.4515625 0.39375 0.06953125 0.075
0 0.540625 0.33046875 0.04453125 0.0546875
0 0.66875 0.434375 0.040625 0.04375
0 0.6203125 0.121875 0.02734375 0.02734375
0 0.60078125 0.2015625 0.0296875 0.03515625
0 0.65 0.1671875 0.028125 0.03515625
0 0.39609375 0.403125 0.0421875 0.04453125