0 0.4140625 0.05625 0.03125 0.040625
0 0.1640625 0.5609375 0.071875 0.0609375
0 0.25 0.4140625 0.05 0.0625
0 0.25859375 0.38046875 0.05 0.0421875
0 0.24453125 0.2265625 0.040625 0.05625
0 0.34921875 0.24765625 0.040625 0.05
0 0.38125 0.51875 0.0671875 0.071875
0 0.41875 0.67421875 0.0578125 0.08125
0 0.38359375 0.6984375 0.0796875 0.090625
0 0.4953125 0.55625 0.04375 0.053125
0 0.49296875 0.32109375 0.053125 0.065625
0 0.55625 0.3484375 0.04375 0.046875
0 0.590625 0.67265625 0.05625 0.0734375
0 0.715625 0.50078125 0.06875 0.071875
0 0.7125 0.67890625 0.0828125 0.090625
0 0.9734375 0.30234375 0.053125 0.071875
0 0.9578125 0.57109375 0.078125 0.0984375