0 0.0375 0.3109375 0.0234375 0.0265625
0 0.22109375 0.36171875 0.025 0.0328125
0 0.35625 0.33984375 0.0296875 0.028125
0 0.38671875 0.36953125 0.015625 0.025
0 0.4 0.34765625 0.028125 0.03125
0 0.44765625 0.3140625 0.021875 0.0265625
0 0.49921875 0.35 0.01875 0.0234375
0 0.35546875 0.5265625 0.03125 0.034375
0 0.61171875 0.5703125 0.0390625 0.0390625
0 0.79140625 0.53515625 0.0296875 0.03125
0 0.87265625 0.53046875 0.03125 0.034375
0 0.85390625 0.3546875 0.01875 0.0296875
0 0.93359375 0.43203125 0.0265625 0.0296875
0 0.94375 0.40078125 0.0234375 0.0296875
0 0.97265625 0.38046875 0.028125 0.0328125
0 0.99296875 0.44140625 0.0140625 0.0265625