0 0.27890625 0.3171875 0.025 0.0265625
0 0.2375 0.40546875 0.028125 0.0328125
0 0.3515625 0.39921875 0.0359375 0.0375
0 0.46328125 0.365625 0.0296875 0.034375
0 0.50390625 0.39453125 0.034375 0.034375
0 0.55703125 0.50546875 0.04375 0.04375
0 0.5984375 0.3984375 0.0296875 0.0359375
0 0.61171875 0.36484375 0.028125 0.034375
0 0.6796875 0.34140625 0.021875 0.028125
0 0.709375 0.3828125 0.0234375 0.0265625
0 0.68828125 0.590625 0.040625 0.040625
0 0.72578125 0.4484375 0.03125 0.0375
0 0.73203125 0.421875 0.0296875 0.028125
0 0.74375 0.40859375 0.0296875 0.0359375
0 0.7921875 0.515625 0.0390625 0.0484375
0 0.796875 0.484375 0.0296875 0.0328125
0 0.8265625 0.45703125 0.0203125 0.0265625
0 0.9625 0.4703125 0.0296875 0.03125