0 0.4546875 0.684375 0.071875 0.0875
0 0.1046875 0.546875 0.06484375 0.06796875
0 0.20859375 0.1359375 0.0328125 0.040625
0 0.190625 0.2921875 0.03203125 0.04453125
0 0.453125 0.5390625 0.059375 0.06640625
0 0.39453125 0.4328125 0.0546875 0.05390625
0 0.3328125 0.3015625 0.02890625 0.03671875
0 0.2421875 0.26015625 0.03359375 0.0421875
0 0.2921875 0.128125 0.02734375 0.03984375
0 0.06796875 0.29453125 0.0390625 0.0390625
0 0.37421875 0.48671875 0.0703125 0.0578125
0 0.490625 0.46484375 0.04296875 0.0515625