0 0.046875 0.15546875 0.040625 0.0546875
0 0.121875 0.1828125 0.05 0.05625
0 0.21171875 0.046875 0.0265625 0.0328125
0 0.26796875 0.04296875 0.0265625 0.0359375
0 0.19921875 0.1296875 0.0359375 0.034375
0 0.28046875 0.11875 0.03125 0.03125
0 0.30078125 0.25234375 0.034375 0.040625
0 0.35234375 0.171875 0.0359375 0.046875
0 0.40625 0.59609375 0.040625 0.046875
0 0.4453125 0.45625 0.05 0.0515625
0 0.46171875 0.26328125 0.0375 0.0421875
0 0.49296875 0.053125 0.021875 0.025
0 0.5359375 0.06171875 0.0328125 0.0265625
0 0.51796875 0.09921875 0.0328125 0.040625
0 0.55078125 0.1953125 0.0390625 0.0375
0 0.56328125 0.2390625 0.0375 0.0375
0 0.703125 0.51328125 0.05625 0.0609375
0 0.68828125 0.43359375 0.04375 0.0421875
0 0.734375 0.14921875 0.028125 0.0359375
0 0.7609375 0.109375 0.0234375 0.03125
0 0.775 0.16640625 0.0328125 0.03125
0 0.87265625 0.14453125 0.0328125 0.0375