0 0.0671875 0.48046875 0.0453125 0.0484375
0 0.03046875 0.58671875 0.05625 0.0625
0 0.06796875 0.525 0.0640625 0.065625
0 0.18046875 0.52890625 0.053125 0.046875
0 0.14453125 0.61015625 0.0625 0.0640625
0 0.184375 0.6671875 0.071875 0.0703125
0 0.36953125 0.56875 0.0546875 0.0546875
0 0.4609375 0.1421875 0.0328125 0.034375
0 0.4859375 0.18359375 0.0375 0.0453125
0 0.625 0.50390625 0.0671875 0.0546875
0 0.63515625 0.55 0.078125 0.0765625
0 0.85078125 0.36015625 0.071875 0.078125
0 0.9125 0.46796875 0.0671875 0.075