0 0.1234375 0.3265625 0.02109375 0.02109375
0 0.2203125 0.4046875 0.02578125 0.02734375
0 0.25 0.5453125 0.03515625 0.03671875
0 0.2796875 0.50625 0.02734375 0.03125
0 0.2859375 0.34609375 0.021875 0.0296875
0 0.38359375 0.34375 0.0234375 0.02421875
0 0.43515625 0.371875 0.0140625 0.021875
0 0.44375 0.35 0.02265625 0.02890625
0 0.4875 0.321875 0.01953125 0.02265625
0 0.53125 0.3515625 0.01796875 0.02109375
0 0.63125 0.51328125 0.02421875 0.0296875
0 0.70703125 0.515625 0.0234375 0.03203125
0 0.803125 0.5546875 0.0375 0.03671875
0 0.846875 0.4859375 0.02578125 0.02578125
0 0.8640625 0.515625 0.02890625 0.02578125
0 0.85625 0.34296875 0.01796875 0.0265625
0 0.9375 0.38359375 0.02421875 0.0265625
0 0.9578125 0.3625 0.02578125 0.03046875