0 0.21015625 0.4171875 0.0421875 0.0421875
0 0.73125 0.58828125 0.0453125 0.046875
0 0.3453125 0.3859375 0.0296875 0.0375
0 0.1375 0.42421875 0.040625 0.04375
0 0.50234375 0.571875 0.04375 0.05
0 0.82734375 0.63203125 0.053125 0.0515625
0 0.0578125 0.359375 0.03125 0.03125
0 0.73671875 0.66640625 0.0515625 0.053125
0 0.53125 0.5859375 0.0421875 0.05
0 0.57109375 0.55 0.0453125 0.04375
0 0.475 0.42890625 0.034375 0.0375
0 0.97578125 0.571875 0.028125 0.0296875
0 0.67890625 0.42890625 0.0234375 0.025
0 0.75390625 0.65234375 0.0515625 0.053125
0 0.25078125 0.37109375 0.025 0.0296875
0 0.32890625 0.3484375 0.0234375 0.021875
0 0.15625 0.490625 0.025 0.0265625
0 0.02109375 0.390625 0.021875 0.028125
0 0.0296875 0.346875 0.01875 0.021875
0 0.56953125 0.41484375 0.01875 0.01875