0 0.23203125 0.325 0.0390625 0.03984375
0 0.521875 0.1796875 0.03671875 0.04296875
0 0.6171875 0.7421875 0.075 0.08671875
0 0.6125 0.0890625 0.03515625 0.040625
0 0.103125 0.2890625 0.03671875 0.03828125
0 0.16484375 0.3328125 0.0390625 0.04296875
0 0.57890625 0.5703125 0.0640625 0.07265625
0 0.0765625 0.371875 0.04140625 0.04765625
0 0.86875 0.328125 0.04140625 0.05390625
0 0.2625 0.43203125 0.05 0.0515625
0 0.078125 0.2546875 0.03203125 0.03125
0 0.1515625 0.4453125 0.04140625 0.04296875
0 0.3609375 0.6375 0.053125 0.05078125