0 0.871875 0.59921875 0.0453125 0.05
0 0.159375 0.59296875 0.0390625 0.034375
0 0.671875 0.5109375 0.0359375 0.0375
0 0.61953125 0.559375 0.0359375 0.0453125
0 0.04609375 0.621875 0.04375 0.0484375
0 0.565625 0.63125 0.05 0.05625
0 0.5203125 0.509375 0.0359375 0.040625
0 0.309375 0.5390625 0.034375 0.0375
0 0.2640625 0.490625 0.0265625 0.0328125
0 0.41875 0.6234375 0.040625 0.0421875
0 0.334375 0.5015625 0.0328125 0.0359375
0 0.3984375 0.44296875 0.0265625 0.028125
0 0.21953125 0.63515625 0.04375 0.040625
0 0.4578125 0.43984375 0.03125 0.0328125
0 0.37890625 0.59140625 0.04375 0.04375
0 0.0625 0.49921875 0.0265625 0.025
0 0.1515625 0.68671875 0.040625 0.0375
0 0.18828125 0.66953125 0.0421875 0.040625
0 0.365625 0.5671875 0.0359375 0.03125
0 0.5296875 0.6625 0.0359375 0.0390625
0 0.5921875 0.371875 0.021875 0.0265625
0 0.6203125 0.409375 0.021875 0.0234375
0 0.665625 0.57421875 0.0296875 0.034375
0 0.69296875 0.56484375 0.0453125 0.046875
0 0.715625 0.42109375 0.021875 0.0265625
0 0.5546875 0.39609375 0.021875 0.0234375
0 0.98359375 0.51640625 0.0328125 0.040625