0 0.48984375 0.46875 0.0484375 0.06171875
0 0.625 0.4515625 0.05390625 0.071875
0 0.46640625 0.14140625 0.0234375 0.0328125
0 0.3234375 0.2703125 0.03671875 0.040625
0 0.359375 0.2171875 0.02890625 0.03203125
0 0.4875 0.2578125 0.02734375 0.03984375
0 0.4578125 0.4921875 0.05546875 0.06328125
0 0.42734375 0.1765625 0.0203125 0.03125
0 0.48125 0.21328125 0.02578125 0.0359375
0 0.4140625 0.2265625 0.028125 0.028125
0 0.75 0.559375 0.05 0.06328125
0 0.0421875 0.3375 0.02890625 0.03984375
0 0.50703125 0.1640625 0.0265625 0.03046875
0 0.01171875 0.3265625 0.0234375 0.03359375
0 0.378125 0.275 0.03046875 0.0375
0 0.5484375 0.12890625 0.021875 0.0265625