0 0.03203125 0.25859375 0.0390625 0.075
0 0.17890625 0.25546875 0.0375 0.0796875
0 0.25625 0.37109375 0.00625 0.0140625
0 0.29296875 0.37578125 0.0046875 0.0109375
0 0.10859375 0.378125 0.00625 0.0125
0 0.93984375 0.328125 0.009375 0.015625
0 0.84453125 0.35390625 0.003125 0.0046875
0 0.84765625 0.35546875 0.003125 0.0046875
0 0.865625 0.35390625 0.003125 0.0046875
0 0.5203125 0.3765625 0.003125 0.00625
0 0.5875 0.37109375 0.003125 0.0046875
0 0.7078125 0.3640625 0.003125 0.0046875
0 0.7140625 0.3703125 0.0015625 0.0046875