0 0.025 0.33671875 0.03125 0.0328125
0 0.0375 0.35625 0.040625 0.04453125
0 0.11953125 0.31796875 0.0328125 0.0421875
0 0.140625 0.36640625 0.028125 0.0359375
0 0.10703125 0.3703125 0.0453125 0.05546875
0 0.215625 0.29140625 0.0375 0.0328125
0 0.22109375 0.32578125 0.0359375 0.0359375
0 0.2328125 0.36015625 0.03515625 0.0390625
0 0.2859375 0.2609375 0.028125 0.03203125
0 0.3 0.296875 0.03046875 0.03125
0 0.37421875 0.271875 0.0296875 0.04140625
0 0.4453125 0.22734375 0.02578125 0.0390625
0 0.45703125 0.16015625 0.0234375 0.0296875
0 0.46640625 0.1140625 0.0234375 0.028125
0 0.5546875 0.5296875 0.08515625 0.103125
0 0.51796875 0.1171875 0.0265625 0.02578125