0 0.5875 0.12265625 0.0265625 0.0390625
0 0.46875 0.12265625 0.028125 0.0421875
0 0.50234375 0.175 0.0296875 0.0359375
0 0.396875 0.175 0.0328125 0.04375
0 0.42734375 0.22578125 0.034375 0.0390625
0 0.3671875 0.2640625 0.034375 0.0421875
0 0.3015625 0.240625 0.0390625 0.0515625
0 0.27109375 0.303125 0.0359375 0.0453125
0 0.17109375 0.24140625 0.0390625 0.0453125
0 0.09609375 0.2578125 0.0390625 0.0421875
0 0.0640625 0.2921875 0.0453125 0.05
0 0.16640625 0.2859375 0.0375 0.034375
0 0.19453125 0.31015625 0.053125 0.053125
0 0.10390625 0.2828125 0.0375 0.028125
0 0.03359375 0.27109375 0.025 0.0484375
0 0.11328125 0.31328125 0.0578125 0.0578125
0 0.0671875 0.353125 0.05625 0.05625
0 0.22109375 0.35234375 0.059375 0.075