0 0.1203125 0.4171875 0.0234375 0.0390625
0 0.32890625 0.37578125 0.0140625 0.0234375
0 0.34609375 0.359375 0.0171875 0.0328125
0 0.409375 0.353125 0.0171875 0.0296875
0 0.44609375 0.35390625 0.0203125 0.0328125
0 0.50859375 0.321875 0.0203125 0.0328125
0 0.4015625 0.34609375 0.01875 0.03125
0 0.946875 0.2453125 0.0234375 0.034375
0 0.9546875 0.3 0.021875 0.03125
0 0.47109375 0.378125 0.003125 0.0078125
0 0.24921875 0.42734375 0.0046875 0.0078125
0 0.0015625 0.47734375 0.003125 0.0078125
0 0.0625 0.47421875 0.00625 0.009375
0 0.07734375 0.459375 0.00625 0.009375