0 0.609375 0.58125 0.09375 0.103125
0 0.634375 0.30546875 0.059375 0.065625
0 0.39609375 0.46953125 0.0828125 0.09375
0 0.41953125 0.3640625 0.05 0.05625
0 0.09453125 0.340625 0.0375 0.040625
0 0.74296875 0.3953125 0.0671875 0.0796875
0 0.9609375 0.33046875 0.046875 0.0953125
0 0.96796875 0.6359375 0.0640625 0.115625
0 0.328125 0.60546875 0.0671875 0.0828125
0 0.45859375 0.36328125 0.0578125 0.071875
0 0.690625 0.384375 0.071875 0.084375
0 0.165625 0.48515625 0.08125 0.0953125
0 0.03671875 0.6078125 0.0640625 0.0859375