0 0.65 0.64609375 0.05 0.0578125
0 0.80546875 0.5140625 0.0421875 0.0625
0 0.56953125 0.55 0.040625 0.0515625
0 0.60234375 0.24609375 0.034375 0.04375
0 0.246875 0.09296875 0.0234375 0.0328125
0 0.31015625 0.0828125 0.0203125 0.0265625
0 0.46015625 0.2375 0.0390625 0.04375
0 0.20859375 0.5609375 0.0609375 0.0671875
0 0.5109375 0.2984375 0.0359375 0.0453125
0 0.5125 0.38984375 0.0453125 0.0453125
0 0.6171875 0.38203125 0.028125 0.0359375
0 0.9875 0.66796875 0.025 0.0546875
0 0.75625 0.7109375 0.0625 0.0578125
0 0.27421875 0.5359375 0.0421875 0.0390625