0 0.2015625 0.4265625 0.04453125 0.053125
0 0.040625 0.546875 0.0625 0.06875
0 0.4921875 0.1046875 0.02734375 0.03984375
0 0.35625 0.49453125 0.053125 0.0578125
0 0.59609375 0.3921875 0.0421875 0.05390625
0 0.15390625 0.390625 0.0390625 0.046875
0 0.6828125 0.35546875 0.03984375 0.0484375
0 0.46875 0.39765625 0.04921875 0.0515625
0 0.05625 0.61796875 0.05625 0.0671875
0 0.04765625 0.3828125 0.0359375 0.04453125
0 0.3171875 0.58671875 0.05625 0.0546875
0 0.02109375 0.46484375 0.0421875 0.0484375
0 0.3359375 0.4625 0.05625 0.04921875
0 0.49296875 0.065625 0.0234375 0.02421875