0 0.38984375 0.72578125 0.0515625 0.0640625
0 0.3921875 0.52109375 0.05703125 0.0640625
0 0.39375 0.425 0.03984375 0.04140625
0 0.3796875 0.328125 0.04453125 0.05078125
0 0.47421875 0.43125 0.0546875 0.059375
0 0.52109375 0.43515625 0.0453125 0.0484375
0 0.6015625 0.66328125 0.06015625 0.0765625
0 0.684375 0.4421875 0.04609375 0.06484375
0 0.6859375 0.5640625 0.06484375 0.06171875
0 0.890625 0.31796875 0.05546875 0.0546875
0 0.8859375 0.36171875 0.05078125 0.0671875
0 0.91796875 0.478125 0.0546875 0.065625
0 0.85390625 0.6625 0.0859375 0.084375