0 0.04921875 0.33359375 0.0328125 0.0390625
0 0.103125 0.309375 0.0375 0.03671875
0 0.1109375 0.365625 0.03203125 0.04296875
0 0.1578125 0.31640625 0.03515625 0.0421875
0 0.1734375 0.284375 0.03046875 0.0375
0 0.14296875 0.35625 0.0359375 0.03828125
0 0.2796875 0.41875 0.05078125 0.05
0 0.4515625 0.4140625 0.059375 0.07734375
0 0.2875 0.29375 0.03046875 0.03203125
0 0.3359375 0.2984375 0.03125 0.0375
0 0.359375 0.21796875 0.02578125 0.0390625
0 0.39375 0.2609375 0.02890625 0.03671875
0 0.4296875 0.1625 0.025 0.03671875
0 0.4578125 0.20078125 0.025 0.0390625
0 0.51796875 0.13984375 0.0234375 0.0328125
0 0.23125 0.31875 0.04296875 0.04921875