0 0.190625 0.52265625 0.065625 0.0703125
0 0.7953125 0.15703125 0.0625 0.0734375
0 0.24296875 0.40078125 0.0546875 0.0640625
0 0.5640625 0.2828125 0.05625 0.0671875
0 0.928125 0.6125 0.0703125 0.084375
0 0.69765625 0.0609375 0.046875 0.0578125
0 0.39453125 0.94765625 0.09375 0.0953125
0 0.665625 0.04375 0.0359375 0.0421875
0 0.3703125 0.41171875 0.0625 0.0671875
0 0.02890625 0.4515625 0.04375 0.053125
0 0.39375 0.47265625 0.078125 0.0828125
0 0.2390625 0.7578125 0.1015625 0.0796875
0 0.26171875 0.87578125 0.1 0.109375
0 0.46640625 0.625 0.0828125 0.08125
0 0.53046875 0.44140625 0.075 0.078125
0 0.66171875 0.18046875 0.0609375 0.0625
0 0.50234375 0.11171875 0.04375 0.0484375
0 0.540625 0.125 0.04375 0.0421875
0 0.80078125 0.04453125 0.0515625 0.053125
0 0.76640625 0.11953125 0.0578125 0.0609375