0 0.1875 0.44296875 0.0703125 0.0828125
0 0.57578125 0.3109375 0.05 0.0625
0 0.4375 0.3609375 0.0578125 0.0625
0 0.115625 0.35 0.0515625 0.053125
0 0.7078125 0.61015625 0.090625 0.0875
0 0.99453125 0.4046875 0.0109375 0.071875
0 0.0703125 0.290625 0.05625 0.0609375
0 0.75 0.67578125 0.1046875 0.096875
0 0.890625 0.7890625 0.075 0.0859375
0 0.28984375 0.42421875 0.065625 0.0625
0 0.08125 0.3984375 0.0578125 0.06875
0 0.365625 0.33046875 0.053125 0.0609375
0 0.4859375 0.5984375 0.090625 0.084375
0 0.4390625 0.52421875 0.08125 0.0734375
0 0.25703125 0.725 0.1125 0.0984375
0 0.0203125 0.39453125 0.0265625 0.053125
0 0.240625 0.5265625 0.0796875 0.0859375