0 0.028125 0.61953125 0.05625 0.0765625
0 0.1703125 0.521875 0.05703125 0.071875
0 0.19609375 0.68828125 0.0671875 0.0703125
0 0.37265625 0.7765625 0.0703125 0.06640625
0 0.64296875 0.01953125 0.0265625 0.0359375
0 0.66796875 0.0578125 0.0265625 0.040625
0 0.5015625 0.196875 0.025 0.02734375
0 0.49375 0.24453125 0.02734375 0.0296875
0 0.5515625 0.13125 0.02890625 0.028125
0 0.5453125 0.19453125 0.03125 0.0359375
0 0.64375 0.2015625 0.03515625 0.03984375
0 0.64453125 0.27265625 0.0390625 0.0453125
0 0.7125 0.2078125 0.03671875 0.05625
0 0.7796875 0.21484375 0.03203125 0.0421875
0 0.7546875 0.27578125 0.0375 0.0484375