0 0.003125 0.44375 0.00625 0.03125
0 0.04921875 0.50625 0.0328125 0.034375
0 0.0296875 0.5296875 0.0296875 0.040625
0 0.06875 0.5640625 0.03125 0.034375
0 0.059375 0.59375 0.040625 0.0359375
0 0.19296875 0.453125 0.028125 0.0375
0 0.225 0.51171875 0.0375 0.040625
0 0.36953125 0.40546875 0.025 0.034375
0 0.42265625 0.40703125 0.028125 0.0328125
0 0.3875 0.5015625 0.0296875 0.0375
0 0.42578125 0.6015625 0.0515625 0.046875
0 0.5734375 0.575 0.04375 0.046875
0 0.55078125 0.59140625 0.0296875 0.03125
0 0.58125 0.5390625 0.0359375 0.0359375
0 0.4953125 0.38515625 0.025 0.0296875
0 0.5765625 0.35 0.021875 0.0265625
0 0.62109375 0.38125 0.0203125 0.0234375
0 0.70625 0.4 0.021875 0.025
0 0.690625 0.5953125 0.046875 0.0421875
0 0.78828125 0.50390625 0.034375 0.040625
0 0.7671875 0.42109375 0.0375 0.0328125
0 0.77421875 0.54375 0.0359375 0.0390625
0 0.890625 0.56328125 0.0453125 0.0375
0 0.984375 0.5234375 0.03125 0.04375