0 0.84296875 0.590625 0.1421875 0.165625
0 0.26015625 0.31015625 0.0515625 0.0515625
0 0.7953125 0.28671875 0.06875 0.0859375
0 0.45859375 0.44140625 0.0875 0.115625
0 0.54765625 0.30390625 0.04375 0.053125
0 0.4796875 0.2109375 0.0359375 0.046875
0 0.8734375 0.3640625 0.075 0.08125
0 0.19375 0.334375 0.046875 0.0515625
0 0.953125 0.4421875 0.09375 0.13125
0 0.484375 0.2890625 0.0421875 0.05625
0 0.6625 0.31328125 0.078125 0.103125
0 0.1578125 0.40078125 0.0390625 0.040625
0 0.1265625 0.2875 0.0421875 0.0375
0 0.0375 0.56328125 0.075 0.08125