0 0.0875 0.3828125 0.0359375 0.0390625
0 0.03125 0.2609375 0.0296875 0.0328125
0 0.2515625 0.325 0.0296875 0.034375
0 0.28203125 0.3046875 0.0296875 0.0359375
0 0.25 0.3984375 0.0375 0.0390625
0 0.28828125 0.36015625 0.0375 0.0421875
0 0.2828125 0.51484375 0.0453125 0.046875
0 0.32890625 0.38359375 0.0328125 0.034375
0 0.38671875 0.35625 0.0375 0.04375
0 0.484375 0.25 0.0265625 0.025
0 0.54375 0.3125 0.03125 0.0375
0 0.5765625 0.28828125 0.0328125 0.0328125
0 0.5375 0.37890625 0.040625 0.0390625
0 0.52421875 0.409375 0.04375 0.0453125
0 0.515625 0.4984375 0.0546875 0.05
0 0.49453125 0.6265625 0.046875 0.05
0 0.59453125 0.6359375 0.0578125 0.053125
0 0.78828125 0.57265625 0.0625 0.065625
0 0.93984375 0.56171875 0.0625 0.06875
0 0.98515625 0.478125 0.0296875 0.053125
0 0.840625 0.40859375 0.05 0.0546875
0 0.67890625 0.30859375 0.0359375 0.040625
0 0.7671875 0.21640625 0.0265625 0.021875
0 0.8703125 0.20859375 0.0375 0.0375
0 0.8359375 0.22734375 0.0359375 0.0421875
0 0.8078125 0.2578125 0.0328125 0.0328125
0 0.73046875 0.253125 0.03125 0.0375
0 0.7796875 0.29375 0.0328125 0.0359375
0 0.7546875 0.30703125 0.034375 0.0375
0 0.8203125 0.29375 0.0375 0.040625
0 0.7734375 0.3109375 0.034375 0.0390625
0 0.79453125 0.33671875 0.040625 0.046875
0 0.828125 0.3265625 0.0390625 0.0390625
0 0.92890625 0.315625 0.040625 0.04375