0 0.071875 0.121875 0.034375 0.0359375
0 0.08515625 0.16171875 0.0421875 0.0515625
0 0.1703125 0.09375 0.0390625 0.0359375
0 0.24375 0.08125 0.0421875 0.04375
0 0.16875 0.1640625 0.053125 0.05625
0 0.30625 0.096875 0.040625 0.046875
0 0.265625 0.140625 0.046875 0.0375
0 0.1484375 0.2796875 0.0578125 0.053125
0 0.29375 0.20546875 0.053125 0.053125
0 0.5171875 0.0453125 0.034375 0.0484375
0 0.5984375 0.04921875 0.0375 0.05
0 0.7421875 0.0296875 0.0296875 0.0234375
0 0.71484375 0.0546875 0.0390625 0.053125
0 0.38203125 0.39765625 0.071875 0.0828125
0 0.41640625 0.30625 0.0640625 0.059375
0 0.51875 0.29453125 0.0546875 0.0609375
0 0.01015625 0.621875 0.0203125 0.059375
0 0.80234375 0.33984375 0.0703125 0.0734375
0 0.9125 0.7515625 0.121875 0.1359375