0 0.3796875 0.79140625 0.0671875 0.0796875
0 0.35078125 0.5625 0.0734375 0.0796875
0 0.33671875 0.45625 0.05 0.053125
0 0.30703125 0.35 0.0578125 0.0640625
0 0.428125 0.44921875 0.0703125 0.075
0 0.48046875 0.446875 0.0578125 0.0609375
0 0.60703125 0.68828125 0.0796875 0.0953125
0 0.66328125 0.42890625 0.0609375 0.0796875
0 0.68515625 0.5640625 0.0828125 0.0796875
0 0.875 0.2578125 0.0703125 0.0703125
0 0.8765625 0.30703125 0.0671875 0.0828125
0 0.93046875 0.43203125 0.071875 0.0828125
0 0.8875 0.6484375 0.109375 0.1078125