0 0.003125 0.3296875 0.00625 0.0640625
0 0.06328125 0.2859375 0.0625 0.0515625
0 0.10546875 0.37421875 0.046875 0.05625
0 0.00625 0.56015625 0.0125 0.0625
0 0.06640625 0.40546875 0.0625 0.0609375
0 0.21953125 0.23984375 0.04375 0.0578125
0 0.24921875 0.2890625 0.0625 0.0625
0 0.43046875 0.28046875 0.046875 0.05625
0 0.46484375 0.42734375 0.06875 0.075
0 0.96640625 0.17890625 0.04375 0.05625
0 0.94140625 0.265625 0.040625 0.05625
0 0.88984375 0.32734375 0.065625 0.065625
0 0.8640625 0.40390625 0.059375 0.071875