0 0.04921875 0.2953125 0.0296875 0.03203125
0 0.14453125 0.2921875 0.0265625 0.03125
0 0.1171875 0.17109375 0.021875 0.0265625
0 0.303125 0.271875 0.021875 0.02734375
0 0.334375 0.2578125 0.021875 0.02890625
0 0.2875 0.3375 0.02890625 0.03046875
0 0.3296875 0.31015625 0.028125 0.0328125
0 0.2953125 0.4484375 0.034375 0.0375
0 0.3625 0.3390625 0.02421875 0.02734375
0 0.41875 0.325 0.028125 0.034375
0 0.528125 0.2484375 0.02109375 0.01875
0 0.56875 0.315625 0.02265625 0.03125
0 0.603125 0.3 0.02578125 0.025
0 0.55 0.375 0.03203125 0.03046875
0 0.5328125 0.39921875 0.03359375 0.0359375
0 0.5078125 0.478125 0.04375 0.0375
0 0.4640625 0.58984375 0.03515625 0.0390625
0 0.553125 0.6171875 0.04609375 0.03984375
0 0.73984375 0.596875 0.0484375 0.05078125
0 0.878125 0.61640625 0.04765625 0.0546875
0 0.9484375 0.5515625 0.04296875 0.04375
0 0.81875 0.459375 0.0375 0.04296875
0 0.6921875 0.33828125 0.02734375 0.0328125
0 0.7890625 0.271875 0.021875 0.01640625
0 0.8828125 0.28515625 0.02890625 0.0296875
0 0.8484375 0.2953125 0.02578125 0.034375
0 0.8171875 0.3171875 0.02578125 0.025
0 0.7484375 0.2984375 0.02265625 0.03046875
0 0.7859375 0.34375 0.02421875 0.028125
0 0.76015625 0.3515625 0.0265625 0.03046875
0 0.821875 0.3515625 0.028125 0.03203125
0 0.7765625 0.3578125 0.025 0.03203125
0 0.790625 0.3859375 0.03046875 0.0375
0 0.82265625 0.3828125 0.0296875 0.03125
0 0.915625 0.3921875 0.03125 0.03515625