0 0.5359375 0.20625 0.0359375 0.04375
0 0.60390625 0.33984375 0.0421875 0.0484375
0 0.5328125 0.3734375 0.04375 0.05
0 0.125 0.52265625 0.0734375 0.0703125
0 0.1640625 0.56484375 0.05625 0.0625
0 0.21796875 0.428125 0.059375 0.0578125
0 0.296875 0.55625 0.065625 0.0671875
0 0.3984375 0.54453125 0.0671875 0.065625
0 0.47890625 0.6375 0.0625 0.0625
0 0.584375 0.7140625 0.0890625 0.090625
0 0.646875 0.5890625 0.0765625 0.06875
0 0.66484375 0.50546875 0.0671875 0.078125
0 0.96796875 0.55625 0.0640625 0.078125