0 0.0984375 0.1421875 0.03125 0.0328125
0 0.14609375 0.309375 0.04375 0.04375
0 0.2578125 0.28125 0.040625 0.0390625
0 0.28671875 0.21328125 0.0234375 0.03125
0 0.3375 0.2015625 0.0296875 0.0328125
0 0.33359375 0.3015625 0.0453125 0.04375
0 0.334375 0.3375 0.0375 0.0421875
0 0.4 0.28671875 0.03125 0.034375
0 0.55859375 0.234375 0.025 0.021875
0 0.52890625 0.3078125 0.0296875 0.03125
0 0.49609375 0.3765625 0.0390625 0.0453125
0 0.45234375 0.4359375 0.04375 0.0453125
0 0.55 0.471875 0.046875 0.0515625
0 0.784375 0.3015625 0.028125 0.03125
0 0.753125 0.3265625 0.0296875 0.034375
0 0.76640625 0.37109375 0.03125 0.0359375
0 0.8203125 0.35703125 0.03125 0.0328125
0 0.87421875 0.3421875 0.034375 0.0421875
0 0.88828125 0.49453125 0.0421875 0.0421875
0 0.98828125 0.425 0.0234375 0.034375
0 0.2015625 0.28046875 0.04375 0.046875
0 0.10546875 0.33984375 0.0296875 0.03125