0 0.0796875 0.215625 0.0359375 0.0375
0 0.17578125 0.23046875 0.0328125 0.0359375
0 0.171875 0.10390625 0.028125 0.03125
0 0.3390625 0.240625 0.028125 0.03125
0 0.37265625 0.23359375 0.028125 0.0328125
0 0.3109375 0.303125 0.034375 0.0359375
0 0.3578125 0.284375 0.034375 0.0390625
0 0.296875 0.41640625 0.0421875 0.04375
0 0.384375 0.31953125 0.0296875 0.0328125
0 0.44453125 0.31640625 0.034375 0.040625
0 0.56875 0.2609375 0.025 0.0234375
0 0.596875 0.33671875 0.0296875 0.0359375
0 0.634375 0.328125 0.03125 0.0296875
0 0.5671875 0.3921875 0.0375 0.0375
0 0.54375 0.41328125 0.040625 0.0421875
0 0.50390625 0.48828125 0.0515625 0.0453125
0 0.43828125 0.59140625 0.0421875 0.0453125
0 0.521875 0.6359375 0.053125 0.0484375
0 0.7140625 0.653125 0.0578125 0.059375
0 0.84921875 0.69921875 0.0578125 0.0640625
0 0.93125 0.64765625 0.0515625 0.0515625
0 0.81953125 0.5296875 0.0453125 0.05
0 0.71640625 0.38359375 0.034375 0.0390625
0 0.8265625 0.3359375 0.025 0.0203125
0 0.91796875 0.3671875 0.034375 0.0359375
0 0.88203125 0.3703125 0.0328125 0.0390625
0 0.84609375 0.38671875 0.03125 0.0296875
0 0.78046875 0.35390625 0.0296875 0.034375
0 0.80859375 0.40703125 0.0296875 0.0328125
0 0.78203125 0.41015625 0.0328125 0.0359375
0 0.84375 0.42265625 0.034375 0.0375
0 0.79765625 0.4203125 0.03125 0.0375
0 0.80546875 0.45 0.0375 0.04375
0 0.83828125 0.45390625 0.0359375 0.0375
0 0.93046875 0.48203125 0.0390625 0.040625