0 0.16484375 0.40859375 0.0453125 0.090625
0 0.253125 0.4046875 0.046875 0.084375
0 0.7796875 0.41015625 0.0703125 0.128125
0 0.4 0.415625 0.0421875 0.0578125
0 0.6390625 0.371875 0.0546875 0.0875
0 0.39921875 0.48359375 0.071875 0.11875
0 0.54296875 0.46015625 0.0625 0.1015625
0 0.303125 0.4296875 0.0296875 0.0640625
0 0.33359375 0.43359375 0.03125 0.0625
0 0.53671875 0.38671875 0.05 0.0921875
0 0.51171875 0.43046875 0.0515625 0.0859375
0 0.084375 0.42109375 0.0390625 0.06875
0 0.11484375 0.43984375 0.046875 0.0796875