0 0.5625 0.51640625 0.0359375 0.0375
0 0.16875 0.4671875 0.0328125 0.0375
0 0.2984375 0.3171875 0.0265625 0.0328125
0 0.5046875 0.51484375 0.0296875 0.034375
0 0.87421875 0.5 0.0375 0.0375
0 0.7671875 0.525 0.034375 0.0359375
0 0.96796875 0.396875 0.028125 0.03125
0 0.60234375 0.54609375 0.0390625 0.0421875
0 0.3921875 0.390625 0.028125 0.03125
0 0.47109375 0.32734375 0.0265625 0.028125
0 0.13515625 0.28046875 0.0234375 0.0234375
0 0.3765625 0.31484375 0.0234375 0.025
0 0.50625 0.30234375 0.021875 0.025
0 0.54609375 0.334375 0.01875 0.021875
0 0.44375 0.35234375 0.0234375 0.0265625
0 0.68515625 0.490625 0.0359375 0.0328125
0 0.98828125 0.38046875 0.0234375 0.0328125
0 0.88671875 0.35 0.0234375 0.025
0 0.69609375 0.5109375 0.0328125 0.03125
0 0.64375 0.4109375 0.0109375 0.0203125