0 0.17890625 0.48984375 0.01875 0.0296875
0 0.0515625 0.85859375 0.021875 0.034375
0 0.8609375 0.521875 0.015625 0.021875
0 0.60703125 0.0046875 0.0109375 0.009375
0 0.72421875 0.6625 0.01875 0.021875
0 0.37890625 0.303125 0.0125 0.0203125
0 0.63125 0.70859375 0.01875 0.0359375
0 0.37734375 0.0109375 0.009375 0.00625
0 0.09296875 0.55078125 0.015625 0.025
0 0.14765625 0.4734375 0.015625 0.0234375
0 0.46640625 0.18359375 0.0109375 0.01875
0 0.3328125 0.115625 0.0109375 0.0203125
0 0.26171875 0.22265625 0.0109375 0.0171875
0 0.35078125 0.46171875 0.0140625 0.0265625
0 0.99609375 0.47109375 0.0078125 0.021875
0 0.5921875 0.021875 0.0109375 0.01875
0 0.28125 0.3109375 0.015625 0.028125
0 0.2171875 0.49453125 0.021875 0.0375
0 0.19375 0.46796875 0.0203125 0.0328125
0 0.6171875 0.35390625 0.0203125 0.0359375
0 0.84375 0.3703125 0.0203125 0.0390625
0 0.946875 0.12578125 0.0171875 0.0296875
0 0.9375 0.03984375 0.01875 0.040625
0 0.50390625 0.1046875 0.015625 0.034375
0 0.55703125 0.03203125 0.015625 0.0296875
0 0.40390625 0.0140625 0.0140625 0.0171875