0 0.759375 0.6703125 0.01484375 0.0265625
0 0.0421875 0.76328125 0.01796875 0.02890625
0 0.2171875 0.48125 0.01171875 0.02109375
0 0.128125 0.0328125 0.00859375 0.015625
0 0.18828125 0.4671875 0.0125 0.02109375
0 0.7859375 0.32734375 0.01015625 0.01796875
0 0.48125 0.0796875 0.009375 0.015625
0 0.36875 0.571875 0.01171875 0.025
0 0.96015625 0.15859375 0.0140625 0.025
0 0.4953125 0.18671875 0.01015625 0.02265625
0 0.621875 0.8453125 0.01640625 0.034375
0 0.1421875 0.4375 0.01015625 0.01640625
0 0.30546875 0.20703125 0.009375 0.01640625
0 0.40625 0.39921875 0.0109375 0.01796875
0 0.60859375 0.45546875 0.0140625 0.025
0 0.2265625 0.4640625 0.01796875 0.028125
0 0.38203125 0.21171875 0.0078125 0.01796875
0 0.6390625 0.1140625 0.0078125 0.01640625
0 0.7953125 0.46640625 0.01015625 0.0140625
0 0.05625 0.13125 0.0140625 0.028125
0 0.20546875 0.0234375 0.0109375 0.02109375
0 0.45078125 0.07109375 0.01171875 0.02421875
0 0.42890625 0.07578125 0.0140625 0.02421875
0 0.53125 0.11875 0.01015625 0.0296875
0 0.5828125 0.0609375 0.009375 0.0265625
0 0.62265625 0.1328125 0.01171875 0.02421875
0 0.31484375 0.278125 0.01328125 0.02421875
0 0.675 0.05 0.00859375 0.0203125
0 0.69375 0.01171875 0.0078125 0.01875
0 0.734375 0.05703125 0.0109375 0.0234375
0 0.84296875 0.0265625 0.0125 0.02109375
0 0.90859375 0.1671875 0.0125 0.02421875
0 0.9203125 0.0953125 0.0140625 0.02421875
0 0.89453125 0.025 0.01015625 0.0234375
0 0.8578125 0.02734375 0.0109375 0.02265625