0 0.81171875 0.578125 0.0234375 0.0328125
0 0.16640625 0.53046875 0.01875 0.0265625
0 0.13203125 0.5234375 0.0203125 0.0265625
0 0.74140625 0.19609375 0.0171875 0.021875
0 0.359375 0.584375 0.0203125 0.03125
0 0.384375 0.12734375 0.0171875 0.028125
0 0.7140625 0.8078125 0.028125 0.0421875
0 0.07265625 0.5046875 0.015625 0.021875
0 0.18359375 0.20546875 0.015625 0.0203125
0 0.3484375 0.38515625 0.0171875 0.0234375
0 0.5859375 0.38828125 0.021875 0.03125
0 0.1734375 0.50859375 0.028125 0.0359375
0 0.26796875 0.18828125 0.0140625 0.021875
0 0.51875 0.0078125 0.0125 0.015625
0 0.79296875 0.3453125 0.015625 0.01875
0 0.403125 0.04296875 0.0203125 0.0359375
0 0.50703125 0.03203125 0.0203125 0.0296875
0 0.2140625 0.2796875 0.021875 0.03125