0 0.72578125 0.69453125 0.0203125 0.0265625
0 0.14453125 0.52890625 0.0203125 0.028125
0 0.96171875 0.11875 0.015625 0.028125
0 0.99609375 0.54296875 0.0078125 0.0234375
0 0.615625 0.8046875 0.0203125 0.0375
0 0.36953125 0.034375 0.0171875 0.0234375
0 0.1109375 0.51015625 0.015625 0.0234375
0 0.80078125 0.36328125 0.015625 0.0375
0 0.32265625 0.540625 0.0140625 0.0265625
0 0.05703125 0.55234375 0.015625 0.025
0 0.8234375 0.528125 0.0171875 0.0375
0 0.58125 0.04140625 0.0109375 0.0171875
0 0.58671875 0.41484375 0.0171875 0.0296875
0 0.6140625 0.00234375 0.0125 0.0046875
0 0.35 0.3671875 0.0140625 0.0234375
0 0.29921875 0.16484375 0.0109375 0.01875
0 0.2234375 0.23515625 0.0109375 0.01875
0 0.2390625 0.32109375 0.01875 0.034375
0 0.18125 0.5296875 0.0234375 0.0390625
0 0.15625 0.50390625 0.0203125 0.0375
0 0.4375 0.1953125 0.0171875 0.034375
0 0.47109375 0.11015625 0.0140625 0.03125
0 0.3453125 0.03515625 0.0140625 0.025
0 0.565625 0.06484375 0.0140625 0.0296875
0 0.52109375 0.0390625 0.0125 0.028125
0 0.6890625 0.0046875 0.015625 0.009375
0 0.9109375 0.13828125 0.0171875 0.0375
0 0.9109375 0.0546875 0.015625 0.0359375