0 0.2140625 0.47265625 0.01328125 0.0265625
0 0.609375 0.78671875 0.015625 0.03203125
0 0.053125 0.77890625 0.01875 0.03359375
0 0.978125 0.5765625 0.01640625 0.01953125
0 0.4046875 0.36484375 0.01015625 0.01796875
0 0.9609375 0.1765625 0.01328125 0.025
0 0.72890625 0.66953125 0.015625 0.021875
0 0.4953125 0.19765625 0.0078125 0.015625
0 0.796875 0.3578125 0.01171875 0.02109375
0 0.1359375 0.46640625 0.01171875 0.01953125
0 0.184375 0.4609375 0.01171875 0.01953125
0 0.30546875 0.21875 0.009375 0.01796875
0 0.3796875 0.18359375 0.00703125 0.01640625
0 0.36640625 0.52265625 0.0109375 0.0234375
0 0.309375 0.29296875 0.00859375 0.01640625
0 0.2265625 0.459375 0.01640625 0.028125
0 0.61015625 0.42265625 0.0125 0.0234375
0 0.446875 0.06015625 0.00859375 0.0125
0 0.6703125 0.04375 0.00859375 0.01796875
0 0.8046875 0.49921875 0.0109375 0.01796875
0 0.53125 0.1265625 0.0109375 0.021875
0 0.5796875 0.0703125 0.009375 0.02109375
0 0.61953125 0.1140625 0.01171875 0.01953125
0 0.63671875 0.09140625 0.01015625 0.0203125
0 0.690625 0.00859375 0.0109375 0.01640625
0 0.9140625 0.1828125 0.0125 0.0234375
0 0.9234375 0.1046875 0.01015625 0.0203125
0 0.89609375 0.0328125 0.009375 0.02109375
0 0.8609375 0.0265625 0.009375 0.01953125
0 0.8421875 0.03046875 0.01171875 0.0234375
0 0.73203125 0.0515625 0.0140625 0.0234375
0 0.05390625 0.12421875 0.01328125 0.01875
0 0.14296875 0.01640625 0.01015625 0.02265625
0 0.428125 0.065625 0.0109375 0.0203125