0 0.2109375 0.475 0.0140625 0.025
0 0.0671875 0.79609375 0.0171875 0.03046875
0 0.734375 0.046875 0.0125 0.0234375
0 0.81953125 0.5578125 0.0125 0.01796875
0 0.6328125 0.0703125 0.00859375 0.015625
0 0.6859375 0.67265625 0.01484375 0.01796875
0 0.9734375 0.203125 0.0140625 0.025
0 0.4046875 0.3234375 0.009375 0.01640625
0 0.5984375 0.7078125 0.01484375 0.03203125
0 0.4265625 0.05625 0.00859375 0.015625
0 0.128125 0.52265625 0.01171875 0.02109375
0 0.184375 0.45859375 0.0125 0.01953125
0 0.4921875 0.2234375 0.0078125 0.01640625
0 0.378125 0.15234375 0.0078125 0.01796875
0 0.30625 0.2421875 0.00859375 0.015625
0 0.3671875 0.4640625 0.0109375 0.021875
0 0.95 0.521875 0.015625 0.01953125
0 0.846875 0.0375 0.01328125 0.01953125
0 0.66484375 0.04375 0.0078125 0.01796875
0 0.6171875 0.0890625 0.00859375 0.01640625
0 0.05234375 0.12265625 0.0125 0.025
0 0.31640625 0.3234375 0.0125 0.02421875
0 0.24453125 0.48203125 0.0171875 0.0328125
0 0.225 0.45703125 0.015625 0.02890625
0 0.6140625 0.38828125 0.015625 0.03125
0 0.81640625 0.4203125 0.01484375 0.034375
0 0.928125 0.209375 0.0125 0.0265625
0 0.92578125 0.13125 0.0140625 0.03515625
0 0.8984375 0.0484375 0.0140625 0.025
0 0.53203125 0.15546875 0.01171875 0.0296875
0 0.58515625 0.09453125 0.01171875 0.025
0 0.45 0.06328125 0.01171875 0.02109375
0 0.49453125 0.04765625 0.0109375 0.02578125
0 0.4859375 0.00859375 0.009375 0.0171875
0 0.86484375 0.03203125 0.0125 0.0203125