0 0.2015625 0.4765625 0.0140625 0.021875
0 0.29921875 0.253125 0.009375 0.015625
0 0.7953125 0.665625 0.01875 0.028125
0 0.16875 0.46171875 0.0140625 0.0234375
0 0.02265625 0.79765625 0.0203125 0.0328125
0 0.2109375 0.45703125 0.021875 0.0328125
0 0.49453125 0.13828125 0.009375 0.0140625
0 0.8234375 0.2953125 0.0109375 0.021875
0 0.83828125 0.4484375 0.0125 0.015625
0 0.478125 0.0203125 0.0109375 0.01875
0 0.6578125 0.84609375 0.01875 0.0375
0 0.1171875 0.44453125 0.0125 0.021875
0 0.3703125 0.5625 0.0140625 0.028125
0 0.28828125 0.17421875 0.009375 0.0171875
0 0.37265625 0.16640625 0.009375 0.0203125
0 0.40546875 0.37421875 0.0109375 0.0203125
0 0.009375 0.096875 0.0125 0.028125
0 0.23359375 0.47890625 0.0171875 0.0296875
0 0.6328125 0.42890625 0.015625 0.028125
0 0.53125 0.06640625 0.0125 0.03125
0 0.43984375 0.01328125 0.0109375 0.021875
0 0.41796875 0.02265625 0.0140625 0.025
0 0.58515625 0.00703125 0.0109375 0.0140625
0 0.63203125 0.07265625 0.0125 0.0234375
0 0.65 0.0515625 0.0140625 0.0265625
0 0.95 0.1109375 0.0140625 0.0296875
0 0.959375 0.0296875 0.0109375 0.025