0 0.184375 0.4078125 0.0171875 0.028125
0 0.534375 0.153125 0.0125 0.01875
0 0.10390625 0.38046875 0.015625 0.0234375
0 0.7109375 0.7078125 0.021875 0.03125
0 0.15546875 0.38828125 0.015625 0.0234375
0 0.5578125 0.8234375 0.0234375 0.0390625
0 0.3265625 0.14296875 0.0125 0.0203125
0 0.40703125 0.3265625 0.0140625 0.0203125
0 0.3390625 0.49296875 0.015625 0.028125
0 0.9890625 0.21171875 0.01875 0.040625
0 0.70625 0.06640625 0.0109375 0.01875
0 0.2 0.39296875 0.0234375 0.034375
0 0.4125 0.1234375 0.0109375 0.01875
0 0.83359375 0.371875 0.0140625 0.021875
0 0.61953125 0.421875 0.0171875 0.0265625
0 0.50546875 0.00390625 0.0109375 0.0078125
0 0.07421875 0.00703125 0.0078125 0.0140625
0 0.484375 0.00859375 0.015625 0.0171875
0 0.31953125 0.22734375 0.015625 0.0265625
0 0.21484375 0.4234375 0.021875 0.0375
0 0.58515625 0.08359375 0.015625 0.028125
0 0.5453125 0.015625 0.0140625 0.0234375
0 0.64921875 0.0328125 0.0125 0.025
0 0.81484375 0.53828125 0.021875 0.040625
0 0.81484375 0.046875 0.015625 0.0078125
0 0.6828125 0.09296875 0.0140625 0.021875