0 0.2109375 0.47265625 0.015625 0.0234375
0 0.0609375 0.78671875 0.01875 0.034375
0 0.49921875 0.22265625 0.009375 0.021875
0 0.98125 0.20859375 0.0140625 0.025
0 0.6 0.72734375 0.015625 0.0328125
0 0.6921875 0.67578125 0.015625 0.021875
0 0.4359375 0.0546875 0.009375 0.015625
0 0.8171875 0.4140625 0.0109375 0.021875
0 0.36953125 0.46953125 0.0109375 0.0234375
0 0.18515625 0.45546875 0.0125 0.0203125
0 0.8203125 0.55625 0.0125 0.021875
0 0.64375 0.07421875 0.0078125 0.015625
0 0.3109375 0.23515625 0.009375 0.01875
0 0.12890625 0.50703125 0.0125 0.021875
0 0.4109375 0.328125 0.009375 0.0171875
0 0.95625 0.54296875 0.015625 0.0203125
0 0.934375 0.2125 0.0125 0.0234375
0 0.22734375 0.45390625 0.015625 0.0265625
0 0.6140625 0.39453125 0.0140625 0.025
0 0.38515625 0.15546875 0.0078125 0.0171875
0 0.6765625 0.046875 0.0078125 0.01875
0 0.05859375 0.11953125 0.015625 0.028125
0 0.31953125 0.31484375 0.0140625 0.025
0 0.2453125 0.48125 0.0171875 0.0359375
0 0.5421875 0.1515625 0.0125 0.0296875
0 0.59375 0.09140625 0.0109375 0.0234375
0 0.62734375 0.09765625 0.0109375 0.0203125
0 0.5015625 0.053125 0.0109375 0.028125
0 0.45703125 0.06171875 0.0140625 0.0203125
0 0.7453125 0.05625 0.0109375 0.0234375
0 0.69921875 0.01015625 0.0125 0.0140625
0 0.85859375 0.0453125 0.0140625 0.0234375
0 0.87421875 0.03671875 0.0109375 0.0265625
0 0.91171875 0.05546875 0.0109375 0.021875
0 0.93515625 0.1328125 0.0109375 0.0265625