0 0.040625 0.7609375 0.0171875 0.03046875
0 0.1890625 0.46796875 0.01171875 0.021875
0 0.765625 0.66796875 0.01484375 0.028125
0 0.215625 0.48359375 0.0109375 0.021875
0 0.14296875 0.428125 0.0109375 0.01796875
0 0.12421875 0.03515625 0.0078125 0.015625
0 0.95859375 0.1578125 0.0125 0.0265625
0 0.36953125 0.5828125 0.0109375 0.0265625
0 0.784375 0.31796875 0.01015625 0.01953125
0 0.6234375 0.86171875 0.01640625 0.034375
0 0.6078125 0.46171875 0.0140625 0.0265625
0 0.40625 0.4078125 0.0109375 0.01796875
0 0.3125 0.27265625 0.00859375 0.015625
0 0.38203125 0.21484375 0.0078125 0.01796875
0 0.4953125 0.18046875 0.00859375 0.01640625
0 0.2265625 0.465625 0.01796875 0.028125
0 0.3046875 0.2046875 0.00859375 0.01796875
0 0.79375 0.4671875 0.0140625 0.03203125
0 0.9078125 0.1609375 0.009375 0.0234375
0 0.91953125 0.08984375 0.009375 0.0234375
0 0.89609375 0.021875 0.01015625 0.021875
0 0.85703125 0.02578125 0.01015625 0.0234375
0 0.8421875 0.0265625 0.0109375 0.02421875
0 0.7359375 0.06015625 0.0140625 0.01953125
0 0.6953125 0.0140625 0.01015625 0.01640625
0 0.6765625 0.04765625 0.00859375 0.015625
0 0.6390625 0.11953125 0.00859375 0.0203125
0 0.6203125 0.13984375 0.01015625 0.01875
0 0.58125 0.0609375 0.01015625 0.021875
0 0.53125 0.1125 0.009375 0.01953125
0 0.4796875 0.0875 0.01015625 0.021875
0 0.45234375 0.071875 0.01015625 0.02265625
0 0.428125 0.07890625 0.009375 0.0203125
0 0.05625 0.13046875 0.01015625 0.0234375
0 0.20234375 0.02421875 0.01015625 0.01796875
0 0.38828125 0.00703125 0.00703125 0.01328125