0 0.046875 0.77109375 0.01796875 0.03046875
0 0.7453125 0.67109375 0.01640625 0.025
0 0.2171875 0.4796875 0.0125 0.02109375
0 0.18671875 0.4640625 0.0125 0.01953125
0 0.134375 0.02578125 0.00859375 0.015625
0 0.9609375 0.1640625 0.0140625 0.025
0 0.140625 0.4546875 0.0109375 0.02109375
0 0.4046875 0.38671875 0.01015625 0.01796875
0 0.6171875 0.81953125 0.015625 0.03359375
0 0.80078125 0.490625 0.0125 0.02890625
0 0.30625 0.209375 0.00859375 0.01640625
0 0.79375 0.34453125 0.0109375 0.028125
0 0.31171875 0.28515625 0.009375 0.015625
0 0.2265625 0.4625 0.0171875 0.028125
0 0.3671875 0.55234375 0.01171875 0.0265625
0 0.9890625 0.603125 0.01640625 0.0265625
0 0.4953125 0.19296875 0.01328125 0.025
0 0.53046875 0.12109375 0.01171875 0.025
0 0.428125 0.07421875 0.0125 0.0265625
0 0.44921875 0.06640625 0.01171875 0.02265625
0 0.38359375 0.1984375 0.0109375 0.02421875
0 0.2078125 0.0125 0.0109375 0.0234375
0 0.24609375 0.48203125 0.0140625 0.0234375
0 0.48515625 0.075 0.01171875 0.02109375
0 0.5828125 0.0671875 0.00859375 0.02578125
0 0.62265625 0.12578125 0.009375 0.02109375
0 0.640625 0.103125 0.0109375 0.02890625
0 0.67265625 0.05 0.00859375 0.01875
0 0.69296875 0.0109375 0.009375 0.01875
0 0.734375 0.05625 0.01171875 0.021875
0 0.6109375 0.44296875 0.01484375 0.03203125
0 0.05390625 0.125 0.01171875 0.01953125
0 0.9109375 0.17265625 0.01015625 0.02890625
0 0.9234375 0.0984375 0.0109375 0.0234375
0 0.89453125 0.03046875 0.009375 0.0234375
0 0.85859375 0.0265625 0.01171875 0.02421875
0 0.84296875 0.028125 0.0109375 0.0203125