0 0.21875 0.5578125 0.025 0.0328125
0 0.4671875 0.21953125 0.0125 0.01875
0 0.13671875 0.6046875 0.015625 0.0234375
0 0.68984375 0.7484375 0.0234375 0.040625
0 0.18515625 0.54453125 0.015625 0.0234375
0 0.1265625 0.921875 0.028125 0.0390625
0 0.778125 0.6609375 0.021875 0.0265625
0 0.3859375 0.52421875 0.0171875 0.028125
0 0.8421875 0.34765625 0.015625 0.021875
0 0.5859375 0.03671875 0.0125 0.0171875
0 0.26796875 0.27734375 0.0140625 0.021875
0 0.39765625 0.36328125 0.0140625 0.021875
0 0.61484375 0.00390625 0.0109375 0.0078125
0 0.3328125 0.18359375 0.0203125 0.03125
0 0.29453125 0.3609375 0.015625 0.0296875
0 0.2546875 0.55703125 0.025 0.0390625
0 0.22734375 0.53125 0.028125 0.05
0 0.63046875 0.3890625 0.0265625 0.04375
0 0.49296875 0.13046875 0.0171875 0.028125
0 0.38515625 0.0625 0.01875 0.028125
0 0.36328125 0.065625 0.015625 0.028125
0 0.43203125 0.046875 0.015625 0.028125
0 0.53671875 0.06171875 0.0171875 0.03125
0 0.5765625 0.06875 0.015625 0.0296875
0 0.6890625 0.003125 0.015625 0.00625
0 0.909375 0.03046875 0.01875 0.0296875
0 0.92578125 0.121875 0.01875 0.034375
0 0.88046875 0.5078125 0.025 0.0421875