0 0.2125 0.4765625 0.01484375 0.021875
0 0.70859375 0.665625 0.015625 0.0234375
0 0.446875 0.05859375 0.00859375 0.0140625
0 0.36796875 0.496875 0.0109375 0.021875
0 0.6046875 0.75234375 0.015625 0.03203125
0 0.1328125 0.49296875 0.01171875 0.021875
0 0.0609375 0.78046875 0.01796875 0.03046875
0 0.96484375 0.18125 0.0140625 0.0234375
0 0.6328125 0.08125 0.00859375 0.015625
0 0.609375 0.40859375 0.0125 0.025
0 0.184375 0.45859375 0.01171875 0.01953125
0 0.9640625 0.55390625 0.01640625 0.01953125
0 0.803125 0.378125 0.01171875 0.01953125
0 0.3765625 0.1671875 0.0078125 0.01796875
0 0.40625 0.34921875 0.009375 0.01796875
0 0.6671875 0.04296875 0.009375 0.01953125
0 0.0515625 0.12421875 0.01015625 0.0203125
0 0.31328125 0.3046875 0.0140625 0.0234375
0 0.3046875 0.22890625 0.01171875 0.0296875
0 0.24375 0.48203125 0.01875 0.04140625
0 0.2234375 0.4546875 0.01484375 0.03125
0 0.496875 0.21015625 0.01328125 0.02734375
0 0.53203125 0.13515625 0.00859375 0.028125
0 0.5828125 0.0796875 0.01328125 0.02734375
0 0.48828125 0.059375 0.0125 0.0171875
0 0.8109375 0.5328125 0.0140625 0.03671875
0 0.61796875 0.1015625 0.009375 0.02109375
0 0.73203125 0.05078125 0.009375 0.02265625
0 0.84453125 0.03359375 0.009375 0.02109375
0 0.8609375 0.02890625 0.00859375 0.02109375
0 0.896875 0.03984375 0.01015625 0.025
0 0.9234375 0.11484375 0.009375 0.025
0 0.91796875 0.190625 0.01015625 0.0234375
0 0.42734375 0.0609375 0.0109375 0.02265625