0 0.7109375 0.66640625 0.015625 0.021875
0 0.2125 0.47734375 0.01640625 0.0234375
0 0.9640625 0.1796875 0.0140625 0.0234375
0 0.9671875 0.55703125 0.01640625 0.01953125
0 0.6046875 0.7546875 0.01484375 0.03203125
0 0.44921875 0.0609375 0.01328125 0.01953125
0 0.06015625 0.78046875 0.01875 0.03046875
0 0.184375 0.45859375 0.0125 0.01953125
0 0.80234375 0.38203125 0.01171875 0.03125
0 0.36796875 0.5015625 0.0109375 0.021875
0 0.1328125 0.490625 0.01171875 0.02109375
0 0.809375 0.528125 0.01328125 0.03203125
0 0.634375 0.0828125 0.00859375 0.015625
0 0.609375 0.4109375 0.01328125 0.025
0 0.6671875 0.04296875 0.009375 0.01953125
0 0.40625 0.3515625 0.01015625 0.01953125
0 0.3765625 0.16953125 0.0078125 0.01640625
0 0.3046875 0.225 0.00859375 0.01640625
0 0.0515625 0.125 0.0125 0.0234375
0 0.1546875 0.01328125 0.0140625 0.02265625
0 0.31171875 0.30234375 0.01484375 0.0296875
0 0.24453125 0.48046875 0.0171875 0.03203125
0 0.22421875 0.45625 0.0140625 0.03203125
0 0.4953125 0.20625 0.0125 0.02890625
0 0.53203125 0.13515625 0.01015625 0.0265625
0 0.42734375 0.059375 0.01015625 0.0203125
0 0.61796875 0.10234375 0.009375 0.02421875
0 0.58125 0.0765625 0.00859375 0.0234375
0 0.7328125 0.0515625 0.0125 0.02265625
0 0.6875 0.00625 0.01171875 0.0125
0 0.8421875 0.03203125 0.0140625 0.02265625
0 0.8609375 0.02890625 0.01171875 0.01953125
0 0.89609375 0.0390625 0.0125 0.02109375
0 0.91640625 0.19375 0.01171875 0.0328125
0 0.9234375 0.1203125 0.0109375 0.03046875