0 0.2328125 0.55546875 0.01875 0.028125
0 0.134375 0.909375 0.0265625 0.0375
0 0.81171875 0.65234375 0.025 0.0390625
0 0.15234375 0.575 0.0203125 0.0328125
0 0.7125 0.790625 0.0234375 0.0390625
0 0.1984375 0.5484375 0.015625 0.021875
0 0.4015625 0.56953125 0.0171875 0.028125
0 0.2921875 0.346875 0.0125 0.01875
0 0.40625 0.39609375 0.0140625 0.021875
0 0.271875 0.2703125 0.0140625 0.021875
0 0.81796875 0.3140625 0.01875 0.034375
0 0.634375 0.41328125 0.01875 0.0265625
0 0.6125 0.00703125 0.0125 0.0140625
0 0.384375 0.07109375 0.0125 0.0171875
0 0.24140625 0.53671875 0.021875 0.0328125
0 0.0578125 0.09140625 0.0140625 0.01875
0 0.340625 0.21484375 0.015625 0.021875
0 0.46640625 0.20859375 0.015625 0.0265625
0 0.4859375 0.12578125 0.015625 0.0265625
0 0.42578125 0.07109375 0.0140625 0.0234375
0 0.3640625 0.08203125 0.0140625 0.0234375
0 0.525 0.0515625 0.0171875 0.028125
0 0.85703125 0.459375 0.0171875 0.0328125
0 0.57578125 0.0890625 0.0140625 0.0234375
0 0.5890625 0.06328125 0.015625 0.025
0 0.6796875 0.00625 0.015625 0.0125
0 0.89140625 0.01640625 0.0140625 0.025
0 0.8984375 0.09765625 0.01875 0.034375
0 0.26484375 0.55703125 0.0234375 0.040625