0 0.1359375 0.46328125 0.015625 0.0265625
0 0.76015625 0.75625 0.0203125 0.0328125
0 0.16484375 0.48359375 0.015625 0.0265625
0 0.08984375 0.41328125 0.0140625 0.021875
0 0.32578125 0.61328125 0.015625 0.03125
0 0.8203125 0.36484375 0.0140625 0.0234375
0 0.57578125 0.95625 0.0234375 0.040625
0 0.60625 0.50546875 0.01875 0.03125
0 0.3875 0.42109375 0.0140625 0.021875
0 0.2984375 0.25859375 0.0109375 0.01875
0 0.3828125 0.2015625 0.0109375 0.021875
0 0.51328125 0.17734375 0.0109375 0.0203125
0 0.17890625 0.46484375 0.0234375 0.0328125
0 0.296875 0.18203125 0.0109375 0.021875
0 0.81484375 0.53359375 0.0203125 0.0375
0 0.978125 0.203125 0.0125 0.028125
0 0.996875 0.125 0.00625 0.028125
0 0.9796875 0.05234375 0.0140625 0.0109375
0 0.9359375 0.05 0.0140625 0.015625
0 0.91875 0.04921875 0.0140625 0.0171875
0 0.79765625 0.06953125 0.0171875 0.0234375
0 0.73203125 0.0484375 0.0109375 0.01875
0 0.68203125 0.125 0.0125 0.025
0 0.659375 0.1453125 0.0125 0.021875
0 0.62421875 0.0515625 0.0140625 0.025
0 0.56171875 0.1046875 0.0125 0.0234375
0 0.50625 0.07109375 0.0140625 0.025
0 0.478125 0.05 0.0140625 0.0265625
0 0.45 0.0546875 0.0125 0.025