0 0.18515625 0.5671875 0.021875 0.0296875
0 0.1265625 0.934375 0.025 0.0359375
0 0.82734375 0.4859375 0.0171875 0.021875
0 0.5046875 0.0390625 0.0140625 0.01875
0 0.72265625 0.63984375 0.0203125 0.021875
0 0.88671875 0.08203125 0.021875 0.0296875
0 0.340625 0.3609375 0.0140625 0.0203125
0 0.64296875 0.69921875 0.0234375 0.0359375
0 0.2890625 0.08203125 0.0140625 0.01875
0 0.1140625 0.6390625 0.0171875 0.025
0 0.153125 0.5578125 0.01875 0.0234375
0 0.40234375 0.23515625 0.0125 0.0203125
0 0.26640625 0.19296875 0.0125 0.0203125
0 0.21796875 0.3046875 0.0140625 0.01875
0 0.34140625 0.51328125 0.0171875 0.025
0 0.95 0.4140625 0.021875 0.0234375
0 0.528125 0.00703125 0.0125 0.0140625
0 0.49375 0.06328125 0.0140625 0.0203125
0 0.25078125 0.384375 0.01875 0.028125
0 0.22109375 0.565625 0.0265625 0.0390625
0 0.19453125 0.5453125 0.0234375 0.034375
0 0.571875 0.36953125 0.025 0.0359375
0 0.7859375 0.34765625 0.025 0.0390625
0 0.8421875 0.1015625 0.0203125 0.0296875
0 0.81875 0.02265625 0.0234375 0.0390625
0 0.42421875 0.15390625 0.0203125 0.0328125
0 0.4625 0.078125 0.01875 0.028125
0 0.315625 0.0828125 0.0171875 0.025
0 0.35703125 0.05390625 0.0171875 0.0296875