0 0.2109375 0.47578125 0.015625 0.0234375
0 0.7015625 0.665625 0.01484375 0.021875
0 0.446875 0.05859375 0.00859375 0.0140625
0 0.96640625 0.18671875 0.0140625 0.0234375
0 0.0625 0.784375 0.01953125 0.03203125
0 0.36875 0.48515625 0.0109375 0.0234375
0 0.1296875 0.49921875 0.01171875 0.02109375
0 0.184375 0.45859375 0.01171875 0.01953125
0 0.603125 0.74140625 0.015625 0.03359375
0 0.959375 0.54765625 0.01640625 0.0234375
0 0.3765625 0.16171875 0.00859375 0.01796875
0 0.40703125 0.340625 0.009375 0.01796875
0 0.053125 0.12578125 0.0171875 0.02578125
0 0.15703125 0.00859375 0.01171875 0.01640625
0 0.3046875 0.23046875 0.015625 0.02578125
0 0.31484375 0.3140625 0.0140625 0.028125
0 0.24453125 0.478125 0.01875 0.03125
0 0.225 0.4578125 0.0171875 0.0328125
0 0.6109375 0.40078125 0.01875 0.028125
0 0.49453125 0.2140625 0.01328125 0.02890625
0 0.53203125 0.1375 0.009375 0.02421875
0 0.58359375 0.08359375 0.0109375 0.02421875
0 0.61796875 0.1 0.0125 0.025
0 0.6328125 0.08046875 0.015625 0.02734375
0 0.66640625 0.046875 0.01015625 0.02265625
0 0.6890625 0.0078125 0.01015625 0.01484375
0 0.73203125 0.0515625 0.01171875 0.02421875
0 0.48828125 0.0546875 0.009375 0.01953125
0 0.9203125 0.1953125 0.0140625 0.0234375
0 0.92421875 0.11796875 0.0140625 0.028125
0 0.896875 0.04296875 0.01171875 0.02265625
0 0.8609375 0.02890625 0.0109375 0.01953125
0 0.84453125 0.03359375 0.009375 0.02421875
0 0.8125 0.5375 0.01875 0.03828125
0 0.8078125 0.38828125 0.015625 0.0328125