0 0.2109375 0.475 0.01484375 0.021875
0 0.0671875 0.7921875 0.01796875 0.03203125
0 0.12890625 0.515625 0.0125 0.021875
0 0.81796875 0.55 0.0125 0.01640625
0 0.971875 0.2 0.01328125 0.025
0 0.6328125 0.0703125 0.0078125 0.015625
0 0.6 0.715625 0.015625 0.03046875
0 0.184375 0.45859375 0.0125 0.01953125
0 0.40546875 0.3265625 0.009375 0.01640625
0 0.3671875 0.46796875 0.0109375 0.021875
0 0.30546875 0.2390625 0.009375 0.01640625
0 0.68984375 0.6703125 0.015625 0.02109375
0 0.4921875 0.22265625 0.00859375 0.02109375
0 0.61015625 0.3890625 0.0125 0.025
0 0.315625 0.31953125 0.01171875 0.0234375
0 0.24453125 0.48125 0.01953125 0.03046875
0 0.225 0.45546875 0.01328125 0.0265625
0 0.0515625 0.12421875 0.0109375 0.02421875
0 0.37734375 0.1609375 0.01171875 0.02734375
0 0.428125 0.06171875 0.01171875 0.02265625
0 0.4484375 0.06171875 0.01171875 0.021875
0 0.49453125 0.0515625 0.009375 0.01953125
0 0.48671875 0.009375 0.0125 0.01796875
0 0.58515625 0.08828125 0.0125 0.02578125
0 0.61796875 0.09140625 0.0125 0.02421875
0 0.53046875 0.14609375 0.01328125 0.02421875
0 0.95234375 0.53359375 0.01953125 0.0359375
0 0.81171875 0.4125 0.015625 0.03828125
0 0.66484375 0.04453125 0.009375 0.01953125
0 0.6859375 0.00625 0.00703125 0.0125
0 0.73203125 0.05234375 0.0109375 0.02265625
0 0.728125 0.00625 0.01015625 0.01171875
0 0.84609375 0.0375 0.01171875 0.02578125
0 0.86328125 0.03203125 0.0109375 0.021875
0 0.8984375 0.0484375 0.0125 0.025
0 0.9265625 0.12578125 0.0171875 0.0296875
0 0.92578125 0.20625 0.0140625 0.0265625