0 0.18828125 0.4703125 0.0125 0.02109375
0 0.03671875 0.75234375 0.0171875 0.02890625
0 0.115625 0.046875 0.0078125 0.0140625
0 0.95625 0.1453125 0.01328125 0.0234375
0 0.7796875 0.665625 0.01484375 0.0265625
0 0.146875 0.415625 0.0109375 0.01796875
0 0.2125 0.484375 0.0125 0.02109375
0 0.90390625 0.14921875 0.009375 0.01796875
0 0.40390625 0.42890625 0.0109375 0.01953125
0 0.77734375 0.3046875 0.009375 0.01796875
0 0.62421875 0.896875 0.0171875 0.0359375
0 0.36796875 0.61484375 0.0125 0.0265625
0 0.225 0.47109375 0.01796875 0.028125
0 0.6078125 0.48359375 0.0140625 0.028125
0 0.38203125 0.23046875 0.0078125 0.01640625
0 0.49609375 0.1671875 0.0078125 0.0125
0 0.303125 0.1953125 0.00859375 0.015625
0 0.61640625 0.146875 0.0078125 0.0125
0 0.7890625 0.44609375 0.01015625 0.0140625
0 0.8375 0.02578125 0.0109375 0.01796875
0 0.63828125 0.12890625 0.0078125 0.01640625
0 0.05625 0.13203125 0.0125 0.02265625
0 0.19609375 0.0359375 0.0109375 0.02734375
0 0.31015625 0.2671875 0.01328125 0.02265625
0 0.428125 0.08125 0.01171875 0.02890625
0 0.45390625 0.0734375 0.0140625 0.02265625
0 0.3875 0.015625 0.00703125 0.01796875
0 0.47578125 0.0953125 0.0125 0.02734375
0 0.5296875 0.1046875 0.01171875 0.0234375
0 0.5796875 0.0515625 0.0125 0.02265625
0 0.69453125 0.01484375 0.009375 0.01796875
0 0.67734375 0.05078125 0.00859375 0.01953125
0 0.7359375 0.059375 0.01015625 0.021875
0 0.8546875 0.02578125 0.0109375 0.0234375
0 0.89375 0.0203125 0.009375 0.02421875
0 0.9171875 0.084375 0.009375 0.02109375
0 0.2515625 0.49140625 0.021875 0.0390625