0 0.02734375 0.6140625 0.04375 0.053125
0 0.47109375 0.58984375 0.0609375 0.05
0 0.39765625 0.471875 0.040625 0.0296875
0 0.34921875 0.4828125 0.053125 0.0421875
0 0.509375 0.5515625 0.0734375 0.053125
0 0.25234375 0.5828125 0.08125 0.0515625
0 0.00625 0.5 0.0125 0.03125
0 0.190625 0.57421875 0.0703125 0.046875
0 0.2109375 0.5984375 0.040625 0.0421875
0 0.32890625 0.55703125 0.0578125 0.0375
0 0.31640625 0.6375 0.0859375 0.059375
0 0.35625 0.60234375 0.0625 0.05
0 0.59140625 0.58671875 0.065625 0.0484375
0 0.62734375 0.56796875 0.065625 0.04375
0 0.6859375 0.5734375 0.075 0.053125
0 0.7453125 0.53046875 0.0484375 0.0328125
0 0.59765625 0.52421875 0.04375 0.0328125
0 0.63515625 0.5296875 0.053125 0.034375
0 0.69140625 0.51484375 0.0515625 0.028125
0 0.6828125 0.5375 0.053125 0.028125
0 0.671875 0.45390625 0.046875 0.0296875
0 0.9328125 0.52734375 0.134375 0.0984375
0 0.884375 0.5078125 0.153125 0.0828125
0 0.38125 0.5703125 0.0578125 0.0421875
0 0.4765625 0.52265625 0.04375 0.03125
0 0.575 0.5515625 0.059375 0.0328125