0 0.83125 0.80859375 0.0359375 0.0546875
0 0.7515625 0.771875 0.040625 0.05625
0 0.51171875 0.67421875 0.0671875 0.0859375
0 0.7921875 0.79140625 0.04375 0.0609375
0 0.01328125 0.62890625 0.0265625 0.0453125
0 0.86171875 0.80546875 0.0453125 0.0671875
0 0.88125 0.86015625 0.028125 0.04375
0 0.65703125 0.72109375 0.0796875 0.11875
0 0.390625 0.7046875 0.0359375 0.0515625
0 0.36328125 0.628125 0.0796875 0.103125
0 0.540625 0.76171875 0.028125 0.046875
0 0.9125 0.87890625 0.0171875 0.04375
0 0.81171875 0.8015625 0.034375 0.0515625