0 0.390625 0.1625 0.040625 0.05625
0 0.28203125 0.1953125 0.0484375 0.07265625
0 0.4953125 0.246875 0.040625 0.059375
0 0.1734375 0.3796875 0.065625 0.09765625
0 0.02578125 0.496875 0.0515625 0.08125
0 0.6296875 0.26875 0.05078125 0.08984375
0 0.296875 0.3671875 0.05078125 0.084375
0 0.4015625 0.3859375 0.053125 0.09765625
0 0.628125 0.0984375 0.05234375 0.071875
0 0.134375 0.43515625 0.03125 0.0734375
0 0.75078125 0.0328125 0.0578125 0.065625
0 0.3234375 0.25625 0.03515625 0.05234375
0 0.98125 0.19765625 0.0375 0.1265625
0 0.61171875 0.1625 0.0265625 0.05859375