0 0.8140625 0.65078125 0.02109375 0.0453125
0 0.7359375 0.6375 0.02578125 0.04453125
0 0.91953125 0.64921875 0.0265625 0.0421875
0 0.50625 0.609375 0.04375 0.06796875
0 0.7765625 0.6453125 0.02734375 0.04921875
0 0.0140625 0.6625 0.02421875 0.0375
0 0.0640625 0.68515625 0.02109375 0.0359375
0 0.8390625 0.64140625 0.02734375 0.0546875
0 0.86875 0.68359375 0.01640625 0.0359375
0 0.64296875 0.615625 0.0484375 0.09609375
0 0.409375 0.6625 0.021875 0.04140625
0 0.36796875 0.603125 0.0515625 0.08125
0 0.5515625 0.67734375 0.015625 0.0390625
0 0.9078125 0.69296875 0.01796875 0.0390625
0 0.7953125 0.64921875 0.02109375 0.0421875