0 0.6578125 0.3953125 0.03046875 0.05078125
0 0.4046875 0.3921875 0.0375 0.06171875
0 0.70234375 0.4109375 0.0296875 0.04765625
0 0.45625 0.39609375 0.03125 0.0578125
0 0.60546875 0.384375 0.0328125 0.05390625
0 0.5375 0.3890625 0.03515625 0.05546875
0 0.98046875 0.3703125 0.0390625 0.06484375
0 0.4875 0.396875 0.03125 0.05546875
0 0.375 0.41484375 0.04375 0.0609375
0 0.09375 0.4328125 0.0375 0.05625
0 0.9328125 0.334375 0.053125 0.08828125
0 0.29375 0.3828125 0.046875 0.06484375
0 0.240625 0.384375 0.05078125 0.06640625
0 0.196875 0.415625 0.03671875 0.053125