0 0.22734375 0.63984375 0.025 0.040625
0 0.97421875 0.42421875 0.0484375 0.0640625
0 0.0921875 0.67578125 0.0234375 0.034375
0 0.0390625 0.67890625 0.0265625 0.0375
0 0.06171875 0.671875 0.0265625 0.0390625
0 0.26953125 0.66328125 0.0234375 0.0359375
0 0.5515625 0.56875 0.025 0.0375
0 0.15625 0.66875 0.028125 0.0375
0 0.4328125 0.603125 0.0265625 0.0453125
0 0.86328125 0.44375 0.04375 0.0609375
0 0.31796875 0.6484375 0.0203125 0.0359375
0 0.6515625 0.60078125 0.025 0.0375
0 0.5203125 0.59140625 0.0296875 0.04375
0 0.74296875 0.45859375 0.046875 0.0640625
0 0.83359375 0.44765625 0.046875 0.0640625
0 0.04609375 0.74453125 0.0265625 0.0359375
0 0.11484375 0.73828125 0.025 0.0296875
0 0.30703125 0.6515625 0.0234375 0.0375
0 0.69453125 0.5546875 0.0203125 0.0375