0 0.85625 0.35546875 0.03828125 0.0609375
0 0.7875 0.278125 0.025 0.046875
0 0.565625 0.37265625 0.0375 0.0484375
0 0.2875 0.378125 0.02578125 0.03828125
0 0.403125 0.3734375 0.03203125 0.04296875
0 0.196875 0.39375 0.02578125 0.04296875
0 0.121875 0.42578125 0.03046875 0.0421875
0 0.0515625 0.3859375 0.009375 0.01328125
0 0.08046875 0.38125 0.0078125 0.01328125
0 0.178125 0.3796875 0.00859375 0.0125
0 0.246875 0.3796875 0.009375 0.01015625
0 0.234375 0.36875 0.00859375 0.01484375
0 0.2109375 0.3765625 0.00859375 0.01484375
0 0.31875 0.36875 0.009375 0.01484375
0 0.33125 0.3578125 0.009375 0.01640625
0 0.3453125 0.3578125 0.01015625 0.015625
0 0.3625 0.35546875 0.01015625 0.0140625
0 0.41640625 0.3578125 0.0078125 0.01328125
0 0.4359375 0.3609375 0.00703125 0.0125
0 0.4375 0.38125 0.00703125 0.01484375
0 0.4484375 0.35859375 0.01015625 0.0140625
0 0.45625 0.3546875 0.00703125 0.01328125
0 0.47109375 0.35625 0.0078125 0.0125
0 0.4796875 0.35546875 0.00703125 0.0109375
0 0.490625 0.3546875 0.00625 0.01015625
0 0.50625 0.35625 0.00703125 0.01171875
0 0.5109375 0.3515625 0.00625 0.01171875
0 0.534375 0.3484375 0.00703125 0.01015625
0 0.5453125 0.34921875 0.00625 0.0109375
0 0.525 0.34921875 0.00546875 0.0109375
0 0.5203125 0.3484375 0.00546875 0.01015625
0 0.4859375 0.3546875 0.00546875 0.01015625
0 0.4265625 0.3625 0.00625 0.01171875
0 0.44453125 0.36171875 0.0046875 0.0109375
0 0.6453125 0.340625 0.00625 0.009375
0 0.628125 0.3421875 0.00546875 0.009375
0 0.61484375 0.3453125 0.0078125 0.01015625
0 0.60625 0.34375 0.00625 0.01015625
0 0.5953125 0.3484375 0.009375 0.01015625
0 0.5859375 0.359375 0.00625 0.009375
0 0.9625 0.309375 0.00546875 0.00859375
0 0.9546875 0.31015625 0.00546875 0.0078125
0 0.90390625 0.325 0.0046875 0.00703125
0 0.89296875 0.328125 0.0046875 0.00703125
0 0.8734375 0.3203125 0.00546875 0.00703125