0 0.70625 0.3859375 0.04296875 0.06171875
0 0.1078125 0.421875 0.02890625 0.04609375
0 0.46953125 0.40625 0.0296875 0.04609375
0 0.64375 0.4046875 0.03046875 0.05546875
0 0.396875 0.41328125 0.03125 0.0484375
0 0.9234375 0.403125 0.02109375 0.02890625
0 0.246875 0.42109375 0.028125 0.0515625
0 0.33125 0.44375 0.01640625 0.02421875
0 0.034375 0.459375 0.009375 0.0125
0 0.06640625 0.45625 0.0109375 0.015625
0 0.19375 0.45234375 0.009375 0.0140625
0 0.275 0.446875 0.01015625 0.01328125
0 0.29609375 0.4515625 0.0078125 0.01171875
0 0.315625 0.4421875 0.009375 0.01484375
0 0.2859375 0.4546875 0.00859375 0.01328125
0 0.34140625 0.43828125 0.0078125 0.0140625
0 0.3546875 0.45 0.00859375 0.0125
0 0.365625 0.43828125 0.00859375 0.0140625
0 0.53046875 0.434375 0.0078125 0.0125
0 0.540625 0.4328125 0.00703125 0.01328125
0 0.5609375 0.43828125 0.00703125 0.0109375
0 0.58515625 0.4328125 0.0078125 0.01171875
0 0.6015625 0.43515625 0.00859375 0.0109375
0 0.5171875 0.43125 0.00625 0.0125
0 0.5234375 0.43125 0.00546875 0.01171875