0 0.8421875 0.325 0.04375 0.0640625
0 0.7671875 0.25390625 0.0296875 0.0484375
0 0.55390625 0.3671875 0.0421875 0.0515625
0 0.27734375 0.396875 0.0296875 0.040625
0 0.3921875 0.38203125 0.0359375 0.0453125
0 0.1890625 0.4203125 0.0296875 0.0453125
0 0.1171875 0.459375 0.034375 0.0453125
0 0.04296875 0.42578125 0.0109375 0.0140625
0 0.071875 0.41796875 0.009375 0.0140625
0 0.16875 0.4078125 0.009375 0.0125
0 0.2375 0.40234375 0.0109375 0.0109375
0 0.22421875 0.3921875 0.009375 0.015625
0 0.2015625 0.40234375 0.009375 0.015625
0 0.3078125 0.38515625 0.0109375 0.015625
0 0.31953125 0.3734375 0.0109375 0.0171875
0 0.33359375 0.371875 0.0109375 0.0171875
0 0.35078125 0.36796875 0.0109375 0.015625
0 0.4046875 0.365625 0.009375 0.0140625
0 0.42421875 0.3671875 0.0078125 0.0125
0 0.42734375 0.3875 0.0078125 0.015625
0 0.4359375 0.36328125 0.0109375 0.015625
0 0.44375 0.359375 0.0078125 0.0140625
0 0.45859375 0.359375 0.009375 0.0125
0 0.4671875 0.3578125 0.0078125 0.0109375
0 0.478125 0.35625 0.0078125 0.0109375
0 0.49375 0.35625 0.0078125 0.0125
0 0.49765625 0.3515625 0.0078125 0.0125
0 0.52109375 0.34609375 0.0078125 0.0109375
0 0.53203125 0.34609375 0.0078125 0.0109375
0 0.51171875 0.34765625 0.00625 0.0109375
0 0.50703125 0.346875 0.00625 0.0109375
0 0.4734375 0.35625 0.00625 0.0109375
0 0.41484375 0.36953125 0.0078125 0.0125
0 0.4328125 0.3671875 0.00625 0.0109375
0 0.63125 0.32890625 0.0078125 0.009375
0 0.6140625 0.33125 0.00625 0.009375
0 0.60078125 0.3359375 0.009375 0.0109375
0 0.5921875 0.33515625 0.0078125 0.0109375
0 0.58203125 0.340625 0.0109375 0.0109375
0 0.5734375 0.35234375 0.0078125 0.009375
0 0.94375 0.26953125 0.00625 0.009375
0 0.93671875 0.27109375 0.00625 0.0078125
0 0.8875 0.290625 0.0046875 0.0078125
0 0.8765625 0.29453125 0.0046875 0.0078125
0 0.85625 0.28828125 0.00625 0.0078125