0 0.6890625 0.359375 0.046875 0.0671875
0 0.05546875 0.4203125 0.0328125 0.05
0 0.4390625 0.390625 0.0328125 0.05
0 0.6234375 0.38203125 0.034375 0.059375
0 0.36171875 0.40078125 0.0359375 0.053125
0 0.92109375 0.37109375 0.0234375 0.03125
0 0.203125 0.41484375 0.03125 0.05625
0 0.29375 0.43515625 0.01875 0.0265625
0 0.0125 0.459375 0.0125 0.0171875
0 0.146875 0.45 0.0109375 0.015625
0 0.23359375 0.44140625 0.0109375 0.0140625
0 0.25625 0.4453125 0.009375 0.0125
0 0.2765625 0.434375 0.0109375 0.015625
0 0.2453125 0.44921875 0.009375 0.0140625
0 0.30390625 0.4296875 0.009375 0.015625
0 0.31796875 0.44140625 0.009375 0.0140625
0 0.3296875 0.42890625 0.009375 0.015625
0 0.5046875 0.41875 0.009375 0.0140625
0 0.515625 0.41640625 0.0078125 0.0140625
0 0.53828125 0.42109375 0.0078125 0.0125
0 0.5625 0.4140625 0.009375 0.0125
0 0.5796875 0.41640625 0.009375 0.0125
0 0.48984375 0.415625 0.0078125 0.0140625
0 0.49609375 0.41484375 0.00625 0.0125