0 0.0921875 0.67109375 0.0484375 0.046875
0 0.39765625 0.72578125 0.034375 0.034375
0 0.225 0.69140625 0.0328125 0.0296875
0 0.3609375 0.725 0.0296875 0.03125
0 0.2453125 0.72109375 0.0359375 0.0296875
0 0.45234375 0.7484375 0.034375 0.028125
0 0.2109375 0.7171875 0.040625 0.0328125
0 0.85546875 0.8640625 0.028125 0.021875
0 0.1421875 0.6609375 0.0140625 0.0125
0 0.5421875 0.78359375 0.01875 0.0171875
0 0.5953125 0.815625 0.01875 0.0171875
0 0.678125 0.834375 0.0203125 0.0171875
0 0.71015625 0.83203125 0.021875 0.01875
0 0.76796875 0.80390625 0.025 0.021875