0 0.20546875 0.82734375 0.05 0.0484375
0 0.51328125 0.75703125 0.034375 0.034375
0 0.33828125 0.79296875 0.0328125 0.0296875
0 0.478125 0.7703125 0.03125 0.03125
0 0.36875 0.8125 0.0375 0.03125
0 0.57265625 0.75625 0.034375 0.0296875
0 0.334375 0.821875 0.040625 0.0328125
0 0.990625 0.70390625 0.01875 0.0234375
0 0.2484375 0.796875 0.015625 0.0140625
0 0.67109375 0.753125 0.0203125 0.01875
0 0.73359375 0.76171875 0.01875 0.01875
0 0.81796875 0.74609375 0.0203125 0.01875
0 0.84765625 0.73125 0.021875 0.0203125
0 0.88984375 0.68125 0.0265625 0.021875