0 0.29140625 0.1234375 0.05 0.1
0 0.4265625 0.07578125 0.0578125 0.1125
0 0.49375 0.13828125 0.0546875 0.0984375
0 0.2453125 0.09765625 0.0703125 0.1234375
0 0.715625 0.18828125 0.0296875 0.05
0 0.57890625 0.19140625 0.0421875 0.0796875
0 0.3578125 0.0953125 0.075 0.1484375
0 0.05625 0.0875 0.0484375 0.16875
0 0.70625 0.2734375 0.0609375 0.1046875
0 0.6953125 0.18671875 0.0296875 0.053125
0 0.5390625 0.6375 0.090625 0.16875
0 0.36640625 0.72890625 0.096875 0.178125
0 0.6625 0.490625 0.053125 0.0921875
0 0.6015625 0.16171875 0.034375 0.075
0 0.91796875 0.3625 0.0296875 0.0515625