0 0.2984375 0.10859375 0.0515625 0.103125
0 0.43671875 0.06171875 0.0609375 0.115625
0 0.50390625 0.12578125 0.0578125 0.1
0 0.25234375 0.08046875 0.0734375 0.125
0 0.72890625 0.18125 0.03125 0.05
0 0.5890625 0.18203125 0.04375 0.08125
0 0.36640625 0.08046875 0.078125 0.1515625
0 0.0625 0.07578125 0.046875 0.1515625
0 0.7171875 0.2671875 0.0625 0.1078125
0 0.7078125 0.17890625 0.03125 0.0546875
0 0.540625 0.63515625 0.0953125 0.171875
0 0.36484375 0.72421875 0.1015625 0.18125
0 0.6703125 0.48671875 0.0546875 0.0953125
0 0.61328125 0.15234375 0.0359375 0.0765625
0 0.93125 0.36171875 0.03125 0.053125