0 0.1390625 0.4828125 0.0390625 0.0671875
0 0.08828125 0.484375 0.0390625 0.0578125
0 0.84921875 0.56328125 0.04375 0.071875
0 0.7140625 0.5765625 0.0390625 0.0703125
0 0.95078125 0.6375 0.09375 0.1953125
0 0.6375 0.5734375 0.0390625 0.0625
0 0.69140625 0.57265625 0.0328125 0.0546875
0 0.02109375 0.49296875 0.0390625 0.06875
0 0.53828125 0.571875 0.0234375 0.0390625
0 0.18984375 0.534375 0.01875 0.034375
0 0.22578125 0.5453125 0.0171875 0.0296875
0 0.39765625 0.58359375 0.0203125 0.0375
0 0.29296875 0.5421875 0.0265625 0.05
0 0.30625 0.56484375 0.0234375 0.0359375
0 0.3453125 0.571875 0.0265625 0.04375
0 0.440625 0.65625 0.025 0.0359375
0 0.43125 0.6890625 0.021875 0.0375
0 0.45234375 0.7015625 0.021875 0.040625
0 0.475 0.565625 0.01875 0.0359375
0 0.36015625 0.58671875 0.0203125 0.0390625