0 0.15859375 0.5421875 0.0296875 0.06171875
0 0.1109375 0.55 0.03046875 0.053125
0 0.8515625 0.5234375 0.03359375 0.06484375
0 0.7234375 0.55390625 0.02890625 0.0640625
0 0.9625 0.58125 0.07265625 0.18125
0 0.64921875 0.56171875 0.0296875 0.0578125
0 0.7015625 0.553125 0.025 0.05
0 0.04765625 0.5671875 0.0296875 0.0625
0 0.55390625 0.57265625 0.0171875 0.0359375
0 0.21484375 0.584375 0.0140625 0.03125
0 0.25 0.58984375 0.01328125 0.0265625
0 0.42109375 0.603125 0.0140625 0.034375
0 0.3140625 0.578125 0.01953125 0.04609375
0 0.33125 0.59765625 0.01796875 0.0328125
0 0.36875 0.6 0.01953125 0.03984375
0 0.471875 0.6671875 0.01953125 0.03203125
0 0.4671875 0.7 0.01640625 0.034375
0 0.4890625 0.709375 0.01640625 0.03671875
0 0.4921875 0.57578125 0.01328125 0.0328125
0 0.38515625 0.61171875 0.0140625 0.0359375