0 0.11778846153846154 0.5649038461538461 0.10576923076923077 0.1971153846153846
0 0.13942307692307693 0.4963942307692308 0.08173076923076923 0.14182692307692307
0 0.20432692307692307 0.4891826923076923 0.052884615384615384 0.11778846153846154
0 0.3545673076923077 0.4831730769230769 0.06009615384615385 0.10096153846153846
0 0.328125 0.31971153846153844 0.036057692307692304 0.057692307692307696
0 0.5324519230769231 0.47475961538461536 0.05048076923076923 0.09375
0 0.5733173076923077 0.4483173076923077 0.04326923076923077 0.08173076923076923
0 0.5745192307692307 0.4074519230769231 0.02403846153846154 0.04326923076923077
0 0.6310096153846154 0.4651442307692308 0.055288461538461536 0.11057692307692307
0 0.6286057692307693 0.4110576923076923 0.040865384615384616 0.0625
0 0.6478365384615384 0.3942307692307692 0.026442307692307692 0.04807692307692308
0 0.7079326923076923 0.5252403846153846 0.06971153846153846 0.12259615384615384
0 0.7355769230769231 0.41947115384615385 0.03365384615384615 0.0673076923076923
0 0.7139423076923077 0.4050480769230769 0.03365384615384615 0.06490384615384616
0 0.8064903846153846 0.4266826923076923 0.038461538461538464 0.06009615384615385
0 0.7896634615384616 0.421875 0.019230769230769232 0.040865384615384616
0 0.8161057692307693 0.5757211538461539 0.10817307692307693 0.2091346153846154
0 0.8858173076923077 0.5288461538461539 0.08413461538461539 0.14903846153846154
0 0.8665865384615384 0.4495192307692308 0.04326923076923077 0.07211538461538461
0 0.8497596153846154 0.4170673076923077 0.03365384615384615 0.05048076923076923
0 0.8918269230769231 0.39903846153846156 0.028846153846153848 0.057692307692307696
0 0.9350961538461539 0.41225961538461536 0.03365384615384615 0.057692307692307696
0 0.9831730769230769 0.3425480769230769 0.028846153846153848 0.0625