0 0.07932692307692307 0.5805288461538461 0.07211538461538461 0.1201923076923077
0 0.13822115384615385 0.5084134615384616 0.06009615384615385 0.08413461538461539
0 0.1971153846153846 0.40024038461538464 0.038461538461538464 0.04807692307692308
0 0.42908653846153844 0.4891826923076923 0.04326923076923077 0.07211538461538461
0 0.5132211538461539 0.5504807692307693 0.06971153846153846 0.09134615384615384
0 0.4050480769230769 0.45072115384615385 0.03365384615384615 0.06009615384615385
0 0.37740384615384615 0.4362980769230769 0.028846153846153848 0.04567307692307692
0 0.3581730769230769 0.40625 0.02403846153846154 0.04326923076923077
0 0.4495192307692308 0.38341346153846156 0.028846153846153848 0.038461538461538464
0 0.4795673076923077 0.40625 0.026442307692307692 0.04326923076923077
0 0.5084134615384616 0.41586538461538464 0.026442307692307692 0.04326923076923077
0 0.5480769230769231 0.43028846153846156 0.03365384615384615 0.052884615384615384
0 0.5480769230769231 0.38822115384615385 0.019230769230769232 0.040865384615384616
0 0.5757211538461539 0.39783653846153844 0.021634615384615384 0.03365384615384615
0 0.6213942307692307 0.45552884615384615 0.03125 0.06009615384615385
0 0.6346153846153846 0.41586538461538464 0.019230769230769232 0.038461538461538464
0 0.6826923076923077 0.42427884615384615 0.028846153846153848 0.04326923076923077
0 0.7271634615384616 0.41346153846153844 0.026442307692307692 0.038461538461538464
0 0.7127403846153846 0.5024038461538461 0.038461538461538464 0.07692307692307693
0 0.7716346153846154 0.4495192307692308 0.03365384615384615 0.057692307692307696
0 0.8353365384615384 0.5408653846153846 0.07451923076923077 0.09134615384615384
0 0.8617788461538461 0.4735576923076923 0.040865384615384616 0.07211538461538461
0 0.8930288461538461 0.45072115384615385 0.04326923076923077 0.052884615384615384
0 0.9771634615384616 0.5348557692307693 0.04326923076923077 0.08173076923076923