0 0.03365384615384615 0.5132211538461539 0.0673076923076923 0.1466346153846154
0 0.021634615384615384 0.3545673076923077 0.04326923076923077 0.0673076923076923
0 0.06610576923076923 0.37740384615384615 0.04807692307692308 0.08173076923076923
0 0.10336538461538461 0.35697115384615385 0.02403846153846154 0.055288461538461536
0 0.12740384615384615 0.3798076923076923 0.052884615384615384 0.07692307692307693
0 0.1658653846153846 0.4375 0.07692307692307693 0.11538461538461539
0 0.24879807692307693 0.41225961538461536 0.0625 0.11538461538461539
0 0.31850961538461536 0.40625 0.05048076923076923 0.09134615384615384
0 0.3942307692307692 0.3713942307692308 0.04807692307692308 0.07692307692307693
0 0.4230769230769231 0.36177884615384615 0.04326923076923077 0.08413461538461539
0 0.5036057692307693 0.3557692307692308 0.03365384615384615 0.04807692307692308
0 0.7704326923076923 0.265625 0.0673076923076923 0.11778846153846154
0 0.28125 0.34615384615384615 0.028846153846153848 0.04807692307692308
0 0.31009615384615385 0.35216346153846156 0.02403846153846154 0.04567307692307692
0 0.234375 0.33533653846153844 0.02403846153846154 0.04807692307692308
0 0.20552884615384615 0.34975961538461536 0.028846153846153848 0.04567307692307692