0 0.4855769230769231 0.43990384615384615 0.019230769230769232 0.03365384615384615
0 0.8233173076923077 0.7608173076923077 0.10576923076923077 0.17067307692307693
0 0.8737980769230769 0.6790865384615384 0.07211538461538461 0.10817307692307693
0 0.9579326923076923 0.625 0.052884615384615384 0.10096153846153846
0 0.8774038461538461 0.5600961538461539 0.038461538461538464 0.0625
0 0.8605769230769231 0.5432692307692307 0.028846153846153848 0.057692307692307696
0 0.7800480769230769 0.578125 0.04326923076923077 0.08173076923076923
0 0.7560096153846154 0.5420673076923077 0.036057692307692304 0.0625
0 0.7295673076923077 0.65625 0.06971153846153846 0.08653846153846154
0 0.703125 0.5853365384615384 0.04567307692307692 0.06009615384615385
0 0.671875 0.5600961538461539 0.036057692307692304 0.052884615384615384
0 0.6826923076923077 0.5420673076923077 0.03365384615384615 0.0625
0 0.6550480769230769 0.6033653846153846 0.05048076923076923 0.08173076923076923
0 0.6394230769230769 0.6502403846153846 0.04807692307692308 0.08653846153846154
0 0.6081730769230769 0.6766826923076923 0.07211538461538461 0.11057692307692307
0 0.6826923076923077 0.8834134615384616 0.18269230769230768 0.2283653846153846
0 0.4495192307692308 0.6971153846153846 0.08173076923076923 0.1346153846153846
0 0.5336538461538461 0.6069711538461539 0.052884615384615384 0.08413461538461539
0 0.5504807692307693 0.5600961538461539 0.03365384615384615 0.057692307692307696
0 0.6033653846153846 0.5444711538461539 0.03365384615384615 0.04326923076923077
0 0.4735576923076923 0.5805288461538461 0.04326923076923077 0.07451923076923077
0 0.5012019230769231 0.5625 0.038461538461538464 0.057692307692307696
0 0.515625 0.5420673076923077 0.02403846153846154 0.05048076923076923
0 0.42788461538461536 0.53125 0.03365384615384615 0.04807692307692308
0 0.41466346153846156 0.609375 0.06971153846153846 0.11538461538461539
0 0.36899038461538464 0.6430288461538461 0.055288461538461536 0.10336538461538461
0 0.3545673076923077 0.5793269230769231 0.04326923076923077 0.07692307692307693
0 0.36778846153846156 0.5444711538461539 0.03365384615384615 0.05048076923076923
0 0.28846153846153844 0.5372596153846154 0.038461538461538464 0.07211538461538461
0 0.28846153846153844 0.6153846153846154 0.04807692307692308 0.09615384615384616
0 0.28125 0.7644230769230769 0.10096153846153846 0.16346153846153846
0 0.23798076923076922 0.6862980769230769 0.07211538461538461 0.12259615384615384
0 0.2091346153846154 0.5540865384615384 0.04326923076923077 0.06971153846153846
0 0.11057692307692307 0.6033653846153846 0.0673076923076923 0.11538461538461539
0 0.06971153846153846 0.78125 0.11057692307692307 0.1778846153846154
0 0.040865384615384616 0.546875 0.04326923076923077 0.0673076923076923
0 0.078125 0.5372596153846154 0.036057692307692304 0.06009615384615385
0 0.1502403846153846 0.5480769230769231 0.03365384615384615 0.057692307692307696
0 0.12139423076923077 0.5204326923076923 0.028846153846153848 0.038461538461538464
0 0.027644230769230768 0.6670673076923077 0.055288461538461536 0.1466346153846154
0 0.02283653846153846 0.5168269230769231 0.03125 0.04326923076923077