0 0.09254807692307693 0.2956730769230769 0.05048076923076923 0.08173076923076923
0 0.32572115384615385 0.3870192307692308 0.052884615384615384 0.07211538461538461
0 0.296875 0.7043269230769231 0.0889423076923077 0.13942307692307693
0 0.5420673076923077 0.6778846153846154 0.10096153846153846 0.14423076923076922
0 0.9350961538461539 0.6129807692307693 0.08173076923076923 0.1201923076923077
0 0.8509615384615384 0.45913461538461536 0.0673076923076923 0.10096153846153846
0 0.7271634615384616 0.3870192307692308 0.04567307692307692 0.08173076923076923
0 0.5997596153846154 0.3641826923076923 0.04807692307692308 0.07932692307692307
0 0.6021634615384616 0.24519230769230768 0.028846153846153848 0.038461538461538464
0 0.53125 0.2512019230769231 0.03365384615384615 0.04567307692307692
0 0.4795673076923077 0.2776442307692308 0.036057692307692304 0.05048076923076923
0 0.4723557692307692 0.38822115384615385 0.06009615384615385 0.09615384615384616
0 0.4098557692307692 0.2848557692307692 0.028846153846153848 0.055288461538461536
0 0.39903846153846156 0.16346153846153846 0.028846153846153848 0.038461538461538464
0 0.46153846153846156 0.1814903846153846 0.028846153846153848 0.04567307692307692
0 0.7019230769230769 0.28966346153846156 0.028846153846153848 0.05048076923076923
0 0.8269230769230769 0.20432692307692307 0.019230769230769232 0.02403846153846154
0 0.9651442307692307 0.171875 0.019230769230769232 0.03125
0 0.9615384615384616 0.21153846153846154 0.02403846153846154 0.038461538461538464