0 0.18990384615384615 0.24639423076923078 0.014423076923076924 0.04326923076923077
0 0.36177884615384615 0.2860576923076923 0.021634615384615384 0.03365384615384615
0 0.390625 0.28365384615384615 0.019230769230769232 0.04807692307692308
0 0.49399038461538464 0.3004807692307692 0.02403846153846154 0.04326923076923077
0 0.6129807692307693 0.25721153846153844 0.02403846153846154 0.04326923076923077
0 0.7163461538461539 0.18028846153846154 0.019230769230769232 0.04326923076923077
0 0.7620192307692307 0.23317307692307693 0.02403846153846154 0.04326923076923077
0 0.7608173076923077 0.055288461538461536 0.01201923076923077 0.019230769230769232
0 0.5805288461538461 0.13581730769230768 0.01201923076923077 0.028846153846153848
0 0.36658653846153844 0.19471153846153846 0.014423076923076924 0.03365384615384615
0 0.39302884615384615 0.1814903846153846 0.016826923076923076 0.03125
0 0.40865384615384615 0.21153846153846154 0.019230769230769232 0.03365384615384615
0 0.45072115384615385 0.18389423076923078 0.016826923076923076 0.03365384615384615
0 0.46274038461538464 0.19471153846153846 0.014423076923076924 0.03365384615384615
0 0.49399038461538464 0.19110576923076922 0.016826923076923076 0.03125
0 0.46274038461538464 0.2283653846153846 0.019230769230769232 0.04326923076923077
0 0.49158653846153844 0.22235576923076922 0.016826923076923076 0.040865384615384616
0 0.41346153846153844 0.1875 0.014423076923076924 0.02403846153846154