0 0.4050480769230769 0.46634615384615385 0.021634615384615384 0.03365384615384615
0 0.4807692307692308 0.47115384615384615 0.019230769230769232 0.038461538461538464
0 0.5492788461538461 0.47115384615384615 0.016826923076923076 0.028846153846153848
0 0.6177884615384616 0.4639423076923077 0.02403846153846154 0.03365384615384615
0 0.38221153846153844 0.8293269230769231 0.1201923076923077 0.13942307692307693
0 0.4170673076923077 0.6382211538461539 0.07211538461538461 0.09375
0 0.42908653846153844 0.5829326923076923 0.05048076923076923 0.06490384615384616
0 0.453125 0.5600961538461539 0.03125 0.052884615384615384
0 0.4326923076923077 0.5420673076923077 0.028846153846153848 0.04807692307692308
0 0.4735576923076923 0.5336538461538461 0.028846153846153848 0.038461538461538464
0 0.4639423076923077 0.5084134615384616 0.02403846153846154 0.028846153846153848
0 0.3870192307692308 0.5456730769230769 0.03365384615384615 0.0625
0 0.37740384615384615 0.5108173076923077 0.028846153846153848 0.036057692307692304
0 0.27163461538461536 0.6129807692307693 0.052884615384615384 0.08173076923076923
0 0.2512019230769231 0.8209134615384616 0.10096153846153846 0.1201923076923077
0 0.06490384615384616 0.7620192307692307 0.09615384615384616 0.1201923076923077
0 0.09134615384615384 0.6153846153846154 0.057692307692307696 0.08173076923076923
0 0.03245192307692308 0.6009615384615384 0.05048076923076923 0.07211538461538461
0 0.051682692307692304 0.546875 0.038461538461538464 0.052884615384615384
0 0.07091346153846154 0.5132211538461539 0.03365384615384615 0.04326923076923077
0 0.019230769230769232 0.5336538461538461 0.028846153846153848 0.04807692307692308
0 0.10697115384615384 0.5552884615384616 0.040865384615384616 0.04807692307692308
0 0.21153846153846154 0.6286057692307693 0.057692307692307696 0.09375
0 0.2920673076923077 0.5805288461538461 0.04326923076923077 0.0625
0 0.28725961538461536 0.5324519230769231 0.028846153846153848 0.040865384615384616
0 0.3076923076923077 0.5168269230769231 0.02403846153846154 0.03365384615384615
0 0.18028846153846154 0.5661057692307693 0.04326923076923077 0.055288461538461536
0 0.19591346153846154 0.5444711538461539 0.028846153846153848 0.040865384615384616
0 0.20072115384615385 0.5216346153846154 0.021634615384615384 0.03365384615384615
0 0.22235576923076922 0.5108173076923077 0.026442307692307692 0.036057692307692304
0 0.15625 0.546875 0.03365384615384615 0.04326923076923077
0 0.14302884615384615 0.5264423076923077 0.028846153846153848 0.038461538461538464
0 0.8209134615384616 0.7079326923076923 0.07451923076923077 0.10336538461538461
0 0.7848557692307693 0.6442307692307693 0.06490384615384616 0.09615384615384616
0 0.7379807692307693 0.6045673076923077 0.052884615384615384 0.07451923076923077
0 0.6959134615384616 0.5793269230769231 0.04807692307692308 0.0625
0 0.6442307692307693 0.5360576923076923 0.04326923076923077 0.0625
0 0.6105769230769231 0.5168269230769231 0.028846153846153848 0.04326923076923077
0 0.6237980769230769 0.5012019230769231 0.02403846153846154 0.03125
0 0.7427884615384616 0.5516826923076923 0.038461538461538464 0.06009615384615385
0 0.7163461538461539 0.5288461538461539 0.028846153846153848 0.03365384615384615
0 0.7043269230769231 0.5084134615384616 0.02403846153846154 0.028846153846153848
0 0.6923076923076923 0.4951923076923077 0.028846153846153848 0.038461538461538464
0 0.7872596153846154 0.5516826923076923 0.03125 0.04807692307692308
0 0.8269230769230769 0.5733173076923077 0.038461538461538464 0.052884615384615384
0 0.859375 0.5324519230769231 0.036057692307692304 0.055288461538461536
0 0.8990384615384616 0.5961538461538461 0.057692307692307696 0.08653846153846154
0 0.9711538461538461 0.5745192307692307 0.04807692307692308 0.07211538461538461
0 0.9591346153846154 0.5288461538461539 0.03365384615384615 0.057692307692307696
0 0.9819711538461539 0.5024038461538461 0.03365384615384615 0.04326923076923077
0 0.9423076923076923 0.49399038461538464 0.03365384615384615 0.04807692307692308
0 0.9230769230769231 0.5348557692307693 0.03365384615384615 0.04326923076923077
0 0.9014423076923077 0.5432692307692307 0.03365384615384615 0.04326923076923077
0 0.8653846153846154 0.5072115384615384 0.028846153846153848 0.038461538461538464
0 0.9026442307692307 0.4951923076923077 0.026442307692307692 0.038461538461538464
0 0.8425480769230769 0.4963942307692308 0.028846153846153848 0.040865384615384616
0 0.8221153846153846 0.5264423076923077 0.03365384615384615 0.052884615384615384
0 0.7848557692307693 0.5096153846153846 0.03365384615384615 0.04807692307692308
0 0.7632211538461539 0.5012019230769231 0.026442307692307692 0.04326923076923077