0 0.11899038461538461 0.5432692307692307 0.040865384615384616 0.07692307692307693
0 0.22716346153846154 0.33653846153846156 0.019230769230769232 0.038461538461538464
0 0.25721153846153844 0.33774038461538464 0.02403846153846154 0.040865384615384616
0 0.29086538461538464 0.359375 0.02403846153846154 0.04567307692307692
0 0.28725961538461536 0.30288461538461536 0.016826923076923076 0.03365384615384615
0 0.33653846153846156 0.359375 0.019230769230769232 0.05048076923076923
0 0.35336538461538464 0.3233173076923077 0.019230769230769232 0.028846153846153848
0 0.35697115384615385 0.2920673076923077 0.021634615384615384 0.036057692307692304
0 0.3894230769230769 0.33052884615384615 0.019230769230769232 0.038461538461538464
0 0.41346153846153844 0.3293269230769231 0.019230769230769232 0.04326923076923077
0 0.41225961538461536 0.296875 0.019230769230769232 0.038461538461538464
0 0.40024038461538464 0.25600961538461536 0.019230769230769232 0.03365384615384615
0 0.42908653846153844 0.2548076923076923 0.016826923076923076 0.028846153846153848
0 0.4483173076923077 0.25841346153846156 0.014423076923076924 0.03365384615384615
0 0.4387019230769231 0.30408653846153844 0.021634615384615384 0.036057692307692304
0 0.44711538461538464 0.3329326923076923 0.019230769230769232 0.04567307692307692
0 0.47716346153846156 0.3016826923076923 0.021634615384615384 0.038461538461538464
0 0.4795673076923077 0.2608173076923077 0.016826923076923076 0.03125
0 0.4651442307692308 0.24278846153846154 0.016826923076923076 0.03365384615384615
0 0.47475961538461536 0.23197115384615385 0.014423076923076924 0.028846153846153848
0 0.5120192307692307 0.32572115384615385 0.02403846153846154 0.04567307692307692
0 0.5036057692307693 0.25721153846153844 0.016826923076923076 0.03365384615384615
0 0.5132211538461539 0.2548076923076923 0.014423076923076924 0.028846153846153848
0 0.5204326923076923 0.23677884615384615 0.016826923076923076 0.028846153846153848
0 0.5336538461538461 0.25600961538461536 0.019230769230769232 0.038461538461538464
0 0.5492788461538461 0.24278846153846154 0.016826923076923076 0.03365384615384615
0 0.5649038461538461 0.28125 0.019230769230769232 0.03365384615384615
0 0.5853365384615384 0.2512019230769231 0.019230769230769232 0.038461538461538464
0 0.5757211538461539 0.2127403846153846 0.01201923076923077 0.02403846153846154
0 0.578125 0.23317307692307693 0.01201923076923077 0.02403846153846154
0 0.6057692307692307 0.24639423076923078 0.019230769230769232 0.036057692307692304
0 0.6141826923076923 0.21514423076923078 0.01201923076923077 0.026442307692307692
0 0.6177884615384616 0.20072115384615385 0.014423076923076924 0.028846153846153848
0 0.6454326923076923 0.24158653846153846 0.016826923076923076 0.03125
0 0.6358173076923077 0.21394230769230768 0.016826923076923076 0.03365384615384615
0 0.6502403846153846 0.21754807692307693 0.014423076923076924 0.03125
0 0.6850961538461539 0.22596153846153846 0.014423076923076924 0.028846153846153848
0 0.6971153846153846 0.21995192307692307 0.019230769230769232 0.03125
0 0.6790865384615384 0.20673076923076922 0.01201923076923077 0.028846153846153848
0 0.4951923076923077 0.39302884615384615 0.028846153846153848 0.06009615384615385
0 0.5564903846153846 0.3954326923076923 0.03125 0.052884615384615384
0 0.5576923076923077 0.3545673076923077 0.028846153846153848 0.04567307692307692
0 0.6009615384615384 0.37259615384615385 0.02403846153846154 0.052884615384615384
0 0.6069711538461539 0.32211538461538464 0.026442307692307692 0.038461538461538464
0 0.6201923076923077 0.4206730769230769 0.03365384615384615 0.0625
0 0.6454326923076923 0.46153846153846156 0.040865384615384616 0.0673076923076923
0 0.7127403846153846 0.5360576923076923 0.038461538461538464 0.07211538461538461
0 0.6418269230769231 0.296875 0.019230769230769232 0.04326923076923077
0 0.65625 0.3329326923076923 0.02403846153846154 0.04807692307692308
0 0.6766826923076923 0.375 0.028846153846153848 0.057692307692307696
0 0.703125 0.3557692307692308 0.026442307692307692 0.04807692307692308
0 0.6802884615384616 0.27403846153846156 0.014423076923076924 0.038461538461538464
0 0.7019230769230769 0.2824519230769231 0.019230769230769232 0.036057692307692304
0 0.7175480769230769 0.24759615384615385 0.016826923076923076 0.038461538461538464
0 0.7235576923076923 0.29927884615384615 0.014423076923076924 0.038461538461538464
0 0.7439903846153846 0.234375 0.01201923076923077 0.02403846153846154
0 0.7512019230769231 0.25240384615384615 0.014423076923076924 0.028846153846153848
0 0.7620192307692307 0.22596153846153846 0.014423076923076924 0.028846153846153848
0 0.7776442307692307 0.25841346153846156 0.014423076923076924 0.036057692307692304
0 0.7884615384615384 0.27884615384615385 0.019230769230769232 0.038461538461538464
0 0.7980769230769231 0.2608173076923077 0.009615384615384616 0.036057692307692304
0 0.7944711538461539 0.23317307692307693 0.014423076923076924 0.028846153846153848
0 0.8257211538461539 0.23798076923076922 0.014423076923076924 0.03365384615384615
0 0.8329326923076923 0.27283653846153844 0.019230769230769232 0.028846153846153848
0 0.828125 0.2956730769230769 0.019230769230769232 0.03365384615384615
0 0.8617788461538461 0.30649038461538464 0.019230769230769232 0.038461538461538464
0 0.8617788461538461 0.2704326923076923 0.014423076923076924 0.03365384615384615
0 0.8725961538461539 0.2692307692307692 0.014423076923076924 0.038461538461538464
0 0.8870192307692307 0.25721153846153844 0.014423076923076924 0.03365384615384615
0 0.8557692307692307 0.2536057692307692 0.009615384615384616 0.026442307692307692
0 0.9086538461538461 0.27163461538461536 0.019230769230769232 0.03365384615384615
0 0.8269230769230769 0.35096153846153844 0.019230769230769232 0.052884615384615384
0 0.7956730769230769 0.4206730769230769 0.028846153846153848 0.052884615384615384
0 0.7391826923076923 0.39663461538461536 0.026442307692307692 0.052884615384615384
0 0.8485576923076923 0.5132211538461539 0.038461538461538464 0.0673076923076923
0 0.8617788461538461 0.4338942307692308 0.03125 0.06009615384615385
0 0.8762019230769231 0.36899038461538464 0.02403846153846154 0.055288461538461536
0 0.8834134615384616 0.33052884615384615 0.021634615384615384 0.04326923076923077
0 0.9206730769230769 0.3233173076923077 0.019230769230769232 0.04326923076923077
0 0.9290865384615384 0.3088942307692308 0.014423076923076924 0.036057692307692304
0 0.9483173076923077 0.34975961538461536 0.019230769230769232 0.04326923076923077
0 0.9314903846153846 0.390625 0.021634615384615384 0.04567307692307692
0 0.9399038461538461 0.45913461538461536 0.03365384615384615 0.057692307692307696
0 0.9507211538461539 0.30408653846153844 0.014423076923076924 0.036057692307692304
0 0.9555288461538461 0.27524038461538464 0.016826923076923076 0.03125