0 0.21033653846153846 0.35216346153846156 0.038461538461538464 0.08653846153846154
0 0.33653846153846156 0.27884615384615385 0.014423076923076924 0.028846153846153848
0 0.3173076923076923 0.27403846153846156 0.019230769230769232 0.028846153846153848
0 0.2980769230769231 0.24639423076923078 0.014423076923076924 0.03125
0 0.3293269230769231 0.21634615384615385 0.014423076923076924 0.028846153846153848
0 0.34615384615384615 0.21754807692307693 0.014423076923076924 0.026442307692307692
0 0.35096153846153844 0.23677884615384615 0.014423076923076924 0.026442307692307692
0 0.3798076923076923 0.22596153846153846 0.019230769230769232 0.03365384615384615
0 0.42788461538461536 0.27884615384615385 0.019230769230769232 0.04807692307692308
0 0.38341346153846156 0.19831730769230768 0.016826923076923076 0.026442307692307692
0 0.4254807692307692 0.22115384615384615 0.014423076923076924 0.03365384615384615
0 0.45552884615384615 0.21754807692307693 0.016826923076923076 0.03125
0 0.4423076923076923 0.19831730769230768 0.014423076923076924 0.028846153846153848
0 0.4266826923076923 0.17908653846153846 0.016826923076923076 0.03125
0 0.4519230769230769 0.16706730769230768 0.014423076923076924 0.026442307692307692
0 0.46274038461538464 0.19471153846153846 0.014423076923076924 0.028846153846153848
0 0.5 0.1935096153846154 0.019230769230769232 0.03125
0 0.5240384615384616 0.203125 0.009615384615384616 0.028846153846153848
0 0.47716346153846156 0.16826923076923078 0.014423076923076924 0.028846153846153848
0 0.4723557692307692 0.14783653846153846 0.01201923076923077 0.021634615384615384
0 0.45072115384615385 0.14543269230769232 0.014423076923076924 0.019230769230769232
0 0.4855769230769231 0.12980769230769232 0.009615384615384616 0.019230769230769232
0 0.5036057692307693 0.17668269230769232 0.014423076923076924 0.028846153846153848
0 0.5420673076923077 0.1622596153846154 0.01201923076923077 0.03125
0 0.5552884615384616 0.1502403846153846 0.014423076923076924 0.026442307692307692
0 0.5300480769230769 0.14543269230769232 0.014423076923076924 0.028846153846153848
0 0.5384615384615384 0.13581730769230768 0.019230769230769232 0.026442307692307692
0 0.5600961538461539 0.11538461538461539 0.009615384615384616 0.019230769230769232
0 0.5757211538461539 0.17548076923076922 0.014423076923076924 0.03365384615384615
0 0.6225961538461539 0.14543269230769232 0.014423076923076924 0.028846153846153848
0 0.6153846153846154 0.109375 0.009615384615384616 0.02403846153846154
0 0.5949519230769231 0.10576923076923077 0.01201923076923077 0.028846153846153848
0 0.6478365384615384 0.11057692307692307 0.01201923076923077 0.028846153846153848
0 0.6670673076923077 0.11778846153846154 0.014423076923076924 0.03365384615384615
0 0.6862980769230769 0.10336538461538461 0.01201923076923077 0.03365384615384615
0 0.5805288461538461 0.1346153846153846 0.01201923076923077 0.019230769230769232
0 0.5685096153846154 0.14783653846153846 0.009615384615384616 0.021634615384615384
0 0.4987980769230769 0.29447115384615385 0.02403846153846154 0.038461538461538464
0 0.5480769230769231 0.3016826923076923 0.028846153846153848 0.052884615384615384
0 0.5697115384615384 0.23798076923076922 0.019230769230769232 0.04326923076923077
0 0.6069711538461539 0.33774038461538464 0.026442307692307692 0.052884615384615384
0 0.609375 0.2548076923076923 0.019230769230769232 0.038461538461538464
0 0.6105769230769231 0.2127403846153846 0.019230769230769232 0.036057692307692304
0 0.6682692307692307 0.203125 0.02403846153846154 0.038461538461538464
0 0.6574519230769231 0.25841346153846156 0.019230769230769232 0.040865384615384616
0 0.671875 0.3389423076923077 0.028846153846153848 0.0625
0 0.71875 0.2920673076923077 0.02403846153846154 0.055288461538461536
0 0.765625 0.2860576923076923 0.021634615384615384 0.04326923076923077
0 0.7019230769230769 0.21754807692307693 0.019230769230769232 0.04567307692307692
0 0.7007211538461539 0.1778846153846154 0.016826923076923076 0.038461538461538464
0 0.6814903846153846 0.15865384615384615 0.019230769230769232 0.038461538461538464
0 0.7199519230769231 0.13701923076923078 0.01201923076923077 0.03365384615384615
0 0.7247596153846154 0.171875 0.014423076923076924 0.03125
0 0.7391826923076923 0.203125 0.016826923076923076 0.038461538461538464
0 0.7572115384615384 0.1814903846153846 0.014423076923076924 0.03125
0 0.75 0.12980769230769232 0.014423076923076924 0.028846153846153848
0 0.7391826923076923 0.12379807692307693 0.01201923076923077 0.03125
0 0.75 0.10576923076923077 0.009615384615384616 0.019230769230769232
0 0.7668269230769231 0.13221153846153846 0.014423076923076924 0.03365384615384615
0 0.7992788461538461 0.1778846153846154 0.016826923076923076 0.038461538461538464
0 0.7992788461538461 0.13701923076923078 0.01201923076923077 0.03365384615384615
0 0.8112980769230769 0.12980769230769232 0.01201923076923077 0.028846153846153848
0 0.8293269230769231 0.14302884615384615 0.014423076923076924 0.03365384615384615
0 0.8233173076923077 0.16826923076923078 0.014423076923076924 0.028846153846153848
0 0.84375 0.18870192307692307 0.014423076923076924 0.04567307692307692
0 0.8701923076923077 0.23677884615384615 0.019230769230769232 0.040865384615384616
0 0.8533653846153846 0.15745192307692307 0.014423076923076924 0.03365384615384615
0 0.8677884615384616 0.1466346153846154 0.014423076923076924 0.03365384615384615
0 0.9002403846153846 0.1346153846153846 0.01201923076923077 0.028846153846153848
0 0.8966346153846154 0.16706730769230768 0.014423076923076924 0.021634615384615384
0 0.9014423076923077 0.22596153846153846 0.014423076923076924 0.038461538461538464
0 0.9194711538461539 0.2800480769230769 0.019230769230769232 0.052884615384615384
0 0.9170673076923077 0.20192307692307693 0.016826923076923076 0.04326923076923077
0 0.9290865384615384 0.15625 0.01201923076923077 0.03365384615384615