0 0.15264423076923078 0.36538461538461536 0.03125 0.0625
0 0.16826923076923078 0.3473557692307692 0.038461538461538464 0.07451923076923077
0 0.25841346153846156 0.28725961538461536 0.019230769230769232 0.03125
0 0.3088942307692308 0.25841346153846156 0.019230769230769232 0.04326923076923077
0 0.296875 0.2764423076923077 0.019230769230769232 0.03365384615384615
0 0.3425480769230769 0.26802884615384615 0.021634615384615384 0.04567307692307692
0 0.33413461538461536 0.21754807692307693 0.019230769230769232 0.036057692307692304
0 0.34615384615384615 0.21754807692307693 0.019230769230769232 0.036057692307692304
0 0.35697115384615385 0.23918269230769232 0.016826923076923076 0.03365384615384615
0 0.3737980769230769 0.2283653846153846 0.016826923076923076 0.038461538461538464
0 0.38221153846153844 0.20072115384615385 0.014423076923076924 0.036057692307692304
0 0.4074519230769231 0.17427884615384615 0.014423076923076924 0.03125
0 0.4230769230769231 0.19110576923076922 0.019230769230769232 0.03365384615384615
0 0.42788461538461536 0.2283653846153846 0.019230769230769232 0.038461538461538464
0 0.4543269230769231 0.23076923076923078 0.02403846153846154 0.04807692307692308
0 0.4723557692307692 0.2536057692307692 0.03125 0.05048076923076923
0 0.44711538461538464 0.19230769230769232 0.014423076923076924 0.028846153846153848
0 0.45072115384615385 0.17668269230769232 0.014423076923076924 0.03125
0 0.4651442307692308 0.1622596153846154 0.014423076923076924 0.03125
0 0.4723557692307692 0.19110576923076922 0.016826923076923076 0.03125
0 0.48677884615384615 0.19230769230769232 0.019230769230769232 0.028846153846153848
0 0.4831730769230769 0.1346153846153846 0.014423076923076924 0.019230769230769232
0 0.5096153846153846 0.15745192307692307 0.014423076923076924 0.03125
0 0.515625 0.21153846153846154 0.019230769230769232 0.028846153846153848
0 0.5372596153846154 0.1310096153846154 0.014423076923076924 0.026442307692307692
0 0.5637019230769231 0.16826923076923078 0.021634615384615384 0.038461538461538464
0 0.5444711538461539 0.16466346153846154 0.014423076923076924 0.036057692307692304
0 0.5805288461538461 0.13822115384615385 0.014423076923076924 0.028846153846153848
0 0.6165865384615384 0.15144230769230768 0.016826923076923076 0.03365384615384615
0 0.5925480769230769 0.12379807692307693 0.01201923076923077 0.026442307692307692
0 0.5925480769230769 0.0985576923076923 0.016826923076923076 0.02403846153846154
0 0.6105769230769231 0.06129807692307692 0.014423076923076924 0.026442307692307692
0 0.6490384615384616 0.07572115384615384 0.014423076923076924 0.03125
0 0.6706730769230769 0.07091346153846154 0.014423076923076924 0.03125
0 0.6430288461538461 0.10336538461538461 0.014423076923076924 0.02403846153846154
0 0.4831730769230769 0.30288461538461536 0.028846153846153848 0.04807692307692308
0 0.5336538461538461 0.3485576923076923 0.028846153846153848 0.04326923076923077
0 0.5661057692307693 0.25240384615384615 0.019230769230769232 0.04326923076923077
0 0.6033653846153846 0.27163461538461536 0.019230769230769232 0.052884615384615384
0 0.5961538461538461 0.3557692307692308 0.028846153846153848 0.057692307692307696
0 0.6658653846153846 0.36538461538461536 0.028846153846153848 0.0673076923076923
0 0.65625 0.31009615384615385 0.02403846153846154 0.04807692307692308
0 0.6346153846153846 0.21033653846153846 0.02403846153846154 0.04807692307692308
0 0.6610576923076923 0.21514423076923078 0.019230769230769232 0.04326923076923077
0 0.6658653846153846 0.18269230769230768 0.014423076923076924 0.038461538461538464
0 0.6911057692307693 0.19110576923076922 0.016826923076923076 0.036057692307692304
0 0.6875 0.15625 0.019230769230769232 0.03365384615384615
0 0.6887019230769231 0.2247596153846154 0.021634615384615384 0.040865384615384616
0 0.7163461538461539 0.29447115384615385 0.02403846153846154 0.057692307692307696
0 0.7872596153846154 0.3137019230769231 0.028846153846153848 0.06009615384615385
0 0.7536057692307693 0.2644230769230769 0.02403846153846154 0.052884615384615384
0 0.8088942307692307 0.2644230769230769 0.02403846153846154 0.052884615384615384
0 0.9134615384615384 0.2920673076923077 0.02403846153846154 0.052884615384615384
0 0.8701923076923077 0.24639423076923078 0.019230769230769232 0.04567307692307692
0 0.7896634615384616 0.19471153846153846 0.019230769230769232 0.04326923076923077
0 0.7572115384615384 0.17307692307692307 0.014423076923076924 0.038461538461538464
0 0.7415865384615384 0.18629807692307693 0.019230769230769232 0.03125
0 0.7247596153846154 0.16947115384615385 0.014423076923076924 0.03125
0 0.71875 0.1466346153846154 0.014423076923076924 0.02403846153846154
0 0.7367788461538461 0.13221153846153846 0.014423076923076924 0.03365384615384615
0 0.7475961538461539 0.14543269230769232 0.014423076923076924 0.03365384615384615
0 0.765625 0.1346153846153846 0.014423076923076924 0.03365384615384615
0 0.7800480769230769 0.12740384615384615 0.01201923076923077 0.03365384615384615
0 0.7932692307692307 0.14302884615384615 0.009615384615384616 0.038461538461538464
0 0.8052884615384616 0.14302884615384615 0.014423076923076924 0.026442307692307692
0 0.8197115384615384 0.16346153846153846 0.014423076923076924 0.028846153846153848
0 0.8389423076923077 0.17668269230769232 0.014423076923076924 0.03125
0 0.8365384615384616 0.1466346153846154 0.019230769230769232 0.03365384615384615
0 0.859375 0.15745192307692307 0.014423076923076924 0.03365384615384615
0 0.859375 0.1346153846153846 0.014423076923076924 0.028846153846153848
0 0.8786057692307693 0.18629807692307693 0.019230769230769232 0.040865384615384616
0 0.8882211538461539 0.17548076923076922 0.016826923076923076 0.03365384615384615
0 0.8954326923076923 0.14182692307692307 0.01201923076923077 0.028846153846153848
0 0.9242788461538461 0.20673076923076922 0.016826923076923076 0.038461538461538464
0 0.9278846153846154 0.1622596153846154 0.009615384615384616 0.03125