0 0.056490384615384616 0.35697115384615385 0.04807692307692308 0.06009615384615385
0 0.11057692307692307 0.39783653846153844 0.02403846153846154 0.040865384615384616
0 0.1622596153846154 0.375 0.028846153846153848 0.04807692307692308
0 0.1971153846153846 0.3701923076923077 0.04326923076923077 0.0673076923076923
0 0.2776442307692308 0.3485576923076923 0.05048076923076923 0.09134615384615384
0 0.32091346153846156 0.3701923076923077 0.03365384615384615 0.0673076923076923
0 0.38100961538461536 0.375 0.026442307692307692 0.04326923076923077
0 0.4387019230769231 0.37259615384615385 0.03125 0.0625
0 0.4026442307692308 0.3870192307692308 0.019230769230769232 0.03365384615384615
0 0.3605769230769231 0.3918269230769231 0.019230769230769232 0.03365384615384615
0 0.34975961538461536 0.39903846153846156 0.016826923076923076 0.02403846153846154
0 0.4795673076923077 0.38341346153846156 0.026442307692307692 0.04326923076923077
0 0.5396634615384616 0.35697115384615385 0.052884615384615384 0.09134615384615384
0 0.609375 0.3701923076923077 0.04567307692307692 0.07692307692307693
0 0.640625 0.3918269230769231 0.03125 0.057692307692307696
0 0.6995192307692307 0.40024038461538464 0.038461538461538464 0.0625
0 0.7512019230769231 0.4182692307692308 0.026442307692307692 0.038461538461538464
0 0.9435096153846154 0.32572115384615385 0.03365384615384615 0.04807692307692308