0 0.057692307692307696 0.4098557692307692 0.038461538461538464 0.08173076923076923
0 0.25240384615384615 0.28125 0.02403846153846154 0.03365384615384615
0 0.28725961538461536 0.265625 0.016826923076923076 0.03125
0 0.3088942307692308 0.2824519230769231 0.019230769230769232 0.040865384615384616
0 0.31490384615384615 0.25240384615384615 0.019230769230769232 0.038461538461538464
0 0.3076923076923077 0.22355769230769232 0.019230769230769232 0.02403846153846154
0 0.34134615384615385 0.22355769230769232 0.019230769230769232 0.03365384615384615
0 0.34134615384615385 0.27403846153846156 0.02403846153846154 0.038461538461538464
0 0.3701923076923077 0.2127403846153846 0.019230769230769232 0.03365384615384615
0 0.38100961538461536 0.1971153846153846 0.019230769230769232 0.019230769230769232
0 0.38221153846153844 0.21033653846153846 0.014423076923076924 0.03365384615384615
0 0.39663461538461536 0.2956730769230769 0.02403846153846154 0.04326923076923077
0 0.42427884615384615 0.21754807692307693 0.019230769230769232 0.03125
0 0.4230769230769231 0.18389423076923078 0.019230769230769232 0.036057692307692304
0 0.4266826923076923 0.16706730769230768 0.014423076923076924 0.026442307692307692
0 0.4495192307692308 0.14783653846153846 0.014423076923076924 0.03125
0 0.453125 0.16706730769230768 0.014423076923076924 0.036057692307692304
0 0.4543269230769231 0.21754807692307693 0.014423076923076924 0.038461538461538464
0 0.4387019230769231 0.19230769230769232 0.019230769230769232 0.028846153846153848
0 0.47115384615384615 0.14783653846153846 0.009615384615384616 0.021634615384615384
0 0.47596153846153844 0.16346153846153846 0.019230769230769232 0.028846153846153848
0 0.47716346153846156 0.19230769230769232 0.016826923076923076 0.028846153846153848
0 0.49278846153846156 0.20072115384615385 0.02403846153846154 0.036057692307692304
0 0.48197115384615385 0.22596153846153846 0.019230769230769232 0.038461538461538464
0 0.4807692307692308 0.296875 0.028846153846153848 0.04326923076923077
0 0.484375 0.1310096153846154 0.01201923076923077 0.026442307692307692
0 0.515625 0.15504807692307693 0.016826923076923076 0.026442307692307692
0 0.5060096153846154 0.17548076923076922 0.021634615384615384 0.038461538461538464
0 0.5204326923076923 0.13701923076923078 0.019230769230769232 0.03365384615384615
0 0.5348557692307693 0.16105769230769232 0.016826923076923076 0.03365384615384615
0 0.5420673076923077 0.1935096153846154 0.014423076923076924 0.038461538461538464
0 0.546875 0.13822115384615385 0.01201923076923077 0.028846153846153848
0 0.5540865384615384 0.14543269230769232 0.01201923076923077 0.028846153846153848
0 0.5637019230769231 0.16826923076923078 0.016826923076923076 0.038461538461538464
0 0.5709134615384616 0.15625 0.014423076923076924 0.03365384615384615
0 0.5600961538461539 0.11177884615384616 0.014423076923076924 0.026442307692307692
0 0.5793269230769231 0.12980769230769232 0.014423076923076924 0.028846153846153848
0 0.6009615384615384 0.0985576923076923 0.019230769230769232 0.02403846153846154
0 0.6057692307692307 0.11177884615384616 0.014423076923076924 0.026442307692307692
0 0.6177884615384616 0.0985576923076923 0.014423076923076924 0.02403846153846154
0 0.6346153846153846 0.10336538461538461 0.009615384615384616 0.028846153846153848
0 0.6430288461538461 0.1141826923076923 0.01201923076923077 0.026442307692307692
0 0.6670673076923077 0.12139423076923077 0.016826923076923076 0.026442307692307692
0 0.6971153846153846 0.09735576923076923 0.009615384615384616 0.03125
0 0.6189903846153846 0.140625 0.016826923076923076 0.03125
0 0.6478365384615384 0.1778846153846154 0.019230769230769232 0.038461538461538464
0 0.65625 0.20432692307692307 0.019230769230769232 0.038461538461538464
0 0.6021634615384616 0.20673076923076922 0.021634615384615384 0.038461538461538464
0 0.6009615384615384 0.2536057692307692 0.02403846153846154 0.04326923076923077
0 0.5721153846153846 0.2439903846153846 0.02403846153846154 0.038461538461538464
0 0.5576923076923077 0.2932692307692308 0.028846153846153848 0.04807692307692308
0 0.5757211538461539 0.36658653846153844 0.028846153846153848 0.052884615384615384
0 0.6730769230769231 0.328125 0.028846153846153848 0.057692307692307696
0 0.6538461538461539 0.2536057692307692 0.028846153846153848 0.05048076923076923
0 0.7007211538461539 0.28365384615384615 0.028846153846153848 0.057692307692307696
0 0.6959134615384616 0.2127403846153846 0.02403846153846154 0.05048076923076923
0 0.6754807692307693 0.15144230769230768 0.019230769230769232 0.038461538461538464
0 0.6995192307692307 0.14302884615384615 0.014423076923076924 0.028846153846153848
0 0.7007211538461539 0.1778846153846154 0.019230769230769232 0.038461538461538464
0 0.7235576923076923 0.16466346153846154 0.014423076923076924 0.036057692307692304
0 0.7295673076923077 0.12139423076923077 0.014423076923076924 0.03125
0 0.7415865384615384 0.11899038461538461 0.014423076923076924 0.026442307692307692
0 0.7403846153846154 0.140625 0.019230769230769232 0.03125
0 0.7439903846153846 0.18389423076923078 0.016826923076923076 0.036057692307692304
0 0.7536057692307693 0.25 0.021634615384615384 0.04807692307692308
0 0.7704326923076923 0.2932692307692308 0.026442307692307692 0.057692307692307696
0 0.7608173076923077 0.12620192307692307 0.014423076923076924 0.026442307692307692
0 0.7632211538461539 0.15625 0.016826923076923076 0.028846153846153848
0 0.7776442307692307 0.11899038461538461 0.01201923076923077 0.03125
0 0.7908653846153846 0.1346153846153846 0.014423076923076924 0.03365384615384615
0 0.8149038461538461 0.12379807692307693 0.014423076923076924 0.03365384615384615
0 0.8269230769230769 0.13822115384615385 0.014423076923076924 0.036057692307692304
0 0.8125 0.1622596153846154 0.009615384615384616 0.03365384615384615
0 0.7908653846153846 0.18509615384615385 0.014423076923076924 0.03365384615384615
0 0.8389423076923077 0.18509615384615385 0.019230769230769232 0.03365384615384615
0 0.8449519230769231 0.15384615384615385 0.014423076923076924 0.03365384615384615
0 0.8641826923076923 0.12740384615384615 0.016826923076923076 0.03365384615384615
0 0.8617788461538461 0.1622596153846154 0.016826923076923076 0.03365384615384615
0 0.8641826923076923 0.2127403846153846 0.021634615384615384 0.038461538461538464
0 0.8762019230769231 0.19591346153846154 0.016826923076923076 0.036057692307692304
0 0.8834134615384616 0.17427884615384615 0.014423076923076924 0.03365384615384615
0 0.8930288461538461 0.1346153846153846 0.014423076923076924 0.028846153846153848
0 0.921875 0.15625 0.01201923076923077 0.02403846153846154
0 0.9302884615384616 0.1622596153846154 0.014423076923076924 0.036057692307692304
0 0.9134615384615384 0.19110576923076922 0.019230769230769232 0.040865384615384616
0 0.9134615384615384 0.28725961538461536 0.02403846153846154 0.052884615384615384