0 0.2091346153846154 0.2283653846153846 0.014423076923076924 0.03365384615384615
0 0.3557692307692308 0.2956730769230769 0.02403846153846154 0.03365384615384615
0 0.39783653846153844 0.28966346153846156 0.021634615384615384 0.04326923076923077
0 0.36658653846153844 0.1935096153846154 0.021634615384615384 0.036057692307692304
0 0.3942307692307692 0.17908653846153846 0.019230769230769232 0.036057692307692304
0 0.40865384615384615 0.19471153846153846 0.02403846153846154 0.038461538461538464
0 0.4519230769230769 0.17668269230769232 0.019230769230769232 0.028846153846153848
0 0.46274038461538464 0.22716346153846154 0.021634615384615384 0.03365384615384615
0 0.4795673076923077 0.17908653846153846 0.014423076923076924 0.038461538461538464
0 0.4951923076923077 0.19951923076923078 0.019230769230769232 0.03365384615384615
0 0.49158653846153844 0.23317307692307693 0.021634615384615384 0.04326923076923077
0 0.5769230769230769 0.13341346153846154 0.014423076923076924 0.028846153846153848
0 0.49278846153846156 0.3004807692307692 0.028846153846153848 0.052884615384615384
0 0.6141826923076923 0.2620192307692308 0.028846153846153848 0.04326923076923077
0 0.7163461538461539 0.18990384615384615 0.019230769230769232 0.04326923076923077
0 0.8629807692307693 0.07211538461538461 0.014423076923076924 0.028846153846153848
0 0.7692307692307693 0.21754807692307693 0.019230769230769232 0.04807692307692308
0 0.40865384615384615 0.22355769230769232 0.02403846153846154 0.03365384615384615