0 0.07572115384615384 0.5120192307692307 0.04567307692307692 0.10096153846153846
0 0.22956730769230768 0.24759615384615385 0.019230769230769232 0.04807692307692308
0 0.24519230769230768 0.24759615384615385 0.019230769230769232 0.04326923076923077
0 0.2644230769230769 0.23557692307692307 0.014423076923076924 0.04326923076923077
0 0.32211538461538464 0.22596153846153846 0.019230769230769232 0.038461538461538464
0 0.3173076923076923 0.19951923076923078 0.019230769230769232 0.03365384615384615
0 0.34375 0.21875 0.02403846153846154 0.04807692307692308
0 0.35697115384615385 0.19831730769230768 0.016826923076923076 0.04567307692307692
0 0.37259615384615385 0.18509615384615385 0.019230769230769232 0.03365384615384615
0 0.38221153846153844 0.2403846153846154 0.02403846153846154 0.04807692307692308
0 0.41586538461538464 0.17427884615384615 0.014423076923076924 0.03365384615384615
0 0.4411057692307692 0.17908653846153846 0.014423076923076924 0.036057692307692304
0 0.4362980769230769 0.296875 0.019230769230769232 0.052884615384615384
0 0.4807692307692308 0.22235576923076922 0.02403846153846154 0.04807692307692308
0 0.46274038461538464 0.15865384615384615 0.016826923076923076 0.038461538461538464
0 0.4723557692307692 0.13942307692307693 0.016826923076923076 0.028846153846153848
0 0.484375 0.1658653846153846 0.021634615384615384 0.04326923076923077
0 0.4987980769230769 0.13942307692307693 0.009615384615384616 0.03365384615384615
0 0.5228365384615384 0.15144230769230768 0.016826923076923076 0.028846153846153848
0 0.5024038461538461 0.1935096153846154 0.014423076923076924 0.03365384615384615
0 0.5600961538461539 0.20432692307692307 0.019230769230769232 0.04326923076923077
0 0.5372596153846154 0.14783653846153846 0.01201923076923077 0.03365384615384615
0 0.5576923076923077 0.14783653846153846 0.009615384615384616 0.026442307692307692
0 0.5600961538461539 0.12860576923076922 0.014423076923076924 0.028846153846153848
0 0.5805288461538461 0.12860576923076922 0.016826923076923076 0.03125
0 0.6033653846153846 0.11778846153846154 0.014423076923076924 0.028846153846153848
0 0.6358173076923077 0.1201923076923077 0.01201923076923077 0.038461538461538464
0 0.5853365384615384 0.19110576923076922 0.01201923076923077 0.03365384615384615
0 0.6586538461538461 0.14302884615384615 0.019230769230769232 0.036057692307692304
0 0.6622596153846154 0.1310096153846154 0.019230769230769232 0.03125
0 0.6947115384615384 0.12860576923076922 0.014423076923076924 0.036057692307692304
0 0.7139423076923077 0.14182692307692307 0.014423076923076924 0.03365384615384615
0 0.6141826923076923 0.16826923076923078 0.014423076923076924 0.038461538461538464
0 0.6237980769230769 0.18629807692307693 0.019230769230769232 0.04326923076923077
0 0.6670673076923077 0.21754807692307693 0.02403846153846154 0.05048076923076923
0 0.7043269230769231 0.19591346153846154 0.014423076923076924 0.036057692307692304
0 0.6117788461538461 0.28125 0.02403846153846154 0.04807692307692308
0 0.578125 0.3125 0.02403846153846154 0.04807692307692308
0 0.6081730769230769 0.3425480769230769 0.02403846153846154 0.057692307692307696
0 0.6610576923076923 0.3701923076923077 0.02403846153846154 0.04807692307692308
0 0.7307692307692307 0.3629807692307692 0.028846153846153848 0.0625
0 0.7271634615384616 0.24158653846153846 0.021634615384615384 0.04326923076923077
0 0.7451923076923077 0.2127403846153846 0.019230769230769232 0.04326923076923077
0 0.7632211538461539 0.18269230769230768 0.016826923076923076 0.038461538461538464
0 0.7788461538461539 0.1875 0.014423076923076924 0.04326923076923077
0 0.796875 0.17908653846153846 0.021634615384615384 0.036057692307692304
0 0.8125 0.18028846153846154 0.014423076923076924 0.04326923076923077
0 0.7980769230769231 0.2403846153846154 0.019230769230769232 0.038461538461538464
0 0.7668269230769231 0.265625 0.014423076923076924 0.04326923076923077
0 0.8149038461538461 0.28725961538461536 0.019230769230769232 0.055288461538461536
0 0.7920673076923077 0.4206730769230769 0.028846153846153848 0.08173076923076923
0 0.8557692307692307 0.46274038461538464 0.028846153846153848 0.0889423076923077
0 0.8737980769230769 0.3942307692307692 0.021634615384615384 0.057692307692307696
0 0.8653846153846154 0.31490384615384615 0.019230769230769232 0.04326923076923077
0 0.8725961538461539 0.21995192307692307 0.014423076923076924 0.03365384615384615
0 0.9002403846153846 0.22235576923076922 0.014423076923076924 0.040865384615384616
0 0.9411057692307693 0.22355769230769232 0.016826923076923076 0.03365384615384615
0 0.9507211538461539 0.41466346153846156 0.021634615384615384 0.06490384615384616
0 0.984375 0.24759615384615385 0.014423076923076924 0.038461538461538464
0 0.9651442307692307 0.28846153846153844 0.019230769230769232 0.038461538461538464
0 0.9747596153846154 0.33413461538461536 0.019230769230769232 0.04807692307692308
0 0.9230769230769231 0.3233173076923077 0.019230769230769232 0.052884615384615384
0 0.8918269230769231 0.26322115384615385 0.019230769230769232 0.05048076923076923
0 0.9302884615384616 0.25 0.014423076923076924 0.038461538461538464
0 0.8233173076923077 0.20793269230769232 0.019230769230769232 0.036057692307692304
0 0.4050480769230769 0.234375 0.016826923076923076 0.038461538461538464
0 0.4254807692307692 0.16105769230769232 0.014423076923076924 0.02403846153846154
0 0.6875 0.14783653846153846 0.019230769230769232 0.03365384615384615
0 0.9435096153846154 0.35336538461538464 0.019230769230769232 0.057692307692307696