0 0.04807692307692308 0.38822115384615385 0.02403846153846154 0.057692307692307696
0 0.2860576923076923 0.2704326923076923 0.014423076923076924 0.04326923076923077
0 0.3161057692307692 0.27524038461538464 0.021634615384615384 0.038461538461538464
0 0.30649038461538464 0.23197115384615385 0.014423076923076924 0.03125
0 0.3425480769230769 0.25841346153846156 0.019230769230769232 0.040865384615384616
0 0.3449519230769231 0.3088942307692308 0.019230769230769232 0.040865384615384616
0 0.38341346153846156 0.29086538461538464 0.021634615384615384 0.04326923076923077
0 0.34975961538461536 0.22716346153846154 0.016826923076923076 0.03365384615384615
0 0.35216346153846156 0.20793269230769232 0.016826923076923076 0.028846153846153848
0 0.3786057692307692 0.22716346153846154 0.019230769230769232 0.036057692307692304
0 0.4074519230769231 0.1935096153846154 0.016826923076923076 0.03125
0 0.42427884615384615 0.22596153846153846 0.019230769230769232 0.04326923076923077
0 0.44350961538461536 0.19230769230769232 0.014423076923076924 0.03365384615384615
0 0.46274038461538464 0.23317307692307693 0.019230769230769232 0.04326923076923077
0 0.4375 0.17668269230769232 0.019230769230769232 0.036057692307692304
0 0.4483173076923077 0.15144230769230768 0.016826923076923076 0.028846153846153848
0 0.4675480769230769 0.14423076923076922 0.014423076923076924 0.028846153846153848
0 0.4675480769230769 0.16826923076923078 0.014423076923076924 0.028846153846153848
0 0.5048076923076923 0.13221153846153846 0.009615384615384616 0.028846153846153848
0 0.5108173076923077 0.1658653846153846 0.016826923076923076 0.03365384615384615
0 0.5048076923076923 0.18629807692307693 0.019230769230769232 0.036057692307692304
0 0.5240384615384616 0.15625 0.009615384615384616 0.03365384615384615
0 0.5264423076923077 0.13942307692307693 0.014423076923076924 0.028846153846153848
0 0.5432692307692307 0.16466346153846154 0.019230769230769232 0.03365384615384615
0 0.5576923076923077 0.140625 0.014423076923076924 0.03365384615384615
0 0.5516826923076923 0.12980769230769232 0.01201923076923077 0.028846153846153848
0 0.5649038461538461 0.12259615384615384 0.014423076923076924 0.02403846153846154
0 0.5793269230769231 0.1622596153846154 0.014423076923076924 0.03365384615384615
0 0.5901442307692307 0.16826923076923078 0.016826923076923076 0.038461538461538464
0 0.5865384615384616 0.13701923076923078 0.019230769230769232 0.03365384615384615
0 0.5901442307692307 0.1045673076923077 0.014423076923076924 0.026442307692307692
0 0.6141826923076923 0.10576923076923077 0.01201923076923077 0.028846153846153848
0 0.6490384615384616 0.0985576923076923 0.009615384615384616 0.02403846153846154
0 0.6117788461538461 0.1310096153846154 0.014423076923076924 0.028846153846153848
0 0.6394230769230769 0.140625 0.019230769230769232 0.03365384615384615
0 0.6610576923076923 0.13341346153846154 0.014423076923076924 0.028846153846153848
0 0.6574519230769231 0.10817307692307693 0.01201923076923077 0.02403846153846154
0 0.6862980769230769 0.11057692307692307 0.01201923076923077 0.028846153846153848
0 0.6141826923076923 0.21033653846153846 0.019230769230769232 0.04326923076923077
0 0.5444711538461539 0.28966346153846156 0.028846153846153848 0.055288461538461536
0 0.5661057692307693 0.2536057692307692 0.019230769230769232 0.04567307692307692
0 0.6081730769230769 0.24879807692307693 0.02403846153846154 0.052884615384615384
0 0.59375 0.328125 0.03365384615384615 0.0625
0 0.6670673076923077 0.25600961538461536 0.028846153846153848 0.06009615384615385
0 0.6742788461538461 0.21514423076923078 0.021634615384615384 0.05048076923076923
0 0.6826923076923077 0.1875 0.019230769230769232 0.038461538461538464
0 0.703125 0.21634615384615385 0.021634615384615384 0.04807692307692308
0 0.7776442307692307 0.11658653846153846 0.01201923076923077 0.028846153846153848
0 0.8028846153846154 0.12259615384615384 0.009615384615384616 0.03365384615384615
0 0.8365384615384616 0.125 0.009615384615384616 0.03365384615384615
0 0.8317307692307693 0.1346153846153846 0.014423076923076924 0.03365384615384615
0 0.8737980769230769 0.13221153846153846 0.01201923076923077 0.03365384615384615
0 0.8629807692307693 0.14543269230769232 0.014423076923076924 0.03365384615384615
0 0.9038461538461539 0.13822115384615385 0.014423076923076924 0.038461538461538464
0 0.8918269230769231 0.15985576923076922 0.014423076923076924 0.03365384615384615
0 0.9338942307692307 0.1622596153846154 0.014423076923076924 0.036057692307692304
0 0.8882211538461539 0.18389423076923078 0.016826923076923076 0.03365384615384615
0 0.9278846153846154 0.2091346153846154 0.019230769230769232 0.04326923076923077
0 0.9266826923076923 0.22596153846153846 0.019230769230769232 0.04326923076923077
0 0.8497596153846154 0.16105769230769232 0.01201923076923077 0.03365384615384615
0 0.8161057692307693 0.15264423076923078 0.016826923076923076 0.03365384615384615
0 0.7824519230769231 0.15384615384615385 0.014423076923076924 0.028846153846153848
0 0.7704326923076923 0.14423076923076922 0.014423076923076924 0.038461538461538464
0 0.7367788461538461 0.140625 0.016826923076923076 0.03125
0 0.7271634615384616 0.1346153846153846 0.01201923076923077 0.03365384615384615
0 0.7247596153846154 0.1814903846153846 0.019230769230769232 0.038461538461538464
0 0.7596153846153846 0.17668269230769232 0.019230769230769232 0.036057692307692304
0 0.8016826923076923 0.18028846153846154 0.019230769230769232 0.038461538461538464
0 0.7379807692307693 0.22956730769230768 0.02403846153846154 0.055288461538461536
0 0.7716346153846154 0.2644230769230769 0.02403846153846154 0.057692307692307696
0 0.8100961538461539 0.24879807692307693 0.02403846153846154 0.04807692307692308
0 0.7728365384615384 0.21394230769230768 0.019230769230769232 0.04326923076923077
0 0.8233173076923077 0.2127403846153846 0.016826923076923076 0.04326923076923077
0 0.8533653846153846 0.2403846153846154 0.02403846153846154 0.04807692307692308
0 0.8257211538461539 0.34134615384615385 0.028846153846153848 0.07692307692307693
0 0.8329326923076923 0.29927884615384615 0.026442307692307692 0.0625
0 0.8725961538461539 0.22235576923076922 0.02403846153846154 0.05048076923076923
0 0.90625 0.30528846153846156 0.02403846153846154 0.057692307692307696
0 0.8834134615384616 0.43028846153846156 0.03125 0.07692307692307693
0 0.7163461538461539 0.15745192307692307 0.014423076923076924 0.036057692307692304