0 0.036057692307692304 0.6766826923076923 0.07211538461538461 0.15144230769230768
0 0.11658653846153846 0.6814903846153846 0.10336538461538461 0.16105769230769232
0 0.2704326923076923 0.7872596153846154 0.15865384615384615 0.2932692307692308
0 0.2620192307692308 0.6526442307692307 0.09615384615384616 0.16346153846153846
0 0.4326923076923077 0.36778846153846156 0.057692307692307696 0.10096153846153846
0 0.4639423076923077 0.8028846153846154 0.1201923076923077 0.19230769230769232
0 0.6286057692307693 0.6778846153846154 0.08413461538461539 0.1346153846153846
0 0.6742788461538461 0.6262019230769231 0.06971153846153846 0.12259615384615384
0 0.7271634615384616 0.8365384615384616 0.16105769230769232 0.2644230769230769
0 0.8149038461538461 0.734375 0.125 0.20192307692307693
0 0.8725961538461539 0.6814903846153846 0.09615384615384616 0.16105769230769232
0 0.7908653846153846 0.4206730769230769 0.08173076923076923 0.1346153846153846