0 0.9471153846153846 0.703125 0.10096153846153846 0.39663461538461536
0 0.8076923076923077 0.26322115384615385 0.038461538461538464 0.06971153846153846
0 0.7644230769230769 0.3016826923076923 0.04326923076923077 0.09375
0 0.6995192307692307 0.29086538461538464 0.04326923076923077 0.08173076923076923
0 0.6129807692307693 0.3641826923076923 0.0625 0.10096153846153846
0 0.5528846153846154 0.3918269230769231 0.07211538461538461 0.14423076923076922
0 0.5901442307692307 0.31490384615384615 0.038461538461538464 0.08173076923076923
0 0.5228365384615384 0.30408653846153844 0.03365384615384615 0.06009615384615385
0 0.4699519230769231 0.35096153846153844 0.052884615384615384 0.10096153846153846
0 0.3870192307692308 0.39663461538461536 0.0625 0.11057692307692307
0 0.39903846153846156 0.33533653846153844 0.038461538461538464 0.07451923076923077
0 0.3389423076923077 0.5396634615384616 0.1201923076923077 0.18509615384615385
0 0.19591346153846154 0.49278846153846156 0.08413461538461539 0.17307692307692307
0 0.23557692307692307 0.421875 0.0673076923076923 0.1201923076923077
0 0.28125 0.3605769230769231 0.04326923076923077 0.08653846153846154
0 0.296875 0.3173076923076923 0.03125 0.057692307692307696
0 0.34134615384615385 0.32572115384615385 0.028846153846153848 0.06971153846153846
0 0.23677884615384615 0.32572115384615385 0.04807692307692308 0.06971153846153846
0 0.19471153846153846 0.34975961538461536 0.038461538461538464 0.07451923076923077
0 0.14543269230769232 0.421875 0.05048076923076923 0.09375
0 0.12139423076923077 0.3701923076923077 0.04326923076923077 0.08653846153846154
0 0.04807692307692308 0.36778846153846156 0.04807692307692308 0.0625