0 0.036057692307692304 0.7992788461538461 0.0673076923076923 0.13221153846153846
0 0.1622596153846154 0.7524038461538461 0.07211538461538461 0.11057692307692307
0 0.23557692307692307 0.5817307692307693 0.038461538461538464 0.0673076923076923
0 0.3088942307692308 0.59375 0.038461538461538464 0.052884615384615384
0 0.25 0.7872596153846154 0.07692307692307693 0.11538461538461539
0 0.3858173076923077 0.5793269230769231 0.036057692307692304 0.0625
0 0.453125 0.5793269230769231 0.036057692307692304 0.0625
0 0.5288461538461539 0.5709134615384616 0.038461538461538464 0.06009615384615385
0 0.609375 0.5637019230769231 0.036057692307692304 0.06490384615384616
0 0.8557692307692307 0.7908653846153846 0.09134615384615384 0.12980769230769232
0 0.8689903846153846 0.7151442307692307 0.052884615384615384 0.09375
0 0.9699519230769231 0.7536057692307693 0.055288461538461536 0.10817307692307693