0 0.20432692307692307 0.4807692307692308 0.052884615384615384 0.10096153846153846
0 0.2956730769230769 0.4651442307692308 0.04807692307692308 0.10096153846153846
0 0.30288461538461536 0.17427884615384615 0.019230769230769232 0.036057692307692304
0 0.38221153846153844 0.171875 0.019230769230769232 0.040865384615384616
0 0.39783653846153844 0.1045673076923077 0.014423076923076924 0.03125
0 0.41947115384615385 0.16105769230769232 0.016826923076923076 0.03365384615384615
0 0.4483173076923077 0.17067307692307693 0.016826923076923076 0.03365384615384615
0 0.47836538461538464 0.18269230769230768 0.019230769230769232 0.028846153846153848
0 0.4951923076923077 0.15264423076923078 0.014423076923076924 0.03125
0 0.5168269230769231 0.1502403846153846 0.014423076923076924 0.03365384615384615
0 0.5396634615384616 0.16466346153846154 0.016826923076923076 0.03365384615384615
0 0.5721153846153846 0.15865384615384615 0.019230769230769232 0.03365384615384615
0 0.7620192307692307 0.11778846153846154 0.019230769230769232 0.03365384615384615