0 0.18269230769230768 0.3701923076923077 0.04807692307692308 0.08653846153846154
0 0.28125 0.21754807692307693 0.014423076923076924 0.036057692307692304
0 0.32572115384615385 0.16826923076923078 0.016826923076923076 0.028846153846153848
0 0.30649038461538464 0.21875 0.016826923076923076 0.04326923076923077
0 0.3293269230769231 0.2283653846153846 0.02403846153846154 0.03365384615384615
0 0.3425480769230769 0.1875 0.016826923076923076 0.038461538461538464
0 0.36658653846153844 0.19230769230769232 0.016826923076923076 0.04326923076923077
0 0.3485576923076923 0.23798076923076922 0.019230769230769232 0.04326923076923077
0 0.41346153846153844 0.15865384615384615 0.014423076923076924 0.028846153846153848
0 0.41947115384615385 0.1346153846153846 0.019230769230769232 0.03365384615384615
0 0.38822115384615385 0.18509615384615385 0.016826923076923076 0.03365384615384615
0 0.4170673076923077 0.22235576923076922 0.021634615384615384 0.040865384615384616
0 0.4423076923076923 0.15384615384615385 0.019230769230769232 0.028846153846153848
0 0.4567307692307692 0.1502403846153846 0.019230769230769232 0.038461538461538464
0 0.46634615384615385 0.12740384615384615 0.014423076923076924 0.02403846153846154
0 0.5072115384615384 0.11298076923076923 0.014423076923076924 0.028846153846153848
0 0.4879807692307692 0.12980769230769232 0.019230769230769232 0.038461538461538464
0 0.45913461538461536 0.1971153846153846 0.014423076923076924 0.038461538461538464
0 0.46875 0.16706730769230768 0.02403846153846154 0.036057692307692304
0 0.5012019230769231 0.17908653846153846 0.021634615384615384 0.036057692307692304
0 0.4831730769230769 0.21995192307692307 0.02403846153846154 0.04326923076923077
0 0.49158653846153844 0.2764423076923077 0.021634615384615384 0.04326923076923077
0 0.5252403846153846 0.11778846153846154 0.016826923076923076 0.028846153846153848
0 0.5456730769230769 0.125 0.014423076923076924 0.028846153846153848
0 0.5552884615384616 0.14543269230769232 0.02403846153846154 0.03365384615384615
0 0.5228365384615384 0.15384615384615385 0.014423076923076924 0.028846153846153848
0 0.5540865384615384 0.171875 0.019230769230769232 0.036057692307692304
0 0.5721153846153846 0.11057692307692307 0.009615384615384616 0.03365384615384615
0 0.5913461538461539 0.09735576923076923 0.009615384615384616 0.028846153846153848
0 0.5528846153846154 0.2776442307692308 0.028846153846153848 0.055288461538461536
0 0.5841346153846154 0.16346153846153846 0.014423076923076924 0.028846153846153848
0 0.6117788461538461 0.10216346153846154 0.01201923076923077 0.02403846153846154
0 0.6310096153846154 0.09495192307692307 0.01201923076923077 0.03365384615384615
0 0.6189903846153846 0.1346153846153846 0.01201923076923077 0.028846153846153848
0 0.6141826923076923 0.2283653846153846 0.021634615384615384 0.0625
0 0.6658653846153846 0.09375 0.014423076923076924 0.02403846153846154
0 0.6550480769230769 0.11057692307692307 0.016826923076923076 0.02403846153846154
0 0.6875 0.08774038461538461 0.009615384615384616 0.026442307692307692
0 0.6862980769230769 0.11057692307692307 0.016826923076923076 0.03365384615384615
0 0.7139423076923077 0.09375 0.014423076923076924 0.02403846153846154
0 0.6947115384615384 0.15264423076923078 0.014423076923076924 0.03125
0 0.6826923076923077 0.1622596153846154 0.019230769230769232 0.036057692307692304
0 0.671875 0.23557692307692307 0.021634615384615384 0.052884615384615384
0 0.6009615384615384 0.3173076923076923 0.028846153846153848 0.057692307692307696
0 0.6730769230769231 0.3329326923076923 0.03365384615384615 0.07451923076923077
0 0.71875 0.2824519230769231 0.02403846153846154 0.052884615384615384
0 0.7283653846153846 0.21033653846153846 0.02403846153846154 0.036057692307692304
0 0.7319711538461539 0.12620192307692307 0.016826923076923076 0.03365384615384615
0 0.7451923076923077 0.12139423076923077 0.019230769230769232 0.028846153846153848
0 0.7800480769230769 0.125 0.016826923076923076 0.028846153846153848
0 0.7487980769230769 0.16346153846153846 0.021634615384615384 0.028846153846153848
0 0.7704326923076923 0.21754807692307693 0.019230769230769232 0.040865384615384616
0 0.7884615384615384 0.14423076923076922 0.019230769230769232 0.038461538461538464
0 0.8064903846153846 0.14423076923076922 0.01201923076923077 0.038461538461538464
0 0.7920673076923077 0.19230769230769232 0.019230769230769232 0.038461538461538464
0 0.7824519230769231 0.28365384615384615 0.021634615384615384 0.057692307692307696
0 0.7427884615384616 0.3605769230769231 0.028846153846153848 0.0673076923076923
0 0.8149038461538461 0.38341346153846156 0.03365384615384615 0.0673076923076923
0 0.8185096153846154 0.24158653846153846 0.02403846153846154 0.055288461538461536
0 0.8701923076923077 0.25 0.019230769230769232 0.057692307692307696
0 0.84375 0.3016826923076923 0.02403846153846154 0.057692307692307696
0 0.8834134615384616 0.21634615384615385 0.014423076923076924 0.04807692307692308
0 0.921875 0.20793269230769232 0.016826923076923076 0.036057692307692304
0 0.9206730769230769 0.2704326923076923 0.019230769230769232 0.04807692307692308
0 0.9110576923076923 0.3389423076923077 0.019230769230769232 0.057692307692307696
0 0.890625 0.41586538461538464 0.03365384615384615 0.08173076923076923
0 0.7608173076923077 0.17307692307692307 0.021634615384615384 0.04807692307692308
0 0.7163461538461539 0.1778846153846154 0.019230769230769232 0.038461538461538464
0 0.6598557692307693 0.12860576923076922 0.021634615384615384 0.038461538461538464
0 0.5949519230769231 0.12259615384615384 0.01201923076923077 0.04326923076923077
0 0.5504807692307693 0.13822115384615385 0.014423076923076924 0.040865384615384616
0 0.37259615384615385 0.24519230769230768 0.014423076923076924 0.04326923076923077
0 0.5637019230769231 0.23317307692307693 0.02403846153846154 0.04807692307692308
0 0.4098557692307692 0.1935096153846154 0.019230769230769232 0.03365384615384615