0 0.1935096153846154 0.36177884615384615 0.05048076923076923 0.08653846153846154
0 0.2776442307692308 0.23076923076923078 0.019230769230769232 0.03365384615384615
0 0.30408653846153844 0.23197115384615385 0.021634615384615384 0.038461538461538464
0 0.328125 0.23918269230769232 0.021634615384615384 0.038461538461538464
0 0.32572115384615385 0.19591346153846154 0.016826923076923076 0.036057692307692304
0 0.3425480769230769 0.1971153846153846 0.016826923076923076 0.038461538461538464
0 0.35336538461538464 0.2548076923076923 0.02403846153846154 0.04326923076923077
0 0.3798076923076923 0.24519230769230768 0.02403846153846154 0.04807692307692308
0 0.3713942307692308 0.19831730769230768 0.019230769230769232 0.040865384615384616
0 0.3858173076923077 0.20192307692307693 0.019230769230769232 0.038461538461538464
0 0.4026442307692308 0.22235576923076922 0.019230769230769232 0.036057692307692304
0 0.41466346153846156 0.24519230769230768 0.02403846153846154 0.04807692307692308
0 0.44350961538461536 0.22596153846153846 0.021634615384615384 0.04326923076923077
0 0.41225961538461536 0.1778846153846154 0.019230769230769232 0.03365384615384615
0 0.4206730769230769 0.1466346153846154 0.014423076923076924 0.02403846153846154
0 0.4362980769230769 0.17548076923076922 0.019230769230769232 0.038461538461538464
0 0.47115384615384615 0.18629807692307693 0.019230769230769232 0.038461538461538464
0 0.4567307692307692 0.15384615384615385 0.019230769230769232 0.028846153846153848
0 0.4699519230769231 0.13822115384615385 0.016826923076923076 0.03125
0 0.4891826923076923 0.13942307692307693 0.014423076923076924 0.028846153846153848
0 0.47475961538461536 0.23197115384615385 0.021634615384615384 0.04326923076923077
0 0.484375 0.2824519230769231 0.028846153846153848 0.057692307692307696
0 0.5036057692307693 0.19831730769230768 0.019230769230769232 0.03125
0 0.5360576923076923 0.19951923076923078 0.02403846153846154 0.03365384615384615
0 0.5216346153846154 0.15745192307692307 0.014423076923076924 0.03365384615384615
0 0.5072115384615384 0.1466346153846154 0.014423076923076924 0.03365384615384615
0 0.5072115384615384 0.125 0.014423076923076924 0.019230769230769232
0 0.5216346153846154 0.12860576923076922 0.014423076923076924 0.026442307692307692
0 0.5492788461538461 0.16826923076923078 0.016826923076923076 0.038461538461538464
0 0.5516826923076923 0.12740384615384615 0.01201923076923077 0.02403846153846154
0 0.5685096153846154 0.1502403846153846 0.014423076923076924 0.028846153846153848
0 0.5817307692307693 0.17307692307692307 0.019230769230769232 0.03365384615384615
0 0.5757211538461539 0.125 0.016826923076923076 0.03365384615384615
0 0.5913461538461539 0.1141826923076923 0.009615384615384616 0.02403846153846154
0 0.6057692307692307 0.12259615384615384 0.009615384615384616 0.02403846153846154
0 0.6129807692307693 0.11298076923076923 0.014423076923076924 0.02403846153846154
0 0.6213942307692307 0.12980769230769232 0.01201923076923077 0.02403846153846154
0 0.6201923076923077 0.15144230769230768 0.009615384615384616 0.02403846153846154
0 0.6310096153846154 0.11658653846153846 0.01201923076923077 0.03365384615384615
0 0.6550480769230769 0.125 0.01201923076923077 0.028846153846153848
0 0.6658653846153846 0.13942307692307693 0.014423076923076924 0.028846153846153848
0 0.6838942307692307 0.125 0.016826923076923076 0.028846153846153848
0 0.6658653846153846 0.109375 0.014423076923076924 0.02403846153846154
0 0.6935096153846154 0.10817307692307693 0.01201923076923077 0.028846153846153848
0 0.7175480769230769 0.10697115384615384 0.01201923076923077 0.03125
0 0.5456730769230769 0.2848557692307692 0.03365384615384615 0.0673076923076923
0 0.5649038461538461 0.2512019230769231 0.02403846153846154 0.05048076923076923
0 0.6033653846153846 0.32572115384615385 0.02403846153846154 0.06490384615384616
0 0.6177884615384616 0.25721153846153844 0.02403846153846154 0.052884615384615384
0 0.625 0.21875 0.019230769230769232 0.04326923076923077
0 0.6706730769230769 0.2824519230769231 0.02403846153846154 0.057692307692307696
0 0.6598557692307693 0.34615384615384615 0.03125 0.07211538461538461
0 0.7295673076923077 0.3701923076923077 0.040865384615384616 0.07692307692307693
0 0.7307692307692307 0.28966346153846156 0.028846153846153848 0.057692307692307696
0 0.7199519230769231 0.21995192307692307 0.02403846153846154 0.04807692307692308
0 0.6730769230769231 0.19471153846153846 0.02403846153846154 0.04326923076923077
0 0.703125 0.15504807692307693 0.016826923076923076 0.038461538461538464
0 0.7151442307692307 0.18389423076923078 0.019230769230769232 0.038461538461538464
0 0.7415865384615384 0.17668269230769232 0.016826923076923076 0.036057692307692304
0 0.7439903846153846 0.14423076923076922 0.014423076923076924 0.028846153846153848
0 0.75 0.12980769230769232 0.009615384615384616 0.019230769230769232
0 0.7584134615384616 0.15264423076923078 0.016826923076923076 0.028846153846153848
0 0.7596153846153846 0.18629807692307693 0.019230769230769232 0.04326923076923077
0 0.7596153846153846 0.23918269230769232 0.02403846153846154 0.04326923076923077
0 0.78125 0.30288461538461536 0.028846153846153848 0.0673076923076923
0 0.8088942307692307 0.4014423076923077 0.03365384615384615 0.07211538461538461
0 0.8401442307692307 0.3088942307692308 0.026442307692307692 0.0625
0 0.8028846153846154 0.24158653846153846 0.019230769230769232 0.040865384615384616
0 0.8052884615384616 0.21033653846153846 0.014423076923076924 0.03365384615384615
0 0.7920673076923077 0.15745192307692307 0.016826923076923076 0.036057692307692304
0 0.7896634615384616 0.13701923076923078 0.014423076923076924 0.03365384615384615
0 0.8209134615384616 0.15985576923076922 0.016826923076923076 0.036057692307692304
0 0.8774038461538461 0.2692307692307692 0.02403846153846154 0.04807692307692308
0 0.8870192307692307 0.24759615384615385 0.02403846153846154 0.04326923076923077
0 0.9170673076923077 0.34134615384615385 0.02403846153846154 0.0673076923076923
0 0.8990384615384616 0.42908653846153844 0.028846153846153848 0.09134615384615384
0 0.9230769230769231 0.2860576923076923 0.02403846153846154 0.052884615384615384
0 0.9266826923076923 0.21634615384615385 0.021634615384615384 0.04326923076923077