0 0.0985576923076923 0.5588942307692307 0.07211538461538461 0.10576923076923077
0 0.15384615384615385 0.5540865384615384 0.057692307692307696 0.0985576923076923
0 0.13581730769230768 0.4963942307692308 0.04567307692307692 0.0673076923076923
0 0.15504807692307693 0.45552884615384615 0.03125 0.05048076923076923
0 0.09014423076923077 0.48677884615384615 0.04567307692307692 0.055288461538461536
0 0.06129807692307692 0.46033653846153844 0.036057692307692304 0.0625
0 0.06850961538461539 0.43149038461538464 0.03125 0.040865384615384616
0 0.19471153846153846 0.46875 0.038461538461538464 0.07211538461538461
0 0.22235576923076922 0.4675480769230769 0.028846153846153848 0.055288461538461536
0 0.2091346153846154 0.42788461538461536 0.03365384615384615 0.04807692307692308
0 0.2776442307692308 0.5084134615384616 0.05048076923076923 0.09615384615384616
0 0.30288461538461536 0.5024038461538461 0.038461538461538464 0.07211538461538461
0 0.2692307692307692 0.4326923076923077 0.028846153846153848 0.04807692307692308
0 0.3389423076923077 0.4735576923076923 0.03365384615384615 0.052884615384615384
0 0.3401442307692308 0.43028846153846156 0.028846153846153848 0.04326923076923077
0 0.4050480769230769 0.4651442307692308 0.09615384615384616 0.18028846153846154
0 0.40024038461538464 0.7956730769230769 0.11778846153846154 0.21634615384615385
0 0.5576923076923077 0.31490384615384615 0.09615384615384616 0.1778846153846154
0 0.6850961538461539 0.43028846153846156 0.028846153846153848 0.052884615384615384
0 0.48197115384615385 0.5060096153846154 0.038461538461538464 0.07692307692307693
0 0.5180288461538461 0.5120192307692307 0.028846153846153848 0.07211538461538461
0 0.5072115384615384 0.46274038461538464 0.03365384615384615 0.057692307692307696
0 0.5324519230769231 0.42788461538461536 0.021634615384615384 0.04807692307692308
0 0.47596153846153844 0.4266826923076923 0.02403846153846154 0.052884615384615384