0 0.16466346153846154 0.6622596153846154 0.08653846153846154 0.125
0 0.04807692307692308 0.5973557692307693 0.057692307692307696 0.09375
0 0.042067307692307696 0.4807692307692308 0.038461538461538464 0.0673076923076923
0 0.01201923076923077 0.47836538461538464 0.02403846153846154 0.0673076923076923
0 0.13701923076923078 0.4543269230769231 0.03365384615384615 0.052884615384615384
0 0.19110576923076922 0.46153846153846156 0.04567307692307692 0.052884615384615384
0 0.20552884615384615 0.5444711538461539 0.057692307692307696 0.07932692307692307
0 0.25 0.45072115384615385 0.028846153846153848 0.04326923076923077
0 0.30649038461538464 0.4423076923076923 0.03365384615384615 0.04807692307692308
0 0.3545673076923077 0.5288461538461539 0.038461538461538464 0.057692307692307696
0 0.3389423076923077 0.6213942307692307 0.07211538461538461 0.11538461538461539
0 0.38822115384615385 0.4807692307692308 0.036057692307692304 0.052884615384615384
0 0.4206730769230769 0.44350961538461536 0.03365384615384615 0.05048076923076923
0 0.46033653846153844 0.4951923076923077 0.04326923076923077 0.04807692307692308
0 0.46634615384615385 0.5492788461538461 0.038461538461538464 0.057692307692307696
0 0.5444711538461539 0.4567307692307692 0.026442307692307692 0.04807692307692308
0 0.5721153846153846 0.5228365384615384 0.038461538461538464 0.07211538461538461
0 0.6322115384615384 0.5096153846153846 0.038461538461538464 0.057692307692307696
0 0.640625 0.6057692307692307 0.0625 0.10576923076923077
0 0.7475961538461539 0.5528846153846154 0.057692307692307696 0.08653846153846154
0 0.859375 0.5396634615384616 0.05048076923076923 0.07451923076923077