0 0.21033653846153846 0.4963942307692308 0.04326923076923077 0.0625
0 0.23557692307692307 0.5072115384615384 0.03365384615384615 0.052884615384615384
0 0.20552884615384615 0.4110576923076923 0.03125 0.04326923076923077
0 0.30408653846153844 0.49158653846153844 0.038461538461538464 0.06009615384615385
0 0.3629807692307692 0.49278846153846156 0.03365384615384615 0.0625
0 0.41586538461538464 0.5024038461538461 0.03365384615384615 0.052884615384615384
0 0.4963942307692308 0.515625 0.03125 0.04326923076923077
0 0.5552884615384616 0.5144230769230769 0.028846153846153848 0.04326923076923077
0 0.6550480769230769 0.45552884615384615 0.03365384615384615 0.05048076923076923
0 0.6802884615384616 0.4963942307692308 0.03365384615384615 0.052884615384615384
0 0.7259615384615384 0.4855769230769231 0.04326923076923077 0.0625