0 0.1658653846153846 0.34975961538461536 0.038461538461538464 0.08173076923076923
0 0.2608173076923077 0.27884615384615385 0.019230769230769232 0.028846153846153848
0 0.2956730769230769 0.26322115384615385 0.02403846153846154 0.036057692307692304
0 0.3161057692307692 0.21875 0.016826923076923076 0.03365384615384615
0 0.33052884615384615 0.23677884615384615 0.021634615384615384 0.03365384615384615
0 0.3449519230769231 0.2091346153846154 0.019230769230769232 0.03365384615384615
0 0.35336538461538464 0.23317307692307693 0.019230769230769232 0.03365384615384615
0 0.375 0.21754807692307693 0.019230769230769232 0.028846153846153848
0 0.38341346153846156 0.19230769230769232 0.021634615384615384 0.038461538461538464
0 0.4098557692307692 0.16947115384615385 0.016826923076923076 0.028846153846153848
0 0.4206730769230769 0.18389423076923078 0.02403846153846154 0.028846153846153848
0 0.453125 0.17067307692307693 0.019230769230769232 0.03365384615384615
0 0.44711538461538464 0.18389423076923078 0.019230769230769232 0.028846153846153848
0 0.43028846153846156 0.2091346153846154 0.014423076923076924 0.02403846153846154
0 0.4675480769230769 0.14783653846153846 0.014423076923076924 0.026442307692307692
0 0.484375 0.1310096153846154 0.01201923076923077 0.02403846153846154
0 0.5 0.1466346153846154 0.014423076923076924 0.02403846153846154
0 0.5228365384615384 0.12139423076923077 0.01201923076923077 0.026442307692307692
0 0.5552884615384616 0.109375 0.014423076923076924 0.021634615384615384
0 0.5673076923076923 0.1201923076923077 0.019230769230769232 0.028846153846153848
0 0.59375 0.11057692307692307 0.014423076923076924 0.019230769230769232
0 0.625 0.08774038461538461 0.009615384615384616 0.02403846153846154
0 0.6310096153846154 0.10697115384615384 0.016826923076923076 0.036057692307692304
0 0.6454326923076923 0.09014423076923077 0.01201923076923077 0.026442307692307692
0 0.6598557692307693 0.04927884615384615 0.016826923076923076 0.028846153846153848
0 0.6141826923076923 0.14182692307692307 0.019230769230769232 0.03365384615384615
0 0.5721153846153846 0.16947115384615385 0.02403846153846154 0.040865384615384616
0 0.5144230769230769 0.1971153846153846 0.028846153846153848 0.04807692307692308
0 0.48197115384615385 0.20072115384615385 0.019230769230769232 0.03365384615384615
0 0.4567307692307692 0.22115384615384615 0.02403846153846154 0.038461538461538464
0 0.4675480769230769 0.24759615384615385 0.026442307692307692 0.04326923076923077
0 0.4375 0.24639423076923078 0.028846153846153848 0.038461538461538464
0 0.34975961538461536 0.27283653846153844 0.026442307692307692 0.038461538461538464
0 0.5048076923076923 0.28125 0.028846153846153848 0.052884615384615384
0 0.5673076923076923 0.2439903846153846 0.019230769230769232 0.04326923076923077
0 0.5324519230769231 0.3449519230769231 0.02403846153846154 0.05048076923076923
0 0.5889423076923077 0.3473557692307692 0.028846153846153848 0.0673076923076923
0 0.6057692307692307 0.2644230769230769 0.02403846153846154 0.057692307692307696
0 0.6334134615384616 0.20552884615384615 0.021634615384615384 0.04326923076923077
0 0.6610576923076923 0.203125 0.02403846153846154 0.04807692307692308
0 0.6694711538461539 0.17427884615384615 0.019230769230769232 0.036057692307692304
0 0.6862980769230769 0.18028846153846154 0.021634615384615384 0.03365384615384615
0 0.6862980769230769 0.21033653846153846 0.02403846153846154 0.04326923076923077
0 0.671875 0.11538461538461539 0.016826923076923076 0.028846153846153848
0 0.7199519230769231 0.13822115384615385 0.019230769230769232 0.03365384615384615
0 0.734375 0.11899038461538461 0.014423076923076924 0.03365384615384615
0 0.7536057692307693 0.10096153846153846 0.014423076923076924 0.038461538461538464
0 0.7572115384615384 0.12139423076923077 0.014423076923076924 0.02403846153846154
0 0.7788461538461539 0.11658653846153846 0.009615384615384616 0.03365384615384615
0 0.7896634615384616 0.13221153846153846 0.016826923076923076 0.038461538461538464
0 0.8052884615384616 0.1310096153846154 0.014423076923076924 0.02403846153846154
0 0.8269230769230769 0.13341346153846154 0.014423076923076924 0.038461538461538464
0 0.8485576923076923 0.14423076923076922 0.014423076923076924 0.038461538461538464
0 0.859375 0.13822115384615385 0.016826923076923076 0.038461538461538464
0 0.8810096153846154 0.15264423076923078 0.01201923076923077 0.028846153846153848
0 0.8942307692307693 0.13822115384615385 0.009615384615384616 0.03365384615384615
0 0.9254807692307693 0.15144230769230768 0.014423076923076924 0.02403846153846154
0 0.8870192307692307 0.1658653846153846 0.014423076923076924 0.038461538461538464
0 0.8485576923076923 0.18990384615384615 0.02403846153846154 0.03365384615384615
0 0.921875 0.18629807692307693 0.016826923076923076 0.03365384615384615
0 0.9158653846153846 0.21634615384615385 0.019230769230769232 0.038461538461538464
0 0.8701923076923077 0.23918269230769232 0.019230769230769232 0.036057692307692304
0 0.9086538461538461 0.25841346153846156 0.02403846153846154 0.04567307692307692
0 0.8040865384615384 0.25240384615384615 0.021634615384615384 0.052884615384615384
0 0.7872596153846154 0.18028846153846154 0.021634615384615384 0.03365384615384615
0 0.7524038461538461 0.17067307692307693 0.014423076923076924 0.03365384615384615
0 0.7415865384615384 0.19471153846153846 0.026442307692307692 0.04326923076923077
0 0.7524038461538461 0.25600961538461536 0.02403846153846154 0.05048076923076923
0 0.7331730769230769 0.29447115384615385 0.02403846153846154 0.052884615384615384
0 0.7836538461538461 0.3088942307692308 0.028846153846153848 0.05048076923076923
0 0.671875 0.33653846153846156 0.03365384615384615 0.057692307692307696
0 0.3762019230769231 0.25 0.019230769230769232 0.028846153846153848
0 0.6574519230769231 0.2980769230769231 0.03125 0.04326923076923077