0 0.5372596153846154 0.4026442307692308 0.052884615384615384 0.10817307692307693
0 0.4326923076923077 0.7067307692307693 0.0625 0.09615384615384616
0 0.5336538461538461 0.7391826923076923 0.0673076923076923 0.1201923076923077
0 0.578125 0.7091346153846154 0.052884615384615384 0.09615384615384616
0 0.6490384615384616 0.7872596153846154 0.09615384615384616 0.16346153846153846
0 0.7067307692307693 0.6983173076923077 0.0673076923076923 0.10817307692307693
0 0.75 0.6706730769230769 0.057692307692307696 0.09615384615384616
0 0.8401442307692307 0.8485576923076923 0.11778846153846154 0.20673076923076922
0 0.8810096153846154 0.7524038461538461 0.08173076923076923 0.12980769230769232
0 0.9507211538461539 0.6814903846153846 0.07692307692307693 0.11538461538461539
0 0.040865384615384616 0.9411057692307693 0.08173076923076923 0.09615384615384616
0 0.03485576923076923 0.8617788461538461 0.06971153846153846 0.10817307692307693
0 0.030048076923076924 0.78125 0.06009615384615385 0.08173076923076923