0 0.02403846153846154 0.4567307692307692 0.038461538461538464 0.08653846153846154
0 0.055288461538461536 0.41466346153846156 0.038461538461538464 0.06490384615384616
0 0.1045673076923077 0.3870192307692308 0.036057692307692304 0.0673076923076923
0 0.12860576923076922 0.3870192307692308 0.026442307692307692 0.052884615384615384
0 0.15144230769230768 0.3918269230769231 0.019230769230769232 0.04807692307692308
0 0.14423076923076922 0.6262019230769231 0.11538461538461539 0.21394230769230768
0 0.20673076923076922 0.5120192307692307 0.057692307692307696 0.12980769230769232
0 0.2439903846153846 0.4723557692307692 0.038461538461538464 0.08653846153846154
0 0.25961538461538464 0.40865384615384615 0.038461538461538464 0.0673076923076923
0 0.3894230769230769 0.4074519230769231 0.019230769230769232 0.055288461538461536
0 0.40865384615384615 0.4230769230769231 0.03365384615384615 0.057692307692307696
0 0.44350961538461536 0.4387019230769231 0.036057692307692304 0.0673076923076923
0 0.484375 0.4807692307692308 0.04326923076923077 0.07692307692307693
0 0.5384615384615384 0.546875 0.057692307692307696 0.10576923076923077
0 0.6334134615384616 0.6466346153846154 0.07692307692307693 0.14903846153846154
0 0.4326923076923077 0.3173076923076923 0.019230769230769232 0.04326923076923077
0 0.5348557692307693 0.42908653846153844 0.02403846153846154 0.057692307692307696
0 0.5144230769230769 0.42788461538461536 0.019230769230769232 0.04326923076923077
0 0.49759615384615385 0.4026442307692308 0.02403846153846154 0.040865384615384616
0 0.5673076923076923 0.4483173076923077 0.028846153846153848 0.055288461538461536
0 0.5841346153846154 0.41346153846153844 0.02403846153846154 0.038461538461538464
0 0.6105769230769231 0.40384615384615385 0.02403846153846154 0.04326923076923077
0 0.6033653846153846 0.4675480769230769 0.03365384615384615 0.0673076923076923
0 0.6478365384615384 0.43149038461538464 0.026442307692307692 0.052884615384615384
0 0.6838942307692307 0.5120192307692307 0.04567307692307692 0.07211538461538461
0 0.7163461538461539 0.4639423076923077 0.028846153846153848 0.04807692307692308
0 0.7115384615384616 0.42788461538461536 0.019230769230769232 0.038461538461538464
0 0.6887019230769231 0.4266826923076923 0.021634615384615384 0.04807692307692308
0 0.7836538461538461 0.5132211538461539 0.04807692307692308 0.11057692307692307
0 0.7536057692307693 0.45072115384615385 0.028846153846153848 0.0625
0 0.8064903846153846 0.43509615384615385 0.02403846153846154 0.04326923076923077
0 0.8485576923076923 0.47716346153846156 0.04326923076923077 0.08413461538461539
0 0.9134615384615384 0.46274038461538464 0.028846153846153848 0.0673076923076923
0 0.9399038461538461 0.4519230769230769 0.03365384615384615 0.0673076923076923
0 0.8774038461538461 0.4495192307692308 0.02403846153846154 0.052884615384615384
0 0.9627403846153846 0.6274038461538461 0.06971153846153846 0.15865384615384615