0 0.07211538461538461 0.9074519230769231 0.11538461538461539 0.16346153846153846
0 0.1814903846153846 0.9158653846153846 0.08413461538461539 0.1201923076923077
0 0.2608173076923077 0.8894230769230769 0.04807692307692308 0.0673076923076923
0 0.27884615384615385 0.9543269230769231 0.04807692307692308 0.07211538461538461
0 0.3737980769230769 0.8737980769230769 0.11057692307692307 0.15144230769230768
0 0.4375 0.8725961538461539 0.038461538461538464 0.0673076923076923
0 0.5685096153846154 0.9098557692307693 0.06490384615384616 0.11298076923076923
0 0.6514423076923077 0.9278846153846154 0.0673076923076923 0.11538461538461539
0 0.7487980769230769 0.8617788461538461 0.036057692307692304 0.06009615384615385
0 0.796875 0.8605769230769231 0.04326923076923077 0.0673076923076923
0 0.8293269230769231 0.8834134615384616 0.03365384615384615 0.057692307692307696
0 0.8629807692307693 0.8413461538461539 0.052884615384615384 0.0673076923076923
0 0.9543269230769231 0.8509615384615384 0.07211538461538461 0.12980769230769232