0 0.09134615384615384 0.4963942307692308 0.052884615384615384 0.10817307692307693
0 0.25841346153846156 0.22716346153846154 0.019230769230769232 0.04807692307692308
0 0.3004807692307692 0.21394230769230768 0.019230769230769232 0.038461538461538464
0 0.32091346153846156 0.18870192307692307 0.021634615384615384 0.040865384615384616
0 0.33774038461538464 0.2091346153846154 0.02403846153846154 0.04326923076923077
0 0.359375 0.1935096153846154 0.021634615384615384 0.04567307692307692
0 0.3713942307692308 0.24158653846153846 0.02403846153846154 0.04326923076923077
0 0.4050480769230769 0.2091346153846154 0.019230769230769232 0.03365384615384615
0 0.3701923076923077 0.17548076923076922 0.019230769230769232 0.03365384615384615
0 0.41466346153846156 0.15865384615384615 0.016826923076923076 0.03365384615384615
0 0.4362980769230769 0.16706730769230768 0.019230769230769232 0.036057692307692304
0 0.43990384615384615 0.2668269230769231 0.02403846153846154 0.052884615384615384
0 0.4807692307692308 0.2127403846153846 0.028846153846153848 0.04807692307692308
0 0.4963942307692308 0.1875 0.019230769230769232 0.038461538461538464
0 0.5324519230769231 0.1935096153846154 0.021634615384615384 0.040865384615384616
0 0.4795673076923077 0.15264423076923078 0.019230769230769232 0.036057692307692304
0 0.45913461538461536 0.14783653846153846 0.014423076923076924 0.036057692307692304
0 0.47596153846153844 0.13341346153846154 0.019230769230769232 0.026442307692307692
0 0.5012019230769231 0.1346153846153846 0.01201923076923077 0.028846153846153848
0 0.5348557692307693 0.1466346153846154 0.019230769230769232 0.03365384615384615
0 0.5612980769230769 0.14423076923076922 0.016826923076923076 0.038461538461538464
0 0.5600961538461539 0.11658653846153846 0.014423076923076924 0.026442307692307692
0 0.5805288461538461 0.12620192307692307 0.019230769230769232 0.03125
0 0.5997596153846154 0.10817307692307693 0.016826923076923076 0.03365384615384615
0 0.609375 0.15625 0.016826923076923076 0.03365384615384615
0 0.6225961538461539 0.16706730769230768 0.014423076923076924 0.038461538461538464
0 0.6189903846153846 0.13581730769230768 0.019230769230769232 0.03125
0 0.6382211538461539 0.11538461538461539 0.016826923076923076 0.03365384615384615
0 0.6478365384615384 0.125 0.016826923076923076 0.038461538461538464
0 0.65625 0.16466346153846154 0.014423076923076924 0.028846153846153848
0 0.6850961538461539 0.14423076923076922 0.014423076923076924 0.03365384615384615
0 0.6899038461538461 0.11778846153846154 0.014423076923076924 0.03365384615384615
0 0.7199519230769231 0.13822115384615385 0.016826923076923076 0.03125
0 0.5649038461538461 0.3112980769230769 0.028846153846153848 0.057692307692307696
0 0.6117788461538461 0.33533653846153844 0.03125 0.055288461538461536
0 0.6177884615384616 0.25841346153846156 0.02403846153846154 0.057692307692307696
0 0.6622596153846154 0.22956730769230768 0.026442307692307692 0.052884615384615384
0 0.7199519230769231 0.1875 0.021634615384615384 0.038461538461538464
0 0.7211538461538461 0.23677884615384615 0.019230769230769232 0.052884615384615384
0 0.7512019230769231 0.203125 0.021634615384615384 0.040865384615384616
0 0.7415865384615384 0.17908653846153846 0.016826923076923076 0.03365384615384615
0 0.7596153846153846 0.17067307692307693 0.014423076923076924 0.03365384615384615
0 0.7872596153846154 0.15264423076923078 0.019230769230769232 0.040865384615384616
0 0.8112980769230769 0.17427884615384615 0.016826923076923076 0.040865384615384616
0 0.8317307692307693 0.1971153846153846 0.019230769230769232 0.038461538461538464
0 0.8016826923076923 0.22355769230769232 0.019230769230769232 0.04326923076923077
0 0.7752403846153846 0.1971153846153846 0.016826923076923076 0.038461538461538464
0 0.7680288461538461 0.24759615384615385 0.021634615384615384 0.04326923076923077
0 0.6622596153846154 0.3545673076923077 0.03125 0.0625
0 0.7379807692307693 0.37740384615384615 0.028846153846153848 0.0625
0 0.7872596153846154 0.4014423076923077 0.03365384615384615 0.08173076923076923
0 0.8629807692307693 0.4519230769230769 0.03365384615384615 0.07692307692307693
0 0.8894230769230769 0.37740384615384615 0.028846153846153848 0.07211538461538461
0 0.8617788461538461 0.3076923076923077 0.021634615384615384 0.04807692307692308
0 0.8185096153846154 0.2644230769230769 0.02403846153846154 0.057692307692307696
0 0.8713942307692307 0.20552884615384615 0.016826923076923076 0.040865384615384616
0 0.8810096153846154 0.20673076923076922 0.016826923076923076 0.03365384615384615
0 0.8954326923076923 0.2439903846153846 0.016826923076923076 0.04567307692307692
0 0.90625 0.22235576923076922 0.014423076923076924 0.038461538461538464
0 0.9122596153846154 0.20673076923076922 0.016826923076923076 0.038461538461538464
0 0.9254807692307693 0.30408653846153844 0.019230769230769232 0.052884615384615384
0 0.9447115384615384 0.3329326923076923 0.02403846153846154 0.055288461538461536
0 0.953125 0.40384615384615385 0.028846153846153848 0.07692307692307693
0 0.9807692307692307 0.3269230769230769 0.019230769230769232 0.04807692307692308
0 0.9831730769230769 0.28365384615384615 0.014423076923076924 0.038461538461538464
0 0.9783653846153846 0.25961538461538464 0.014423076923076924 0.038461538461538464
0 0.9819711538461539 0.22596153846153846 0.014423076923076924 0.028846153846153848
0 0.9471153846153846 0.2091346153846154 0.019230769230769232 0.04807692307692308
0 0.9423076923076923 0.2403846153846154 0.019230769230769232 0.038461538461538464