0 0.078125 0.29927884615384615 0.02403846153846154 0.05048076923076923
0 0.3173076923076923 0.23197115384615385 0.019230769230769232 0.05048076923076923
0 0.33653846153846156 0.18389423076923078 0.019230769230769232 0.038461538461538464
0 0.3545673076923077 0.20072115384615385 0.016826923076923076 0.03365384615384615
0 0.4170673076923077 0.19951923076923078 0.019230769230769232 0.03365384615384615
0 0.4230769230769231 0.17307692307692307 0.014423076923076924 0.038461538461538464
0 0.453125 0.203125 0.019230769230769232 0.040865384615384616
0 0.44471153846153844 0.15144230769230768 0.014423076923076924 0.03365384615384615
0 0.47716346153846156 0.18389423076923078 0.016826923076923076 0.038461538461538464
0 0.484375 0.22355769230769232 0.02403846153846154 0.052884615384615384
0 0.4675480769230769 0.1502403846153846 0.01201923076923077 0.028846153846153848
0 0.4723557692307692 0.12860576923076922 0.014423076923076924 0.03365384615384615
0 0.4891826923076923 0.15745192307692307 0.014423076923076924 0.03125
0 0.5144230769230769 0.15985576923076922 0.019230769230769232 0.040865384615384616
0 0.5048076923076923 0.140625 0.014423076923076924 0.026442307692307692
0 0.515625 0.11177884615384616 0.014423076923076924 0.026442307692307692
0 0.5288461538461539 0.12620192307692307 0.014423076923076924 0.026442307692307692
0 0.5372596153846154 0.1466346153846154 0.01201923076923077 0.03365384615384615
0 0.5480769230769231 0.1658653846153846 0.009615384615384616 0.03365384615384615
0 0.5516826923076923 0.18629807692307693 0.019230769230769232 0.03365384615384615
0 0.5528846153846154 0.11658653846153846 0.009615384615384616 0.026442307692307692
0 0.5612980769230769 0.14302884615384615 0.01201923076923077 0.03125
0 0.5853365384615384 0.16105769230769232 0.019230769230769232 0.038461538461538464
0 0.5997596153846154 0.13701923076923078 0.01201923076923077 0.028846153846153848
0 0.5925480769230769 0.109375 0.01201923076923077 0.028846153846153848
0 0.6057692307692307 0.11778846153846154 0.009615384615384616 0.02403846153846154
0 0.6081730769230769 0.10096153846153846 0.014423076923076924 0.028846153846153848
0 0.6298076923076923 0.14302884615384615 0.014423076923076924 0.03125
0 0.6310096153846154 0.1141826923076923 0.016826923076923076 0.026442307692307692
0 0.6442307692307693 0.10697115384615384 0.009615384615384616 0.028846153846153848
0 0.6490384615384616 0.140625 0.009615384615384616 0.026442307692307692
0 0.6574519230769231 0.12980769230769232 0.01201923076923077 0.019230769230769232
0 0.6658653846153846 0.11177884615384616 0.014423076923076924 0.02403846153846154
0 0.6887019230769231 0.1201923076923077 0.01201923076923077 0.028846153846153848
0 0.5769230769230769 0.25 0.02403846153846154 0.052884615384615384
0 0.5120192307692307 0.28846153846153844 0.028846153846153848 0.057692307692307696
0 0.5901442307692307 0.30528846153846156 0.028846153846153848 0.0673076923076923
0 0.5805288461538461 0.2848557692307692 0.021634615384615384 0.05048076923076923
0 0.6298076923076923 0.25600961538461536 0.02403846153846154 0.055288461538461536
0 0.625 0.203125 0.02403846153846154 0.04567307692307692
0 0.6730769230769231 0.21153846153846154 0.019230769230769232 0.052884615384615384
0 0.6622596153846154 0.3245192307692308 0.03365384615384615 0.0625
0 0.6574519230769231 0.28365384615384615 0.026442307692307692 0.04807692307692308
0 0.7235576923076923 0.2283653846153846 0.02403846153846154 0.052884615384615384
0 0.703125 0.19951923076923078 0.021634615384615384 0.052884615384615384
0 0.6730769230769231 0.17548076923076922 0.019230769230769232 0.04807692307692308
0 0.7103365384615384 0.15985576923076922 0.016826923076923076 0.036057692307692304
0 0.75 0.125 0.019230769230769232 0.038461538461538464
0 0.7367788461538461 0.17307692307692307 0.019230769230769232 0.04326923076923077
0 0.7644230769230769 0.14783653846153846 0.019230769230769232 0.036057692307692304
0 0.7692307692307693 0.12139423076923077 0.009615384615384616 0.028846153846153848
0 0.7800480769230769 0.13942307692307693 0.016826923076923076 0.038461538461538464
0 0.7752403846153846 0.18269230769230768 0.016826923076923076 0.038461538461538464
0 0.7884615384615384 0.2091346153846154 0.019230769230769232 0.052884615384615384
0 0.8040865384615384 0.16105769230769232 0.01201923076923077 0.03365384615384615
0 0.8149038461538461 0.1935096153846154 0.019230769230769232 0.040865384615384616
0 0.8269230769230769 0.17908653846153846 0.019230769230769232 0.036057692307692304
0 0.8425480769230769 0.15625 0.014423076923076924 0.03365384615384615
0 0.8473557692307693 0.18269230769230768 0.016826923076923076 0.03365384615384615
0 0.84375 0.21394230769230768 0.019230769230769232 0.04326923076923077
0 0.8004807692307693 0.2824519230769231 0.02403846153846154 0.06009615384615385
0 0.8100961538461539 0.25721153846153844 0.02403846153846154 0.04807692307692308
0 0.8293269230769231 0.30528846153846156 0.028846153846153848 0.0625
0 0.8173076923076923 0.36778846153846156 0.038461538461538464 0.08173076923076923
0 0.6838942307692307 0.37259615384615385 0.040865384615384616 0.08173076923076923
0 0.8990384615384616 0.43028846153846156 0.038461538461538464 0.09134615384615384
0 0.9122596153846154 0.3317307692307692 0.028846153846153848 0.07211538461538461
0 0.8737980769230769 0.2548076923076923 0.026442307692307692 0.04807692307692308
0 0.8846153846153846 0.22115384615384615 0.019230769230769232 0.04807692307692308
0 0.8677884615384616 0.18389423076923078 0.019230769230769232 0.04326923076923077
0 0.875 0.15865384615384615 0.014423076923076924 0.028846153846153848
0 0.8822115384615384 0.14903846153846154 0.014423076923076924 0.028846153846153848
0 0.8990384615384616 0.15865384615384615 0.014423076923076924 0.028846153846153848
0 0.9110576923076923 0.16466346153846154 0.014423076923076924 0.028846153846153848
0 0.9122596153846154 0.2403846153846154 0.021634615384615384 0.038461538461538464
0 0.9290865384615384 0.28125 0.02403846153846154 0.052884615384615384
0 0.9314903846153846 0.23317307692307693 0.014423076923076924 0.03365384615384615
0 0.9447115384615384 0.21514423076923078 0.014423076923076924 0.03125
0 0.9411057692307693 0.17307692307692307 0.019230769230769232 0.038461538461538464