0 0.06129807692307692 0.3125 0.038461538461538464 0.057692307692307696
0 0.13221153846153846 0.3076923076923077 0.038461538461538464 0.04807692307692308
0 0.15745192307692307 0.3161057692307692 0.03125 0.052884615384615384
0 0.19230769230769232 0.2824519230769231 0.028846153846153848 0.04326923076923077
0 0.2283653846153846 0.27403846153846156 0.028846153846153848 0.04326923076923077
0 0.055288461538461536 0.6634615384615384 0.10576923076923077 0.125
0 0.32091346153846156 0.6442307692307693 0.09615384615384616 0.11538461538461539
0 0.390625 0.5192307692307693 0.07451923076923077 0.09615384615384616
0 0.3942307692307692 0.44471153846153844 0.057692307692307696 0.08173076923076923
0 0.33653846153846156 0.40384615384615385 0.0625 0.07692307692307693
0 0.3918269230769231 0.28365384615384615 0.04326923076923077 0.0625
0 0.4951923076923077 0.22956730769230768 0.038461538461538464 0.04567307692307692
0 0.44471153846153844 0.3713942307692308 0.03365384615384615 0.055288461538461536
0 0.5432692307692307 0.5192307692307693 0.08653846153846154 0.10576923076923077
0 0.5384615384615384 0.3713942307692308 0.03365384615384615 0.04807692307692308
0 0.6237980769230769 0.3173076923076923 0.03365384615384615 0.04807692307692308
0 0.5637019230769231 0.33653846153846156 0.028846153846153848 0.04326923076923077
0 0.6682692307692307 0.3858173076923077 0.04326923076923077 0.057692307692307696
0 0.6995192307692307 0.4362980769230769 0.052884615384615384 0.07451923076923077
0 0.7728365384615384 0.5024038461538461 0.06490384615384616 0.07211538461538461
0 0.8341346153846154 0.59375 0.08173076923076923 0.12980769230769232
0 0.5697115384615384 0.8713942307692307 0.13942307692307693 0.13221153846153846
0 0.8317307692307693 0.3016826923076923 0.038461538461538464 0.04567307692307692
0 0.9591346153846154 0.35096153846153844 0.052884615384615384 0.0673076923076923