0 0.06129807692307692 0.3245192307692308 0.055288461538461536 0.0673076923076923
0 0.018028846153846152 0.32091346153846156 0.036057692307692304 0.06971153846153846
0 0.11057692307692307 0.31971153846153844 0.0625 0.07211538461538461
0 0.234375 0.46634615384615385 0.09375 0.11538461538461539
0 0.27884615384615385 0.36899038461538464 0.0625 0.08413461538461539
0 0.35336538461538464 0.33052884615384615 0.057692307692307696 0.07451923076923077
0 0.421875 0.3137019230769231 0.04326923076923077 0.0625
0 0.44471153846153844 0.40865384615384615 0.09134615384615384 0.10576923076923077
0 0.5180288461538461 0.3293269230769231 0.04326923076923077 0.0673076923076923
0 0.5240384615384616 0.2956730769230769 0.03365384615384615 0.04326923076923077
0 0.6237980769230769 0.2920673076923077 0.038461538461538464 0.04807692307692308
0 0.6923076923076923 0.3581730769230769 0.07692307692307693 0.11057692307692307
0 0.6959134615384616 0.29086538461538464 0.052884615384615384 0.08173076923076923
0 0.796875 0.3016826923076923 0.0625 0.0889423076923077
0 0.8858173076923077 0.36658653846153844 0.06971153846153846 0.07932692307692307
0 0.8401442307692307 0.3317307692307692 0.040865384615384616 0.07211538461538461
0 0.9579326923076923 0.4963942307692308 0.07932692307692307 0.1658653846153846
0 0.9435096153846154 0.2620192307692308 0.04807692307692308 0.052884615384615384