0 0.1971153846153846 0.14903846153846154 0.07211538461538461 0.15384615384615385
0 0.039663461538461536 0.5805288461538461 0.07692307692307693 0.15865384615384615
0 0.07932692307692307 0.4675480769230769 0.04807692307692308 0.10096153846153846
0 0.13822115384615385 0.44711538461538464 0.055288461538461536 0.10576923076923077
0 0.18990384615384615 0.5288461538461539 0.09134615384615384 0.1346153846153846
0 0.2620192307692308 0.40865384615384615 0.04326923076923077 0.07692307692307693
0 0.34975961538461536 0.4639423076923077 0.07692307692307693 0.12980769230769232
0 0.36658653846153844 0.6009615384615384 0.10576923076923077 0.19230769230769232
0 0.36177884615384615 0.3918269230769231 0.038461538461538464 0.08173076923076923
0 0.39302884615384615 0.40024038461538464 0.038461538461538464 0.10576923076923077
0 0.5336538461538461 0.24278846153846154 0.0625 0.125
0 0.46634615384615385 0.5144230769230769 0.08173076923076923 0.15865384615384615
0 0.5108173076923077 0.6983173076923077 0.12740384615384615 0.2764423076923077
0 0.6189903846153846 0.5084134615384616 0.10096153846153846 0.18028846153846154
0 0.6694711538461539 0.4411057692307692 0.07451923076923077 0.17067307692307693
0 0.7139423076923077 0.40024038461538464 0.07211538461538461 0.12740384615384615
0 0.7163461538461539 0.3293269230769231 0.038461538461538464 0.08173076923076923
0 0.6225961538461539 0.34134615384615385 0.038461538461538464 0.09615384615384616
0 0.8413461538461539 0.4651442307692308 0.07692307692307693 0.15384615384615385
0 0.8942307692307693 0.5336538461538461 0.1201923076923077 0.1971153846153846
0 0.9807692307692307 0.4362980769230769 0.03365384615384615 0.11538461538461539
0 0.9603365384615384 0.37259615384615385 0.0625 0.11057692307692307
0 0.9555288461538461 0.30408653846153844 0.05048076923076923 0.09615384615384616
0 0.8052884615384616 0.4182692307692308 0.07211538461538461 0.125
0 0.8088942307692307 0.33052884615384615 0.05048076923076923 0.07692307692307693
0 0.8233173076923077 0.29447115384615385 0.03365384615384615 0.057692307692307696