0 0.07932692307692307 0.5625 0.15865384615384615 0.2980769230769231
0 0.18870192307692307 0.35216346153846156 0.04567307692307692 0.07692307692307693
0 0.21153846153846154 0.45552884615384615 0.038461538461538464 0.07211538461538461
0 0.29927884615384615 0.5108173076923077 0.04567307692307692 0.0889423076923077
0 0.3329326923076923 0.46875 0.04326923076923077 0.07211538461538461
0 0.41346153846153844 0.4879807692307692 0.04807692307692308 0.07211538461538461
0 0.44711538461538464 0.4699519230769231 0.038461538461538464 0.0625
0 0.53125 0.5144230769230769 0.052884615384615384 0.07692307692307693
0 0.5492788461538461 0.6057692307692307 0.06971153846153846 0.11057692307692307
0 0.5925480769230769 0.49278846153846156 0.05048076923076923 0.07692307692307693
0 0.6646634615384616 0.5721153846153846 0.057692307692307696 0.09615384615384616
0 0.7007211538461539 0.5168269230769231 0.028846153846153848 0.0625
0 0.7872596153846154 0.4831730769230769 0.04326923076923077 0.07211538461538461
0 0.8377403846153846 0.4831730769230769 0.04326923076923077 0.0673076923076923
0 0.9435096153846154 0.6947115384615384 0.0985576923076923 0.18269230769230768