0 0.19951923076923078 0.21995192307692307 0.014423076923076924 0.03365384615384615
0 0.24879807692307693 0.16826923076923078 0.016826923076923076 0.03365384615384615
0 0.4387019230769231 0.21514423076923078 0.019230769230769232 0.04326923076923077
0 0.46153846153846156 0.21394230769230768 0.019230769230769232 0.04326923076923077
0 0.6129807692307693 0.109375 0.014423076923076924 0.03365384615384615
0 0.6346153846153846 0.14543269230769232 0.019230769230769232 0.038461538461538464
0 0.6490384615384616 0.1502403846153846 0.019230769230769232 0.03365384615384615
0 0.6682692307692307 0.12379807692307693 0.009615384615384616 0.03125
0 0.7463942307692307 0.14783653846153846 0.01201923076923077 0.03365384615384615
0 0.7644230769230769 0.15264423076923078 0.019230769230769232 0.038461538461538464
0 0.8221153846153846 0.26322115384615385 0.02403846153846154 0.052884615384615384
0 0.8870192307692307 0.25 0.02403846153846154 0.04807692307692308
0 0.9158653846153846 0.25240384615384615 0.019230769230769232 0.052884615384615384
0 0.8858173076923077 0.20793269230769232 0.016826923076923076 0.036057692307692304
0 0.8677884615384616 0.1935096153846154 0.014423076923076924 0.04807692307692308
0 0.9338942307692307 0.1971153846153846 0.016826923076923076 0.03365384615384615