0 0.07692307692307693 0.4423076923076923 0.009615384615384616 0.02403846153846154
0 0.5793269230769231 0.9411057692307693 0.09134615384615384 0.10576923076923077
0 0.6610576923076923 0.8100961538461539 0.07211538461538461 0.11057692307692307
0 0.6935096153846154 0.6887019230769231 0.06009615384615385 0.08413461538461539
0 0.7115384615384616 0.6213942307692307 0.04326923076923077 0.0673076923076923
0 0.7259615384615384 0.5661057692307693 0.038461538461538464 0.04326923076923077
0 0.7199519230769231 0.5324519230769231 0.036057692307692304 0.04807692307692308
0 0.734375 0.5096153846153846 0.028846153846153848 0.04326923076923077
0 0.7151442307692307 0.48197115384615385 0.026442307692307692 0.03365384615384615
0 0.16105769230769232 0.8870192307692307 0.07211538461538461 0.10096153846153846
0 0.3389423076923077 0.8377403846153846 0.0625 0.0889423076923077
0 0.42788461538461536 0.6947115384615384 0.04807692307692308 0.08173076923076923
0 0.4951923076923077 0.6526442307692307 0.038461538461538464 0.0673076923076923
0 0.5504807692307693 0.5997596153846154 0.04326923076923077 0.06490384615384616
0 0.5865384615384616 0.5528846153846154 0.038461538461538464 0.0673076923076923
0 0.6129807692307693 0.5288461538461539 0.03365384615384615 0.057692307692307696
0 0.6286057692307693 0.5108173076923077 0.028846153846153848 0.05048076923076923
0 0.6370192307692307 0.4807692307692308 0.02403846153846154 0.03365384615384615
0 0.02283653846153846 0.7776442307692307 0.04326923076923077 0.08413461538461539
0 0.11298076923076923 0.7175480769230769 0.052884615384615384 0.07692307692307693
0 0.03245192307692308 0.6670673076923077 0.03365384615384615 0.04807692307692308
0 0.10336538461538461 0.6346153846153846 0.03365384615384615 0.052884615384615384
0 0.04807692307692308 0.59375 0.028846153846153848 0.04326923076923077
0 0.04326923076923077 0.5480769230769231 0.028846153846153848 0.038461538461538464
0 0.051682692307692304 0.5276442307692307 0.021634615384615384 0.028846153846153848
0 0.056490384615384616 0.4963942307692308 0.019230769230769232 0.02403846153846154
0 0.0985576923076923 0.5612980769230769 0.03365384615384615 0.05048076923076923
0 0.10697115384615384 0.5360576923076923 0.021634615384615384 0.02403846153846154
0 0.0985576923076923 0.5096153846153846 0.019230769230769232 0.02403846153846154
0 0.12860576923076922 0.4807692307692308 0.016826923076923076 0.019230769230769232
0 0.13701923076923078 0.4987980769230769 0.014423076923076924 0.026442307692307692
0 0.1502403846153846 0.5120192307692307 0.021634615384615384 0.03365384615384615
0 0.1622596153846154 0.5408653846153846 0.026442307692307692 0.04326923076923077
0 0.171875 0.6009615384615384 0.03125 0.057692307692307696
0 0.23197115384615385 0.6742788461538461 0.04567307692307692 0.07692307692307693
0 0.3088942307692308 0.6370192307692307 0.04326923076923077 0.0625
0 0.25721153846153844 0.5757211538461539 0.03365384615384615 0.04326923076923077
0 0.2127403846153846 0.5336538461538461 0.028846153846153848 0.038461538461538464
0 0.19951923076923078 0.5036057692307693 0.019230769230769232 0.036057692307692304
0 0.18509615384615385 0.484375 0.019230769230769232 0.026442307692307692
0 0.16706730769230768 0.4675480769230769 0.014423076923076924 0.02403846153846154
0 0.20192307692307693 0.4639423076923077 0.019230769230769232 0.02403846153846154
0 0.21754807692307693 0.4699519230769231 0.016826923076923076 0.028846153846153848
0 0.23918269230769232 0.4891826923076923 0.019230769230769232 0.028846153846153848
0 0.2668269230769231 0.5060096153846154 0.02403846153846154 0.038461538461538464
0 0.3088942307692308 0.5300480769230769 0.026442307692307692 0.036057692307692304
0 0.38221153846153844 0.5637019230769231 0.03365384615384615 0.057692307692307696
0 0.43990384615384615 0.5360576923076923 0.038461538461538464 0.0625
0 0.47836538461538464 0.5204326923076923 0.03365384615384615 0.04807692307692308
0 0.3954326923076923 0.484375 0.026442307692307692 0.038461538461538464
0 0.36899038461538464 0.5096153846153846 0.02403846153846154 0.04326923076923077
0 0.3557692307692308 0.4723557692307692 0.019230769230769232 0.040865384615384616
0 0.3125 0.4855769230769231 0.02403846153846154 0.038461538461538464
0 0.28125 0.4639423076923077 0.02403846153846154 0.02403846153846154
0 0.26322115384615385 0.4423076923076923 0.014423076923076924 0.02403846153846154
0 0.23076923076923078 0.4483173076923077 0.019230769230769232 0.019230769230769232
0 0.3137019230769231 0.44711538461538464 0.021634615384615384 0.028846153846153848
0 0.3112980769230769 0.4206730769230769 0.016826923076923076 0.02403846153846154
0 0.3293269230769231 0.4074519230769231 0.014423076923076924 0.02403846153846154
0 0.3449519230769231 0.40384615384615385 0.014423076923076924 0.019230769230769232
0 0.3581730769230769 0.4206730769230769 0.014423076923076924 0.02403846153846154
0 0.33533653846153844 0.42908653846153844 0.016826923076923076 0.02403846153846154
0 0.33774038461538464 0.45072115384615385 0.014423076923076924 0.021634615384615384
0 0.3737980769230769 0.4375 0.014423076923076924 0.028846153846153848
0 0.4098557692307692 0.4483173076923077 0.016826923076923076 0.026442307692307692
0 0.39302884615384615 0.42788461538461536 0.014423076923076924 0.028846153846153848
0 0.3762019230769231 0.41225961538461536 0.014423076923076924 0.02403846153846154
0 0.3918269230769231 0.4050480769230769 0.014423076923076924 0.02403846153846154
0 0.4050480769230769 0.4050480769230769 0.014423076923076924 0.026442307692307692
0 0.38822115384615385 0.38221153846153844 0.009615384615384616 0.02403846153846154
0 0.39783653846153844 0.3762019230769231 0.014423076923076924 0.021634615384615384
0 0.4411057692307692 0.3786057692307692 0.016826923076923076 0.021634615384615384
0 0.43028846153846156 0.4170673076923077 0.014423076923076924 0.026442307692307692
0 0.4423076923076923 0.4050480769230769 0.014423076923076924 0.026442307692307692
0 0.45552884615384615 0.4014423076923077 0.014423076923076924 0.019230769230769232
0 0.4375 0.4362980769230769 0.019230769230769232 0.02403846153846154
0 0.4495192307692308 0.4326923076923077 0.02403846153846154 0.02403846153846154
0 0.4699519230769231 0.41947115384615385 0.014423076923076924 0.02403846153846154
0 0.4795673076923077 0.41586538461538464 0.01201923076923077 0.02403846153846154
0 0.49759615384615385 0.4074519230769231 0.019230769230769232 0.02403846153846154
0 0.45072115384615385 0.48197115384615385 0.02403846153846154 0.040865384615384616
0 0.4651442307692308 0.4675480769230769 0.02403846153846154 0.03365384615384615
0 0.49399038461538464 0.453125 0.026442307692307692 0.03365384615384615
0 0.5072115384615384 0.44591346153846156 0.02403846153846154 0.03365384615384615
0 0.5216346153846154 0.43149038461538464 0.014423076923076924 0.026442307692307692
0 0.5336538461538461 0.4182692307692308 0.019230769230769232 0.02403846153846154
0 0.5432692307692307 0.41466346153846156 0.009615384615384616 0.021634615384615384
0 0.5528846153846154 0.40024038461538464 0.014423076923076924 0.021634615384615384
0 0.5697115384615384 0.3858173076923077 0.014423076923076924 0.021634615384615384
0 0.5120192307692307 0.49158653846153844 0.028846153846153848 0.040865384615384616
0 0.5372596153846154 0.4675480769230769 0.02403846153846154 0.04326923076923077
0 0.5564903846153846 0.45913461538461536 0.019230769230769232 0.038461538461538464
0 0.5673076923076923 0.4495192307692308 0.014423076923076924 0.028846153846153848
0 0.5793269230769231 0.4375 0.019230769230769232 0.02403846153846154
0 0.5889423076923077 0.4170673076923077 0.019230769230769232 0.02403846153846154
0 0.5985576923076923 0.40625 0.014423076923076924 0.028846153846153848
0 0.6033653846153846 0.3942307692307692 0.014423076923076924 0.019230769230769232
0 0.6105769230769231 0.38221153846153844 0.009615384615384616 0.019230769230769232
0 0.8954326923076923 0.8798076923076923 0.08653846153846154 0.14423076923076922
0 0.8713942307692307 0.7415865384615384 0.0673076923076923 0.10096153846153846
0 0.8641826923076923 0.6598557692307693 0.052884615384615384 0.07692307692307693
0 0.8497596153846154 0.5889423076923077 0.04326923076923077 0.0625
0 0.8341346153846154 0.5480769230769231 0.03365384615384615 0.04326923076923077
0 0.8221153846153846 0.5192307692307693 0.028846153846153848 0.038461538461538464
0 0.8161057692307693 0.49399038461538464 0.03125 0.038461538461538464
0 0.7980769230769231 0.47596153846153844 0.02403846153846154 0.038461538461538464
0 0.7944711538461539 0.45552884615384615 0.021634615384615384 0.036057692307692304
0 0.7824519230769231 0.44350961538461536 0.021634615384615384 0.02403846153846154
0 0.7788461538461539 0.42908653846153844 0.014423076923076924 0.026442307692307692
0 0.7680288461538461 0.4254807692307692 0.009615384615384616 0.02403846153846154
0 0.7644230769230769 0.41586538461538464 0.009615384615384616 0.02403846153846154
0 0.7548076923076923 0.41225961538461536 0.014423076923076924 0.021634615384615384
0 0.7512019230769231 0.40024038461538464 0.01201923076923077 0.021634615384615384
0 0.7463942307692307 0.390625 0.01201923076923077 0.02403846153846154
0 0.7271634615384616 0.38822115384615385 0.01201923076923077 0.019230769230769232
0 0.7331730769230769 0.39903846153846156 0.014423076923076924 0.019230769230769232
0 0.7019230769230769 0.3954326923076923 0.009615384615384616 0.021634615384615384
0 0.7055288461538461 0.41947115384615385 0.019230769230769232 0.028846153846153848
0 0.7211538461538461 0.45072115384615385 0.019230769230769232 0.026442307692307692
0 0.6526442307692307 0.4639423076923077 0.01201923076923077 0.02403846153846154
0 0.6442307692307693 0.4338942307692308 0.019230769230769232 0.02403846153846154
0 0.6502403846153846 0.4170673076923077 0.014423076923076924 0.02403846153846154
0 0.6550480769230769 0.39903846153846156 0.014423076923076924 0.028846153846153848