0 0.3293269230769231 0.14543269230769232 0.02403846153846154 0.038461538461538464
0 0.3858173076923077 0.12139423076923077 0.016826923076923076 0.028846153846153848
0 0.41586538461538464 0.21754807692307693 0.019230769230769232 0.036057692307692304
0 0.45072115384615385 0.23197115384615385 0.021634615384615384 0.038461538461538464
0 0.5492788461538461 0.171875 0.016826923076923076 0.03125
0 0.5625 0.18389423076923078 0.019230769230769232 0.04326923076923077
0 0.6177884615384616 0.13701923076923078 0.014423076923076924 0.03365384615384615
0 0.6358173076923077 0.12379807692307693 0.016826923076923076 0.03365384615384615
0 0.671875 0.16826923076923078 0.014423076923076924 0.028846153846153848
0 0.6790865384615384 0.22355769230769232 0.021634615384615384 0.04326923076923077
0 0.6298076923076923 0.21754807692307693 0.019230769230769232 0.04326923076923077
0 0.6237980769230769 0.2704326923076923 0.02403846153846154 0.04807692307692308
0 0.6875 0.2980769230769231 0.028846153846153848 0.04807692307692308
0 0.6298076923076923 0.3161057692307692 0.028846153846153848 0.057692307692307696
0 0.9375 0.23918269230769232 0.019230769230769232 0.04807692307692308