0 0.08533653846153846 0.3125 0.04567307692307692 0.09615384615384616
0 0.125 0.3737980769230769 0.052884615384615384 0.0889423076923077
0 0.2403846153846154 0.3581730769230769 0.057692307692307696 0.10096153846153846
0 0.34134615384615385 0.3605769230769231 0.04807692307692308 0.08653846153846154
0 0.44471153846153844 0.3786057692307692 0.04326923076923077 0.07932692307692307
0 0.5396634615384616 0.36899038461538464 0.04326923076923077 0.08173076923076923
0 0.5733173076923077 0.3762019230769231 0.03365384615384615 0.06971153846153846
0 0.6610576923076923 0.3942307692307692 0.04326923076923077 0.0625
0 0.734375 0.3918269230769231 0.040865384615384616 0.07211538461538461
0 0.7704326923076923 0.3942307692307692 0.02403846153846154 0.04807692307692308
0 0.7920673076923077 0.3870192307692308 0.040865384615384616 0.08173076923076923
0 0.8641826923076923 0.3701923076923077 0.03125 0.0673076923076923
0 0.8978365384615384 0.36899038461538464 0.04326923076923077 0.09375
0 0.9242788461538461 0.37740384615384615 0.04326923076923077 0.08173076923076923