0 0.21033653846153846 0.3545673076923077 0.04807692307692308 0.09134615384615384
0 0.2848557692307692 0.25961538461538464 0.021634615384615384 0.038461538461538464
0 0.3317307692307692 0.28125 0.02403846153846154 0.04326923076923077
0 0.3449519230769231 0.25841346153846156 0.021634615384615384 0.040865384615384616
0 0.34975961538461536 0.2127403846153846 0.016826923076923076 0.038461538461538464
0 0.3786057692307692 0.20072115384615385 0.019230769230769232 0.03365384615384615
0 0.38461538461538464 0.20432692307692307 0.014423076923076924 0.02403846153846154
0 0.42788461538461536 0.27884615384615385 0.028846153846153848 0.04807692307692308
0 0.4387019230769231 0.23317307692307693 0.019230769230769232 0.03365384615384615
0 0.4182692307692308 0.21634615384615385 0.019230769230769232 0.038461538461538464
0 0.421875 0.171875 0.016826923076923076 0.028846153846153848
0 0.43990384615384615 0.19831730769230768 0.019230769230769232 0.036057692307692304
0 0.4639423076923077 0.1935096153846154 0.019230769230769232 0.03365384615384615
0 0.44350961538461536 0.16105769230769232 0.016826923076923076 0.03365384615384615
0 0.4651442307692308 0.15745192307692307 0.016826923076923076 0.028846153846153848
0 0.49399038461538464 0.16947115384615385 0.016826923076923076 0.03365384615384615
0 0.49158653846153844 0.2091346153846154 0.019230769230769232 0.03365384615384615
0 0.48197115384615385 0.13221153846153846 0.014423076923076924 0.02403846153846154
0 0.5144230769230769 0.13942307692307693 0.019230769230769232 0.038461538461538464
0 0.5360576923076923 0.13221153846153846 0.014423076923076924 0.03365384615384615
0 0.5528846153846154 0.12259615384615384 0.009615384615384616 0.02403846153846154
0 0.5612980769230769 0.15985576923076922 0.014423076923076924 0.036057692307692304
0 0.546875 0.15985576923076922 0.016826923076923076 0.03125
0 0.5745192307692307 0.15985576923076922 0.014423076923076924 0.03365384615384615
0 0.5228365384615384 0.23317307692307693 0.019230769230769232 0.04326923076923077
0 0.5853365384615384 0.13822115384615385 0.01201923076923077 0.028846153846153848
0 0.5865384615384616 0.10817307692307693 0.009615384615384616 0.02403846153846154
0 0.609375 0.1201923076923077 0.01201923076923077 0.019230769230769232
0 0.6033653846153846 0.140625 0.014423076923076924 0.03125
0 0.6850961538461539 0.10576923076923077 0.014423076923076924 0.038461538461538464
0 0.47596153846153844 0.32211538461538464 0.028846153846153848 0.052884615384615384
0 0.5408653846153846 0.31490384615384615 0.03365384615384615 0.0625
0 0.5625 0.23798076923076922 0.019230769230769232 0.04326923076923077
0 0.6057692307692307 0.2536057692307692 0.02403846153846154 0.04807692307692308
0 0.6117788461538461 0.20432692307692307 0.021634615384615384 0.04326923076923077
0 0.59375 0.3161057692307692 0.03365384615384615 0.06009615384615385
0 0.65625 0.2620192307692308 0.02403846153846154 0.04807692307692308
0 0.6646634615384616 0.20072115384615385 0.02403846153846154 0.04807692307692308
0 0.6766826923076923 0.1658653846153846 0.019230769230769232 0.04326923076923077
0 0.7067307692307693 0.20192307692307693 0.019230769230769232 0.04326923076923077
0 0.7079326923076923 0.28125 0.03125 0.057692307692307696
0 0.7055288461538461 0.33413461538461536 0.03125 0.0625
0 0.7668269230769231 0.31971153846153844 0.02403846153846154 0.0625
0 0.6971153846153846 0.17668269230769232 0.019230769230769232 0.03365384615384615
0 0.7043269230769231 0.14182692307692307 0.019230769230769232 0.04326923076923077
0 0.7283653846153846 0.15384615384615385 0.019230769230769232 0.038461538461538464
0 0.7427884615384616 0.18629807692307693 0.014423076923076924 0.038461538461538464
0 0.7463942307692307 0.15144230769230768 0.016826923076923076 0.03365384615384615
0 0.7307692307692307 0.12620192307692307 0.014423076923076924 0.03365384615384615
0 0.7475961538461539 0.1045673076923077 0.014423076923076924 0.026442307692307692
0 0.7608173076923077 0.12620192307692307 0.016826923076923076 0.03365384615384615
0 0.7860576923076923 0.140625 0.019230769230769232 0.038461538461538464
0 0.8064903846153846 0.1310096153846154 0.01201923076923077 0.03125
0 0.796875 0.18028846153846154 0.016826923076923076 0.04326923076923077
0 0.8112980769230769 0.16947115384615385 0.016826923076923076 0.03125
0 0.8413461538461539 0.1935096153846154 0.019230769230769232 0.04326923076923077
0 0.8677884615384616 0.22956730769230768 0.02403846153846154 0.04326923076923077
0 0.8822115384615384 0.18629807692307693 0.019230769230769232 0.038461538461538464
0 0.9134615384615384 0.18629807692307693 0.019230769230769232 0.04567307692307692
0 0.8665865384615384 0.1310096153846154 0.014423076923076924 0.028846153846153848
0 0.9651442307692307 0.11057692307692307 0.016826923076923076 0.03365384615384615