0 0.12379807692307693 0.5552884615384616 0.04326923076923077 0.07211538461538461
0 0.21995192307692307 0.3545673076923077 0.019230769230769232 0.038461538461538464
0 0.2608173076923077 0.3485576923076923 0.019230769230769232 0.04326923076923077
0 0.2860576923076923 0.3161057692307692 0.019230769230769232 0.038461538461538464
0 0.3245192307692308 0.3762019230769231 0.02403846153846154 0.055288461538461536
0 0.28966346153846156 0.375 0.019230769230769232 0.04326923076923077
0 0.34975961538461536 0.33533653846153844 0.016826923076923076 0.038461538461538464
0 0.3173076923076923 0.3329326923076923 0.019230769230769232 0.040865384615384616
0 0.35336538461538464 0.296875 0.019230769230769232 0.03365384615384615
0 0.3762019230769231 0.33533653846153844 0.016826923076923076 0.03365384615384615
0 0.4014423076923077 0.3004807692307692 0.014423076923076924 0.03365384615384615
0 0.390625 0.26802884615384615 0.016826923076923076 0.03365384615384615
0 0.40865384615384615 0.2644230769230769 0.019230769230769232 0.038461538461538464
0 0.4266826923076923 0.27884615384615385 0.016826923076923076 0.028846153846153848
0 0.43509615384615385 0.3076923076923077 0.019230769230769232 0.038461538461538464
0 0.47475961538461536 0.3425480769230769 0.021634615384615384 0.04567307692307692
0 0.44471153846153844 0.25961538461538464 0.014423076923076924 0.028846153846153848
0 0.484375 0.28365384615384615 0.019230769230769232 0.038461538461538464
0 0.4651442307692308 0.23918269230769232 0.014423076923076924 0.026442307692307692
0 0.5168269230769231 0.27884615384615385 0.019230769230769232 0.028846153846153848
0 0.5096153846153846 0.2536057692307692 0.019230769230769232 0.028846153846153848
0 0.5384615384615384 0.24879807692307693 0.019230769230769232 0.03365384615384615
0 0.5492788461538461 0.2848557692307692 0.019230769230769232 0.040865384615384616
0 0.5625 0.27163461538461536 0.019230769230769232 0.03365384615384615
0 0.5012019230769231 0.33653846153846156 0.021634615384615384 0.04807692307692308
0 0.5504807692307693 0.23076923076923078 0.014423076923076924 0.02403846153846154
0 0.5661057692307693 0.24519230769230768 0.016826923076923076 0.019230769230769232
0 0.5685096153846154 0.22235576923076922 0.01201923076923077 0.021634615384615384
0 0.5889423076923077 0.24879807692307693 0.014423076923076924 0.028846153846153848
0 0.6033653846153846 0.21153846153846154 0.014423076923076924 0.028846153846153848
0 0.6201923076923077 0.2091346153846154 0.009615384615384616 0.028846153846153848
0 0.6514423076923077 0.2127403846153846 0.014423076923076924 0.03125
0 0.6634615384615384 0.23197115384615385 0.009615384615384616 0.026442307692307692
0 0.6742788461538461 0.2283653846153846 0.01201923076923077 0.02403846153846154
0 0.6310096153846154 0.2980769230769231 0.019230769230769232 0.04807692307692308
0 0.6165865384615384 0.26802884615384615 0.01201923076923077 0.03125
0 0.59375 0.33533653846153844 0.02403846153846154 0.04807692307692308
0 0.5769230769230769 0.3870192307692308 0.028846153846153848 0.052884615384615384
0 0.5829326923076923 0.4338942307692308 0.028846153846153848 0.07211538461538461
0 0.5300480769230769 0.4098557692307692 0.028846153846153848 0.0625
0 0.5252403846153846 0.3713942307692308 0.026442307692307692 0.052884615384615384
0 0.4579326923076923 0.43028846153846156 0.026442307692307692 0.0625
0 0.3942307692307692 0.36177884615384615 0.019230769230769232 0.040865384615384616
0 0.6189903846153846 0.49399038461538464 0.036057692307692304 0.06971153846153846
0 0.6550480769230769 0.37259615384615385 0.028846153846153848 0.04807692307692308
0 0.6382211538461539 0.3425480769230769 0.021634615384615384 0.04326923076923077
0 0.671875 0.31971153846153844 0.02403846153846154 0.04326923076923077
0 0.6610576923076923 0.2860576923076923 0.019230769230769232 0.04326923076923077
0 0.6995192307692307 0.2512019230769231 0.014423076923076924 0.038461538461538464
0 0.6983173076923077 0.3004807692307692 0.016826923076923076 0.03365384615384615
0 0.7211538461538461 0.2644230769230769 0.019230769230769232 0.04326923076923077
0 0.7331730769230769 0.24519230769230768 0.014423076923076924 0.02403846153846154
0 0.7391826923076923 0.296875 0.019230769230769232 0.04567307692307692
0 0.7680288461538461 0.27524038461538464 0.019230769230769232 0.03365384615384615
0 0.7620192307692307 0.2403846153846154 0.014423076923076924 0.028846153846153848
0 0.8052884615384616 0.296875 0.014423076923076924 0.036057692307692304
0 0.8016826923076923 0.27884615384615385 0.01201923076923077 0.02403846153846154
0 0.7956730769230769 0.25841346153846156 0.014423076923076924 0.026442307692307692
0 0.8293269230769231 0.2608173076923077 0.014423076923076924 0.03125
0 0.8413461538461539 0.27524038461538464 0.019230769230769232 0.03125
0 0.859375 0.25961538461538464 0.01201923076923077 0.028846153846153848
0 0.8653846153846154 0.28725961538461536 0.014423076923076924 0.03125
0 0.8677884615384616 0.3269230769230769 0.014423076923076924 0.038461538461538464
0 0.84375 0.3137019230769231 0.014423076923076924 0.03365384615384615
0 0.8317307692307693 0.32211538461538464 0.019230769230769232 0.038461538461538464
0 0.84375 0.35216346153846156 0.019230769230769232 0.04567307692307692
0 0.8112980769230769 0.3545673076923077 0.019230769230769232 0.040865384615384616
0 0.7908653846153846 0.36778846153846156 0.02403846153846154 0.052884615384615384
0 0.7259615384615384 0.4074519230769231 0.02403846153846154 0.05048076923076923
0 0.6826923076923077 0.3629807692307692 0.02403846153846154 0.04326923076923077
0 0.6850961538461539 0.5372596153846154 0.03365384615384615 0.08653846153846154
0 0.7920673076923077 0.5048076923076923 0.03365384615384615 0.0673076923076923
0 0.7680288461538461 0.4423076923076923 0.028846153846153848 0.0673076923076923
0 0.8341346153846154 0.46274038461538464 0.03365384615384615 0.0673076923076923
0 0.8389423076923077 0.40625 0.02403846153846154 0.052884615384615384
0 0.8713942307692307 0.41947115384615385 0.026442307692307692 0.05048076923076923
0 0.90625 0.4699519230769231 0.03365384615384615 0.06490384615384616
0 0.9110576923076923 0.35336538461538464 0.019230769230769232 0.04326923076923077
0 0.9242788461538461 0.328125 0.014423076923076924 0.03365384615384615
0 0.9194711538461539 0.30408653846153844 0.014423076923076924 0.03125
0 0.9194711538461539 0.2704326923076923 0.016826923076923076 0.03125