0 0.0889423076923077 0.28125 0.02403846153846154 0.04807692307692308
0 0.2776442307692308 0.23557692307692307 0.016826923076923076 0.028846153846153848
0 0.2932692307692308 0.23317307692307693 0.014423076923076924 0.028846153846153848
0 0.33052884615384615 0.22355769230769232 0.016826923076923076 0.03365384615384615
0 0.34975961538461536 0.18269230769230768 0.014423076923076924 0.028846153846153848
0 0.3545673076923077 0.19951923076923078 0.016826923076923076 0.028846153846153848
0 0.34975961538461536 0.22956730769230768 0.019230769230769232 0.03125
0 0.3786057692307692 0.2403846153846154 0.019230769230769232 0.03365384615384615
0 0.3786057692307692 0.20673076923076922 0.014423076923076924 0.028846153846153848
0 0.3918269230769231 0.21394230769230768 0.019230769230769232 0.038461538461538464
0 0.4110576923076923 0.23918269230769232 0.02403846153846154 0.038461538461538464
0 0.4050480769230769 0.17548076923076922 0.014423076923076924 0.028846153846153848
0 0.4026442307692308 0.1658653846153846 0.014423076923076924 0.02403846153846154
0 0.4266826923076923 0.16706730769230768 0.01201923076923077 0.016826923076923076
0 0.42427884615384615 0.19230769230769232 0.014423076923076924 0.02403846153846154
0 0.42908653846153844 0.20793269230769232 0.014423076923076924 0.03125
0 0.44711538461538464 0.20192307692307693 0.014423076923076924 0.02403846153846154
0 0.46033653846153844 0.21634615384615385 0.019230769230769232 0.03365384615384615
0 0.44591346153846156 0.2548076923076923 0.021634615384615384 0.038461538461538464
0 0.45072115384615385 0.1622596153846154 0.016826923076923076 0.03125
0 0.4891826923076923 0.15625 0.01201923076923077 0.02403846153846154
0 0.5 0.15865384615384615 0.014423076923076924 0.028846153846153848
0 0.5060096153846154 0.1346153846153846 0.01201923076923077 0.019230769230769232
0 0.5336538461538461 0.13822115384615385 0.014423076923076924 0.03125
0 0.5276442307692307 0.1875 0.016826923076923076 0.028846153846153848
0 0.5084134615384616 0.18990384615384615 0.014423076923076924 0.03365384615384615
0 0.5396634615384616 0.1658653846153846 0.014423076923076924 0.03365384615384615
0 0.5528846153846154 0.13221153846153846 0.009615384615384616 0.02403846153846154
0 0.5564903846153846 0.14543269230769232 0.014423076923076924 0.03125
0 0.5612980769230769 0.18870192307692307 0.014423076923076924 0.036057692307692304
0 0.5709134615384616 0.16947115384615385 0.014423076923076924 0.03125
0 0.578125 0.14783653846153846 0.01201923076923077 0.028846153846153848
0 0.5973557692307693 0.08173076923076923 0.01201923076923077 0.019230769230769232
0 0.6201923076923077 0.10817307692307693 0.009615384615384616 0.019230769230769232
0 0.6189903846153846 0.12620192307692307 0.01201923076923077 0.021634615384615384
0 0.5985576923076923 0.1502403846153846 0.014423076923076924 0.026442307692307692
0 0.609375 0.16826923076923078 0.01201923076923077 0.028846153846153848
0 0.6286057692307693 0.1466346153846154 0.01201923076923077 0.02403846153846154
0 0.6442307692307693 0.12620192307692307 0.014423076923076924 0.026442307692307692
0 0.6634615384615384 0.11538461538461539 0.009615384615384616 0.02403846153846154
0 0.6658653846153846 0.12860576923076922 0.014423076923076924 0.021634615384615384
0 0.6466346153846154 0.16105769230769232 0.014423076923076924 0.02403846153846154
0 0.6838942307692307 0.140625 0.014423076923076924 0.028846153846153848
0 0.6899038461538461 0.11778846153846154 0.014423076923076924 0.019230769230769232
0 0.7115384615384616 0.12379807692307693 0.014423076923076924 0.02403846153846154
0 0.5985576923076923 0.23317307692307693 0.019230769230769232 0.03365384615384615
0 0.6430288461538461 0.25961538461538464 0.026442307692307692 0.038461538461538464
0 0.6742788461538461 0.18990384615384615 0.016826923076923076 0.03365384615384615
0 0.6875 0.22716346153846154 0.019230769230769232 0.038461538461538464
0 0.6923076923076923 0.27403846153846156 0.019230769230769232 0.04326923076923077
0 0.7019230769230769 0.31850961538461536 0.028846153846153848 0.06009615384615385
0 0.7199519230769231 0.19230769230769232 0.016826923076923076 0.028846153846153848
0 0.7055288461538461 0.18629807692307693 0.019230769230769232 0.03365384615384615
0 0.7391826923076923 0.15625 0.014423076923076924 0.028846153846153848
0 0.7427884615384616 0.17668269230769232 0.019230769230769232 0.03365384615384615
0 0.7596153846153846 0.20432692307692307 0.019230769230769232 0.03365384615384615
0 0.7391826923076923 0.23918269230769232 0.019230769230769232 0.038461538461538464
0 0.7740384615384616 0.2512019230769231 0.019230769230769232 0.04807692307692308
0 0.7992788461538461 0.2956730769230769 0.026442307692307692 0.04326923076923077
0 0.8064903846153846 0.21995192307692307 0.019230769230769232 0.036057692307692304
0 0.828125 0.2704326923076923 0.021634615384615384 0.04807692307692308
0 0.8473557692307693 0.22596153846153846 0.016826923076923076 0.038461538461538464
0 0.9170673076923077 0.3581730769230769 0.026442307692307692 0.052884615384615384
0 0.9290865384615384 0.2644230769230769 0.019230769230769232 0.038461538461538464
0 0.9507211538461539 0.22596153846153846 0.014423076923076924 0.028846153846153848
0 0.9411057692307693 0.21394230769230768 0.014423076923076924 0.03365384615384615
0 0.9579326923076923 0.20072115384615385 0.014423076923076924 0.03125
0 0.9507211538461539 0.1935096153846154 0.01201923076923077 0.021634615384615384
0 0.9182692307692307 0.1622596153846154 0.014423076923076924 0.021634615384615384
0 0.9134615384615384 0.18629807692307693 0.014423076923076924 0.03365384615384615
0 0.90625 0.18990384615384615 0.014423076923076924 0.03365384615384615
0 0.8990384615384616 0.21754807692307693 0.009615384615384616 0.040865384615384616
0 0.8858173076923077 0.24519230769230768 0.019230769230769232 0.04326923076923077
0 0.8762019230769231 0.18870192307692307 0.016826923076923076 0.03125
0 0.8810096153846154 0.16706730769230768 0.01201923076923077 0.02403846153846154
0 0.8605769230769231 0.1622596153846154 0.009615384615384616 0.026442307692307692
0 0.8449519230769231 0.17067307692307693 0.014423076923076924 0.03365384615384615
0 0.8365384615384616 0.18629807692307693 0.009615384615384616 0.02403846153846154
0 0.8233173076923077 0.21514423076923078 0.016826923076923076 0.02403846153846154
0 0.8004807692307693 0.17668269230769232 0.014423076923076924 0.021634615384615384
0 0.8088942307692307 0.14182692307692307 0.01201923076923077 0.02403846153846154
0 0.8401442307692307 0.14543269230769232 0.009615384615384616 0.021634615384615384
0 0.7896634615384616 0.15745192307692307 0.01201923076923077 0.026442307692307692
0 0.7776442307692307 0.15384615384615385 0.01201923076923077 0.019230769230769232
0 0.7848557692307693 0.13942307692307693 0.01201923076923077 0.019230769230769232
0 0.7644230769230769 0.14302884615384615 0.009615384615384616 0.03125
0 0.7524038461538461 0.3870192307692308 0.03365384615384615 0.0625