0 0.4699519230769231 0.6237980769230769 0.016826923076923076 0.028846153846153848
0 0.15625 0.9567307692307693 0.052884615384615384 0.07692307692307693
0 0.20192307692307693 0.9086538461538461 0.038461538461538464 0.07211538461538461
0 0.296875 0.8954326923076923 0.03365384615384615 0.0625
0 0.32211538461538464 0.8389423076923077 0.028846153846153848 0.057692307692307696
0 0.34975961538461536 0.796875 0.021634615384615384 0.03365384615384615
0 0.26802884615384615 0.7884615384615384 0.021634615384615384 0.038461538461538464
0 0.25600961538461536 0.8052884615384616 0.021634615384615384 0.04326923076923077
0 0.23197115384615385 0.8197115384615384 0.021634615384615384 0.04326923076923077
0 0.21875 0.8401442307692307 0.02403846153846154 0.04807692307692308
0 0.11658653846153846 0.8521634615384616 0.04326923076923077 0.07211538461538461
0 0.10697115384615384 0.796875 0.021634615384615384 0.04567307692307692
0 0.056490384615384616 0.7932692307692307 0.026442307692307692 0.04807692307692308
0 0.013221153846153846 0.7956730769230769 0.026442307692307692 0.04807692307692308
0 0.16947115384615385 0.7896634615384616 0.021634615384615384 0.040865384615384616
0 0.22355769230769232 0.7824519230769231 0.019230769230769232 0.04326923076923077
0 0.6141826923076923 0.7836538461538461 0.026442307692307692 0.038461538461538464
0 0.6502403846153846 0.8329326923076923 0.028846153846153848 0.057692307692307696
0 0.6694711538461539 0.8641826923076923 0.03125 0.052884615384615384
0 0.6971153846153846 0.8100961538461539 0.02403846153846154 0.04807692307692308
0 0.6983173076923077 0.7824519230769231 0.02403846153846154 0.04326923076923077
0 0.7415865384615384 0.8762019230769231 0.040865384615384616 0.0889423076923077
0 0.7355769230769231 0.8209134615384616 0.028846153846153848 0.038461538461538464
0 0.7752403846153846 0.859375 0.038461538461538464 0.057692307692307696
0 0.7824519230769231 0.7716346153846154 0.028846153846153848 0.04807692307692308
0 0.7704326923076923 0.7896634615384616 0.02403846153846154 0.04807692307692308
0 0.7920673076923077 0.8100961538461539 0.02403846153846154 0.04326923076923077
0 0.8173076923076923 0.8221153846153846 0.019230769230769232 0.038461538461538464
0 0.8293269230769231 0.859375 0.028846153846153848 0.05048076923076923
0 0.8846153846153846 0.90625 0.038461538461538464 0.0625
0 0.8653846153846154 0.8125 0.028846153846153848 0.04807692307692308
0 0.9110576923076923 0.7704326923076923 0.02403846153846154 0.038461538461538464
0 0.9098557692307693 0.8064903846153846 0.021634615384615384 0.038461538461538464
0 0.9278846153846154 0.8413461538461539 0.028846153846153848 0.04807692307692308
0 0.9771634615384616 0.8846153846153846 0.038461538461538464 0.0673076923076923
0 0.9819711538461539 0.8209134615384616 0.028846153846153848 0.05048076923076923
0 0.9771634615384616 0.7884615384615384 0.02403846153846154 0.038461538461538464
0 0.9867788461538461 0.7644230769230769 0.021634615384615384 0.038461538461538464