0 0.11658653846153846 0.5697115384615384 0.028846153846153848 0.07211538461538461
0 0.0673076923076923 0.49399038461538464 0.02403846153846154 0.06971153846153846
0 0.06370192307692307 0.4014423076923077 0.02403846153846154 0.057692307692307696
0 0.20673076923076922 0.4375 0.028846153846153848 0.0673076923076923
0 0.22235576923076922 0.34615384615384615 0.021634615384615384 0.057692307692307696
0 0.23557692307692307 0.3076923076923077 0.019230769230769232 0.04807692307692308
0 0.16947115384615385 0.27884615384615385 0.016826923076923076 0.04807692307692308
0 0.12139423076923077 0.21153846153846154 0.016826923076923076 0.038461538461538464
0 0.042067307692307696 0.22716346153846154 0.014423076923076924 0.040865384615384616
0 0.03245192307692308 0.25 0.014423076923076924 0.038461538461538464
0 0.1502403846153846 0.16706730769230768 0.016826923076923076 0.03365384615384615
0 0.17427884615384615 0.19591346153846154 0.016826923076923076 0.040865384615384616
0 0.2091346153846154 0.14302884615384615 0.014423076923076924 0.028846153846153848
0 0.22115384615384615 0.15384615384615385 0.014423076923076924 0.028846153846153848
0 0.23798076923076922 0.13822115384615385 0.014423076923076924 0.03125
0 0.2824519230769231 0.2127403846153846 0.016826923076923076 0.04567307692307692
0 0.28846153846153844 0.18389423076923078 0.019230769230769232 0.036057692307692304
0 0.3004807692307692 0.24158653846153846 0.019230769230769232 0.040865384615384616
0 0.3401442307692308 0.22596153846153846 0.019230769230769232 0.038461538461538464
0 0.375 0.18629807692307693 0.014423076923076924 0.036057692307692304
0 0.39783653846153844 0.18028846153846154 0.014423076923076924 0.03365384615384615
0 0.4543269230769231 0.28125 0.019230769230769232 0.052884615384615384
0 0.5396634615384616 0.4951923076923077 0.028846153846153848 0.0673076923076923
0 0.5396634615384616 0.3125 0.019230769230769232 0.057692307692307696
0 0.6634615384615384 0.3485576923076923 0.019230769230769232 0.04326923076923077
0 0.6033653846153846 0.2620192307692308 0.014423076923076924 0.038461538461538464
0 0.5612980769230769 0.21394230769230768 0.021634615384615384 0.04326923076923077
0 0.6971153846153846 0.2824519230769231 0.019230769230769232 0.04567307692307692
0 0.7680288461538461 0.3786057692307692 0.02403846153846154 0.055288461538461536
0 0.6887019230769231 0.22596153846153846 0.014423076923076924 0.038461538461538464
0 0.7632211538461539 0.21634615384615385 0.016826923076923076 0.038461538461538464
0 0.7992788461538461 0.24639423076923078 0.016826923076923076 0.036057692307692304
0 0.9098557692307693 0.3762019230769231 0.019230769230769232 0.04807692307692308
0 0.8413461538461539 0.30288461538461536 0.019230769230769232 0.038461538461538464
0 0.8377403846153846 0.28725961538461536 0.016826923076923076 0.03365384615384615
0 0.6394230769230769 0.1658653846153846 0.014423076923076924 0.03365384615384615
0 0.6069711538461539 0.12980769230769232 0.01201923076923077 0.028846153846153848
0 0.5853365384615384 0.14903846153846154 0.01201923076923077 0.038461538461538464
0 0.5444711538461539 0.19110576923076922 0.01201923076923077 0.036057692307692304
0 0.5516826923076923 0.14783653846153846 0.01201923076923077 0.028846153846153848
0 0.5661057692307693 0.11177884615384616 0.01201923076923077 0.03125
0 0.5288461538461539 0.09375 0.009615384615384616 0.03365384615384615
0 0.48677884615384615 0.18990384615384615 0.014423076923076924 0.03365384615384615
0 0.46634615384615385 0.23197115384615385 0.019230769230769232 0.04326923076923077
0 0.4639423076923077 0.16947115384615385 0.014423076923076924 0.036057692307692304
0 0.44591346153846156 0.14302884615384615 0.01201923076923077 0.040865384615384616
0 0.46033653846153844 0.13341346153846154 0.01201923076923077 0.036057692307692304
0 0.48677884615384615 0.12620192307692307 0.01201923076923077 0.028846153846153848
0 0.4699519230769231 0.0889423076923077 0.009615384615384616 0.02403846153846154
0 0.421875 0.10096153846153846 0.014423076923076924 0.028846153846153848
0 0.39663461538461536 0.109375 0.014423076923076924 0.028846153846153848
0 0.35336538461538464 0.10216346153846154 0.014423076923076924 0.03365384615384615