0 0.08052884615384616 0.27163461538461536 0.06009615384615385 0.10576923076923077
0 0.19591346153846154 0.3076923076923077 0.06009615384615385 0.11057692307692307
0 0.23197115384615385 0.36538461538461536 0.07692307692307693 0.12980769230769232
0 0.32572115384615385 0.3137019230769231 0.06490384615384616 0.10576923076923077
0 0.41346153846153844 0.42788461538461536 0.07692307692307693 0.11538461538461539
0 0.41346153846153844 0.32091346153846156 0.057692307692307696 0.10817307692307693
0 0.5084134615384616 0.32572115384615385 0.06971153846153846 0.11538461538461539
0 0.5552884615384616 0.43509615384615385 0.07211538461538461 0.1201923076923077
0 0.5865384615384616 0.30528846153846156 0.04807692307692308 0.10576923076923077
0 0.671875 0.31971153846153844 0.057692307692307696 0.10576923076923077
0 0.7199519230769231 0.4987980769230769 0.06971153846153846 0.1201923076923077
0 0.8665865384615384 0.44711538461538464 0.08173076923076923 0.14423076923076922
0 0.7884615384615384 0.3293269230769231 0.057692307692307696 0.10576923076923077
0 0.8978365384615384 0.29086538461538464 0.06490384615384616 0.1201923076923077