0 0.203125 0.10817307692307693 0.01201923076923077 0.03365384615384615
0 0.35697115384615385 0.0829326923076923 0.016826923076923076 0.038461538461538464
0 0.22235576923076922 0.12860576923076922 0.016826923076923076 0.03365384615384615
0 0.15745192307692307 0.14783653846153846 0.014423076923076924 0.036057692307692304
0 0.04927884615384615 0.20793269230769232 0.016826923076923076 0.04326923076923077
0 0.12259615384615384 0.2091346153846154 0.014423076923076924 0.04326923076923077
0 0.25721153846153844 0.12259615384615384 0.019230769230769232 0.04326923076923077
0 0.3870192307692308 0.08774038461538461 0.014423076923076924 0.028846153846153848
0 0.40384615384615385 0.0829326923076923 0.009615384615384616 0.026442307692307692
0 0.4891826923076923 0.07572115384615384 0.009615384615384616 0.026442307692307692
0 0.5348557692307693 0.07572115384615384 0.009615384615384616 0.02403846153846154
0 0.1875 0.19230769230769232 0.02403846153846154 0.04326923076923077
0 0.17668269230769232 0.2644230769230769 0.019230769230769232 0.04807692307692308
0 0.06009615384615385 0.39903846153846156 0.02403846153846154 0.0673076923076923
0 0.0733173076923077 0.47836538461538464 0.02403846153846154 0.0625
0 0.12740384615384615 0.5829326923076923 0.03365384615384615 0.07932692307692307
0 0.20552884615384615 0.4362980769230769 0.026442307692307692 0.057692307692307696
0 0.20793269230769232 0.33774038461538464 0.021634615384615384 0.06971153846153846
0 0.2439903846153846 0.27403846153846156 0.014423076923076924 0.04807692307692308
0 0.28846153846153844 0.20192307692307693 0.019230769230769232 0.052884615384615384
0 0.2920673076923077 0.16346153846153846 0.016826923076923076 0.038461538461538464
0 0.3076923076923077 0.2283653846153846 0.019230769230769232 0.03365384615384615
0 0.35336538461538464 0.22115384615384615 0.014423076923076924 0.04807692307692308
0 0.37259615384615385 0.16346153846153846 0.014423076923076924 0.038461538461538464
0 0.41346153846153844 0.16105769230769232 0.019230769230769232 0.04326923076923077
0 0.45913461538461536 0.12620192307692307 0.014423076923076924 0.03365384615384615
0 0.5432692307692307 0.4651442307692308 0.028846153846153848 0.06971153846153846
0 0.4723557692307692 0.2127403846153846 0.016826923076923076 0.05048076923076923
0 0.4807692307692308 0.2620192307692308 0.019230769230769232 0.04807692307692308
0 0.5372596153846154 0.2980769230769231 0.019230769230769232 0.04807692307692308
0 0.5036057692307693 0.17427884615384615 0.01201923076923077 0.03125
0 0.47596153846153844 0.11538461538461539 0.014423076923076924 0.028846153846153848
0 0.5048076923076923 0.0985576923076923 0.009615384615384616 0.02403846153846154
0 0.59375 0.12379807692307693 0.014423076923076924 0.03365384615384615
0 0.5661057692307693 0.19591346153846154 0.019230769230769232 0.038461538461538464
0 0.6069711538461539 0.23076923076923078 0.016826923076923076 0.04326923076923077
0 0.671875 0.3245192307692308 0.019230769230769232 0.052884615384615384
0 0.7043269230769231 0.265625 0.019230769230769232 0.040865384615384616
0 0.6454326923076923 0.14783653846153846 0.009615384615384616 0.028846153846153848
0 0.6141826923076923 0.10697115384615384 0.014423076923076924 0.026442307692307692
0 0.7620192307692307 0.203125 0.014423076923076924 0.038461538461538464
0 0.8028846153846154 0.22355769230769232 0.009615384615384616 0.04326923076923077
0 0.8461538461538461 0.265625 0.019230769230769232 0.040865384615384616
0 0.8605769230769231 0.29927884615384615 0.009615384615384616 0.04326923076923077
0 0.9158653846153846 0.36177884615384615 0.019230769230769232 0.04326923076923077
0 0.6947115384615384 0.20673076923076922 0.019230769230769232 0.04326923076923077
0 0.7175480769230769 0.21033653846153846 0.01201923076923077 0.03125
0 0.7776442307692307 0.36538461538461536 0.02403846153846154 0.04807692307692308
0 0.040865384615384616 0.234375 0.014423076923076924 0.055288461538461536
0 0.4639423076923077 0.15625 0.014423076923076924 0.03365384615384615