0 0.20072115384615385 0.3786057692307692 0.04807692307692308 0.08653846153846154
0 0.30649038461538464 0.21394230769230768 0.014423076923076924 0.03365384615384615
0 0.32091346153846156 0.24278846153846154 0.016826923076923076 0.04807692307692308
0 0.3293269230769231 0.18028846153846154 0.02403846153846154 0.038461538461538464
0 0.3317307692307692 0.21634615384615385 0.019230769230769232 0.028846153846153848
0 0.3786057692307692 0.23677884615384615 0.026442307692307692 0.052884615384615384
0 0.3485576923076923 0.1971153846153846 0.014423076923076924 0.038461538461538464
0 0.390625 0.1971153846153846 0.019230769230769232 0.038461538461538464
0 0.41586538461538464 0.25240384615384615 0.02403846153846154 0.04807692307692308
0 0.4387019230769231 0.21754807692307693 0.02403846153846154 0.04326923076923077
0 0.4891826923076923 0.27524038461538464 0.028846153846153848 0.06009615384615385
0 0.4879807692307692 0.21754807692307693 0.02403846153846154 0.04326923076923077
0 0.4182692307692308 0.14543269230769232 0.014423076923076924 0.028846153846153848
0 0.4338942307692308 0.16105769230769232 0.01201923076923077 0.03365384615384615
0 0.44591346153846156 0.16105769230769232 0.016826923076923076 0.04326923076923077
0 0.47475961538461536 0.17548076923076922 0.016826923076923076 0.04326923076923077
0 0.47716346153846156 0.14302884615384615 0.01201923076923077 0.028846153846153848
0 0.48197115384615385 0.1502403846153846 0.014423076923076924 0.028846153846153848
0 0.5036057692307693 0.18870192307692307 0.021634615384615384 0.038461538461538464
0 0.5576923076923077 0.1814903846153846 0.019230769230769232 0.038461538461538464
0 0.49278846153846156 0.1346153846153846 0.014423076923076924 0.028846153846153848
0 0.5084134615384616 0.14182692307692307 0.016826923076923076 0.028846153846153848
0 0.5096153846153846 0.11778846153846154 0.014423076923076924 0.02403846153846154
0 0.5336538461538461 0.14783653846153846 0.014423076923076924 0.03125
0 0.5444711538461539 0.12139423076923077 0.016826923076923076 0.03365384615384615
0 0.5637019230769231 0.15384615384615385 0.016826923076923076 0.028846153846153848
0 0.5841346153846154 0.1658653846153846 0.014423076923076924 0.03365384615384615
0 0.5961538461538461 0.13221153846153846 0.019230769230769232 0.03365384615384615
0 0.5865384615384616 0.11778846153846154 0.009615384615384616 0.02403846153846154
0 0.6069711538461539 0.10576923076923077 0.01201923076923077 0.03365384615384615
0 0.6310096153846154 0.12379807692307693 0.01201923076923077 0.028846153846153848
0 0.6213942307692307 0.15504807692307693 0.019230769230769232 0.036057692307692304
0 0.6382211538461539 0.1045673076923077 0.01201923076923077 0.026442307692307692
0 0.6526442307692307 0.12379807692307693 0.014423076923076924 0.028846153846153848
0 0.6670673076923077 0.09615384615384616 0.01201923076923077 0.028846153846153848
0 0.671875 0.12980769230769232 0.014423076923076924 0.028846153846153848
0 0.6887019230769231 0.1141826923076923 0.01201923076923077 0.026442307692307692
0 0.7175480769230769 0.109375 0.01201923076923077 0.03125
0 0.5661057692307693 0.24519230769230768 0.026442307692307692 0.052884615384615384
0 0.5504807692307693 0.30408653846153844 0.028846153846153848 0.06490384615384616
0 0.5961538461538461 0.3485576923076923 0.028846153846153848 0.0625
0 0.6310096153846154 0.25240384615384615 0.02403846153846154 0.052884615384615384
0 0.6466346153846154 0.21394230769230768 0.014423076923076924 0.04807692307692308
0 0.6766826923076923 0.17668269230769232 0.021634615384615384 0.040865384615384616
0 0.7151442307692307 0.18509615384615385 0.021634615384615384 0.04326923076923077
0 0.7055288461538461 0.16466346153846154 0.014423076923076924 0.03125
0 0.7355769230769231 0.1466346153846154 0.019230769230769232 0.03365384615384615
0 0.75 0.12740384615384615 0.014423076923076924 0.03365384615384615
0 0.7632211538461539 0.14783653846153846 0.014423076923076924 0.03365384615384615
0 0.7788461538461539 0.15745192307692307 0.019230769230769232 0.038461538461538464
0 0.7872596153846154 0.1310096153846154 0.01201923076923077 0.028846153846153848
0 0.8112980769230769 0.15384615384615385 0.014423076923076924 0.028846153846153848
0 0.7512019230769231 0.20673076923076922 0.019230769230769232 0.04326923076923077
0 0.7199519230769231 0.23557692307692307 0.02403846153846154 0.04807692307692308
0 0.6790865384615384 0.2704326923076923 0.028846153846153848 0.055288461538461536
0 0.6670673076923077 0.34615384615384615 0.03125 0.0673076923076923
0 0.7271634615384616 0.4326923076923077 0.04326923076923077 0.0673076923076923
0 0.8245192307692307 0.39903846153846156 0.028846153846153848 0.057692307692307696
0 0.8605769230769231 0.4050480769230769 0.028846153846153848 0.06971153846153846
0 0.8389423076923077 0.34134615384615385 0.02403846153846154 0.057692307692307696
0 0.78125 0.29447115384615385 0.02403846153846154 0.055288461538461536
0 0.7427884615384616 0.2920673076923077 0.02403846153846154 0.055288461538461536
0 0.765625 0.23677884615384615 0.021634615384615384 0.04567307692307692
0 0.7956730769230769 0.2548076923076923 0.02403846153846154 0.04807692307692308
0 0.8028846153846154 0.23317307692307693 0.019230769230769232 0.03365384615384615
0 0.8701923076923077 0.27403846153846156 0.019230769230769232 0.057692307692307696
0 0.8870192307692307 0.23197115384615385 0.019230769230769232 0.04807692307692308
0 0.9146634615384616 0.3485576923076923 0.026442307692307692 0.0625
0 0.9290865384615384 0.29927884615384615 0.02403846153846154 0.057692307692307696
0 0.9314903846153846 0.23798076923076922 0.016826923076923076 0.04326923076923077