0 0.15745192307692307 0.6430288461538461 0.0985576923076923 0.15625
0 0.28365384615384615 0.47596153846153844 0.057692307692307696 0.09615384615384616
0 0.4375 0.5865384615384616 0.10576923076923077 0.14903846153846154
0 0.7848557692307693 0.7067307692307693 0.1778846153846154 0.21153846153846154
0 0.671875 0.484375 0.07692307692307693 0.10336538461538461
0 0.8581730769230769 0.4110576923076923 0.08653846153846154 0.1201923076923077
0 0.8112980769230769 0.38341346153846156 0.04807692307692308 0.06971153846153846
0 0.78125 0.3557692307692308 0.038461538461538464 0.04807692307692308
0 0.7139423076923077 0.3737980769230769 0.04326923076923077 0.05048076923076923
0 0.6610576923076923 0.38461538461538464 0.04326923076923077 0.0625
0 0.6418269230769231 0.43990384615384615 0.04326923076923077 0.0673076923076923
0 0.6117788461538461 0.4387019230769231 0.036057692307692304 0.06009615384615385
0 0.6033653846153846 0.39783653846153844 0.03365384615384615 0.05048076923076923
0 0.5348557692307693 0.43149038461538464 0.05048076923076923 0.07932692307692307
0 0.5060096153846154 0.421875 0.03365384615384615 0.06490384615384616
0 0.390625 0.44471153846153844 0.04567307692307692 0.057692307692307696
0 0.4098557692307692 0.4098557692307692 0.038461538461538464 0.05048076923076923
0 0.4795673076923077 0.40024038461538464 0.026442307692307692 0.04807692307692308
0 0.34134615384615385 0.4266826923076923 0.038461538461538464 0.06009615384615385
0 0.2920673076923077 0.3894230769230769 0.028846153846153848 0.03365384615384615
0 0.25240384615384615 0.4230769230769231 0.038461538461538464 0.038461538461538464
0 0.20552884615384615 0.41225961538461536 0.036057692307692304 0.040865384615384616
0 0.15384615384615385 0.4170673076923077 0.038461538461538464 0.04807692307692308
0 0.07451923076923077 0.4362980769230769 0.038461538461538464 0.05048076923076923
0 0.11899038461538461 0.40024038461538464 0.021634615384615384 0.03125
0 0.09735576923076923 0.3918269230769231 0.021634615384615384 0.02403846153846154
0 0.06009615384615385 0.40865384615384615 0.02403846153846154 0.02403846153846154
0 0.04807692307692308 0.40384615384615385 0.019230769230769232 0.02403846153846154
0 0.1778846153846154 0.3870192307692308 0.019230769230769232 0.02403846153846154
0 0.31850961538461536 0.38461538461538464 0.02403846153846154 0.028846153846153848
0 0.35216346153846156 0.38341346153846156 0.026442307692307692 0.04326923076923077
0 0.4074519230769231 0.36538461538461536 0.026442307692307692 0.038461538461538464
0 0.3798076923076923 0.3581730769230769 0.019230769230769232 0.02403846153846154
0 0.36778846153846156 0.36778846153846156 0.019230769230769232 0.028846153846153848
0 0.4567307692307692 0.36177884615384615 0.02403846153846154 0.03125
0 0.13701923076923078 0.3870192307692308 0.014423076923076924 0.02403846153846154
0 0.15625 0.38341346153846156 0.014423076923076924 0.02403846153846154
0 0.140625 0.3088942307692308 0.016826923076923076 0.019230769230769232
0 0.2403846153846154 0.3870192307692308 0.019230769230769232 0.028846153846153848
0 0.2283653846153846 0.37740384615384615 0.019230769230769232 0.02403846153846154
0 0.25841346153846156 0.37740384615384615 0.021634615384615384 0.03365384615384615
0 0.28966346153846156 0.3701923076923077 0.016826923076923076 0.028846153846153848
0 0.30528846153846156 0.36658653846153844 0.014423076923076924 0.021634615384615384
0 0.3317307692307692 0.36778846153846156 0.014423076923076924 0.02403846153846154
0 0.4567307692307692 0.3473557692307692 0.02403846153846154 0.02403846153846154
0 0.4855769230769231 0.3401442307692308 0.019230769230769232 0.026442307692307692
0 0.5036057692307693 0.3545673076923077 0.02403846153846154 0.028846153846153848
0 0.49158653846153844 0.3545673076923077 0.019230769230769232 0.026442307692307692
0 0.21394230769230768 0.3894230769230769 0.02403846153846154 0.02403846153846154
0 0.546875 0.34975961538461536 0.026442307692307692 0.028846153846153848
0 0.5961538461538461 0.3701923076923077 0.03365384615384615 0.038461538461538464
0 0.5288461538461539 0.33413461538461536 0.014423076923076924 0.02403846153846154
0 0.5649038461538461 0.33052884615384615 0.014423076923076924 0.026442307692307692
0 0.6057692307692307 0.33052884615384615 0.019230769230769232 0.021634615384615384
0 0.5841346153846154 0.3329326923076923 0.02403846153846154 0.021634615384615384
0 0.6706730769230769 0.3545673076923077 0.02403846153846154 0.036057692307692304
0 0.6502403846153846 0.32211538461538464 0.019230769230769232 0.028846153846153848
0 0.6334134615384616 0.3233173076923077 0.01201923076923077 0.021634615384615384
0 0.6826923076923077 0.3233173076923077 0.019230769230769232 0.028846153846153848
0 0.7055288461538461 0.3329326923076923 0.026442307692307692 0.03365384615384615
0 0.7403846153846154 0.31850961538461536 0.02403846153846154 0.03125
0 0.71875 0.31850961538461536 0.019230769230769232 0.026442307692307692
0 0.7596153846153846 0.31490384615384615 0.019230769230769232 0.02403846153846154
0 0.7944711538461539 0.3161057692307692 0.019230769230769232 0.026442307692307692
0 0.8185096153846154 0.30528846153846156 0.016826923076923076 0.02403846153846154
0 0.8245192307692307 0.2764423076923077 0.028846153846153848 0.03365384615384615
0 0.8930288461538461 0.2980769230769231 0.019230769230769232 0.028846153846153848