0 0.9507211538461539 0.23197115384615385 0.016826923076923076 0.040865384615384616
0 0.6802884615384616 0.16947115384615385 0.014423076923076924 0.040865384615384616
0 0.6887019230769231 0.22355769230769232 0.021634615384615384 0.04326923076923077
0 0.6334134615384616 0.21875 0.021634615384615384 0.04326923076923077
0 0.6334134615384616 0.2620192307692308 0.026442307692307692 0.052884615384615384
0 0.5721153846153846 0.15985576923076922 0.019230769230769232 0.03365384615384615
0 0.5709134615384616 0.18990384615384615 0.019230769230769232 0.03365384615384615
0 0.4170673076923077 0.2247596153846154 0.019230769230769232 0.040865384615384616
0 0.46033653846153844 0.22115384615384615 0.016826923076923076 0.038461538461538464
0 0.31971153846153844 0.1502403846153846 0.014423076923076924 0.036057692307692304
0 0.19230769230769232 0.23317307692307693 0.019230769230769232 0.04326923076923077
0 0.10697115384615384 0.24519230769230768 0.016826923076923076 0.038461538461538464