0 0.030048076923076924 0.5084134615384616 0.038461538461538464 0.06971153846153846
0 0.0733173076923077 0.5072115384615384 0.04326923076923077 0.0625
0 0.11538461538461539 0.5697115384615384 0.057692307692307696 0.07211538461538461
0 0.12860576923076922 0.5060096153846154 0.04807692307692308 0.0625
0 0.20432692307692307 0.43990384615384615 0.038461538461538464 0.0625
0 0.22596153846153846 0.5120192307692307 0.04807692307692308 0.07211538461538461
0 0.18990384615384615 0.5973557692307693 0.0625 0.08173076923076923
0 0.3004807692307692 0.5216346153846154 0.038461538461538464 0.07211538461538461
0 0.2644230769230769 0.47115384615384615 0.038461538461538464 0.0625
0 0.34615384615384615 0.4651442307692308 0.038461538461538464 0.057692307692307696
0 0.3641826923076923 0.6033653846153846 0.0673076923076923 0.10096153846153846
0 0.4230769230769231 0.5024038461538461 0.04326923076923077 0.0625
0 0.5084134615384616 0.4254807692307692 0.036057692307692304 0.057692307692307696
0 0.5240384615384616 0.5901442307692307 0.0673076923076923 0.11298076923076923
0 0.625 0.5769230769230769 0.0673076923076923 0.1201923076923077
0 0.5432692307692307 0.5300480769230769 0.057692307692307696 0.07692307692307693
0 0.5733173076923077 0.4543269230769231 0.038461538461538464 0.07211538461538461
0 0.6117788461538461 0.4182692307692308 0.038461538461538464 0.057692307692307696
0 0.6682692307692307 0.4651442307692308 0.04326923076923077 0.09134615384615384
0 0.6983173076923077 0.5 0.05048076923076923 0.08173076923076923
0 0.6935096153846154 0.4326923076923077 0.038461538461538464 0.07211538461538461
0 0.7427884615384616 0.5552884615384616 0.0625 0.10096153846153846
0 0.7824519230769231 0.43990384615384615 0.04326923076923077 0.0625
0 0.8377403846153846 0.3894230769230769 0.036057692307692304 0.0673076923076923
0 0.9194711538461539 0.4375 0.05048076923076923 0.07692307692307693
0 0.8605769230769231 0.49038461538461536 0.057692307692307696 0.08653846153846154
0 0.8461538461538461 0.5709134615384616 0.0673076923076923 0.11538461538461539
0 0.8858173076923077 0.6682692307692307 0.10817307692307693 0.17307692307692307