0 0.7740384615384616 0.6490384615384616 0.11538461538461539 0.22115384615384615
0 0.8713942307692307 0.6225961538461539 0.10576923076923077 0.16346153846153846
0 0.9651442307692307 0.6274038461538461 0.0673076923076923 0.15384615384615385
0 0.6682692307692307 0.6045673076923077 0.028846153846153848 0.06971153846153846
0 0.640625 0.6045673076923077 0.021634615384615384 0.05048076923076923
0 0.6117788461538461 0.5865384615384616 0.016826923076923076 0.03365384615384615
0 0.5805288461538461 0.5709134615384616 0.03365384615384615 0.06490384615384616
0 0.6814903846153846 0.5985576923076923 0.02403846153846154 0.052884615384615384
0 0.5564903846153846 0.6358173076923077 0.06009615384615385 0.11538461538461539
0 0.5084134615384616 0.5853365384615384 0.04326923076923077 0.09134615384615384
0 0.48197115384615385 0.5733173076923077 0.03125 0.0625
0 0.4495192307692308 0.5673076923076923 0.02403846153846154 0.052884615384615384
0 0.44350961538461536 0.6454326923076923 0.06971153846153846 0.13942307692307693
0 0.4014423076923077 0.5769230769230769 0.038461538461538464 0.07692307692307693
0 0.34615384615384615 0.6045673076923077 0.057692307692307696 0.10576923076923077
0 0.34134615384615385 0.5480769230769231 0.038461538461538464 0.07692307692307693
0 0.27163461538461536 0.578125 0.038461538461538464 0.0889423076923077
0 0.2127403846153846 0.5564903846153846 0.028846153846153848 0.05048076923076923
0 0.1778846153846154 0.5829326923076923 0.04326923076923077 0.08173076923076923
0 0.1045673076923077 0.5576923076923077 0.03365384615384615 0.0673076923076923