0 0.0625 0.53125 0.057692307692307696 0.11057692307692307
0 0.25600961538461536 0.28365384615384615 0.014423076923076924 0.019230769230769232
0 0.28125 0.27283653846153844 0.014423076923076924 0.028846153846153848
0 0.30288461538461536 0.2536057692307692 0.019230769230769232 0.03365384615384615
0 0.3137019230769231 0.23798076923076922 0.016826923076923076 0.028846153846153848
0 0.3269230769230769 0.2620192307692308 0.014423076923076924 0.03365384615384615
0 0.3449519230769231 0.2824519230769231 0.02403846153846154 0.04807692307692308
0 0.34375 0.21875 0.019230769230769232 0.038461538461538464
0 0.3545673076923077 0.23197115384615385 0.016826923076923076 0.028846153846153848
0 0.3762019230769231 0.22115384615384615 0.019230769230769232 0.03365384615384615
0 0.3894230769230769 0.1935096153846154 0.019230769230769232 0.03125
0 0.421875 0.21634615384615385 0.016826923076923076 0.028846153846153848
0 0.4375 0.26802884615384615 0.02403846153846154 0.04326923076923077
0 0.47596153846153844 0.24278846153846154 0.019230769230769232 0.04326923076923077
0 0.46875 0.19110576923076922 0.014423076923076924 0.03125
0 0.49158653846153844 0.1971153846153846 0.014423076923076924 0.028846153846153848
0 0.4495192307692308 0.2247596153846154 0.019230769230769232 0.038461538461538464
0 0.41346153846153844 0.16466346153846154 0.019230769230769232 0.03125
0 0.4338942307692308 0.1658653846153846 0.016826923076923076 0.03365384615384615
0 0.45552884615384615 0.16466346153846154 0.016826923076923076 0.026442307692307692
0 0.4543269230769231 0.13581730769230768 0.009615384615384616 0.021634615384615384
0 0.48197115384615385 0.15865384615384615 0.01201923076923077 0.028846153846153848
0 0.4795673076923077 0.14182692307692307 0.01201923076923077 0.019230769230769232
0 0.4963942307692308 0.12860576923076922 0.014423076923076924 0.021634615384615384
0 0.5204326923076923 0.15865384615384615 0.016826923076923076 0.028846153846153848
0 0.53125 0.13221153846153846 0.014423076923076924 0.028846153846153848
0 0.546875 0.19110576923076922 0.016826923076923076 0.036057692307692304
0 0.5528846153846154 0.1502403846153846 0.019230769230769232 0.03125
0 0.5649038461538461 0.10817307692307693 0.014423076923076924 0.02403846153846154
0 0.5901442307692307 0.14783653846153846 0.019230769230769232 0.04567307692307692
0 0.5985576923076923 0.11658653846153846 0.014423076923076924 0.016826923076923076
0 0.5961538461538461 0.09375 0.009615384615384616 0.02403846153846154
0 0.6165865384615384 0.11057692307692307 0.01201923076923077 0.02403846153846154
0 0.6274038461538461 0.13942307692307693 0.014423076923076924 0.028846153846153848
0 0.6298076923076923 0.09615384615384616 0.014423076923076924 0.02403846153846154
0 0.6454326923076923 0.09975961538461539 0.01201923076923077 0.02403846153846154
0 0.6442307692307693 0.12139423076923077 0.014423076923076924 0.026442307692307692
0 0.671875 0.12379807692307693 0.016826923076923076 0.026442307692307692
0 0.6947115384615384 0.10096153846153846 0.014423076923076924 0.028846153846153848
0 0.49158653846153844 0.2920673076923077 0.02403846153846154 0.04567307692307692
0 0.5625 0.2920673076923077 0.02403846153846154 0.05048076923076923
0 0.5721153846153846 0.2403846153846154 0.019230769230769232 0.038461538461538464
0 0.5985576923076923 0.25600961538461536 0.02403846153846154 0.04567307692307692
0 0.6153846153846154 0.203125 0.019230769230769232 0.038461538461538464
0 0.65625 0.171875 0.014423076923076924 0.03365384615384615
0 0.6670673076923077 0.20552884615384615 0.021634615384615384 0.04326923076923077
0 0.6646634615384616 0.24879807692307693 0.02403846153846154 0.052884615384615384
0 0.6742788461538461 0.33413461538461536 0.03125 0.057692307692307696
0 0.609375 0.3269230769230769 0.02403846153846154 0.057692307692307696
0 0.7151442307692307 0.2920673076923077 0.028846153846153848 0.055288461538461536
0 0.7043269230769231 0.2127403846153846 0.02403846153846154 0.04807692307692308
0 0.6875 0.18389423076923078 0.019230769230769232 0.04326923076923077
0 0.6899038461538461 0.14783653846153846 0.014423076923076924 0.03125
0 0.7139423076923077 0.13221153846153846 0.014423076923076924 0.03365384615384615
0 0.7415865384615384 0.17908653846153846 0.021634615384615384 0.04807692307692308
0 0.7512019230769231 0.1346153846153846 0.016826923076923076 0.03365384615384615
0 0.7584134615384616 0.10697115384615384 0.014423076923076924 0.028846153846153848
0 0.7956730769230769 0.13581730769230768 0.014423076923076924 0.03365384615384615
0 0.8052884615384616 0.11658653846153846 0.019230769230769232 0.03125
0 0.7644230769230769 0.13822115384615385 0.009615384615384616 0.026442307692307692
0 0.7776442307692307 0.21634615384615385 0.02403846153846154 0.04807692307692308
0 0.7860576923076923 0.28966346153846156 0.03365384615384615 0.06490384615384616
0 0.8076923076923077 0.17548076923076922 0.019230769230769232 0.03365384615384615
0 0.8233173076923077 0.16706730769230768 0.016826923076923076 0.03125
0 0.8209134615384616 0.13701923076923078 0.014423076923076924 0.03365384615384615
0 0.8401442307692307 0.13581730769230768 0.016826923076923076 0.03365384615384615
0 0.8569711538461539 0.1502403846153846 0.016826923076923076 0.03125
0 0.8737980769230769 0.15504807692307693 0.014423076923076924 0.03125
0 0.8798076923076923 0.125 0.009615384615384616 0.03365384615384615
0 0.9110576923076923 0.12860576923076922 0.014423076923076924 0.03125
0 0.9399038461538461 0.15745192307692307 0.014423076923076924 0.036057692307692304
0 0.9411057692307693 0.14302884615384615 0.01201923076923077 0.026442307692307692
0 0.9302884615384616 0.20192307692307693 0.019230769230769232 0.04326923076923077
0 0.9326923076923077 0.2668269230769231 0.019230769230769232 0.052884615384615384
0 0.8762019230769231 0.2127403846153846 0.02403846153846154 0.04807692307692308
0 0.8617788461538461 0.18629807692307693 0.019230769230769232 0.03125
0 0.8882211538461539 0.1935096153846154 0.016826923076923076 0.038461538461538464
0 0.9002403846153846 0.1778846153846154 0.016826923076923076 0.028846153846153848