0 0.13581730769230768 0.38822115384615385 0.052884615384615384 0.08413461538461539
0 0.18629807692307693 0.4639423076923077 0.057692307692307696 0.11057692307692307
0 0.3004807692307692 0.4879807692307692 0.07211538461538461 0.1201923076923077
0 0.30528846153846156 0.15985576923076922 0.03365384615384615 0.055288461538461536
0 0.4170673076923077 0.7884615384615384 0.055288461538461536 0.09615384615384616
0 0.47115384615384615 0.8137019230769231 0.04326923076923077 0.08653846153846154
0 0.5721153846153846 0.8209134615384616 0.04807692307692308 0.09134615384615384
0 0.6262019230769231 0.796875 0.04567307692307692 0.08413461538461539
0 0.7115384615384616 0.7151442307692307 0.038461538461538464 0.06971153846153846
0 0.6887019230769231 0.8100961538461539 0.036057692307692304 0.07211538461538461
0 0.7608173076923077 0.734375 0.03125 0.07211538461538461
0 0.7872596153846154 0.7067307692307693 0.036057692307692304 0.0673076923076923
0 0.8257211538461539 0.6862980769230769 0.03125 0.06971153846153846
0 0.8389423076923077 0.6370192307692307 0.038461538461538464 0.0625
0 0.8305288461538461 0.5865384615384616 0.03125 0.04326923076923077
0 0.8389423076923077 0.5492788461538461 0.02403846153846154 0.04807692307692308
0 0.8317307692307693 0.5168269230769231 0.02403846153846154 0.04326923076923077
0 0.8161057692307693 0.4639423076923077 0.021634615384615384 0.04807692307692308
0 0.7475961538461539 0.39663461538461536 0.019230769230769232 0.04326923076923077
0 0.734375 0.38100961538461536 0.014423076923076924 0.040865384615384616
0 0.8822115384615384 0.7463942307692307 0.04326923076923077 0.09134615384615384