0 0.030048076923076924 0.7752403846153846 0.06009615384615385 0.15144230769230768
0 0.33052884615384615 0.8377403846153846 0.12740384615384615 0.1658653846153846
0 0.30649038461538464 0.5817307692307693 0.0673076923076923 0.10576923076923077
0 0.47115384615384615 0.59375 0.07692307692307693 0.09134615384615384
0 0.4495192307692308 0.4879807692307692 0.04326923076923077 0.07211538461538461
0 0.46274038461538464 0.296875 0.038461538461538464 0.05048076923076923
0 0.5132211538461539 0.453125 0.03365384615384615 0.04807692307692308
0 0.5420673076923077 0.41947115384615385 0.03365384615384615 0.040865384615384616
0 0.5793269230769231 0.40024038461538464 0.02403846153846154 0.03365384615384615
0 0.5913461538461539 0.5096153846153846 0.04807692307692308 0.07692307692307693
0 0.6081730769230769 0.4639423076923077 0.038461538461538464 0.0625
0 0.6298076923076923 0.41586538461538464 0.028846153846153848 0.04326923076923077
0 0.6646634615384616 0.41346153846153844 0.021634615384615384 0.038461538461538464
0 0.7319711538461539 0.42788461538461536 0.03365384615384615 0.04807692307692308
0 0.7524038461538461 0.41586538461538464 0.02403846153846154 0.04326923076923077
0 0.7379807692307693 0.484375 0.04326923076923077 0.04567307692307692
0 0.7283653846153846 0.515625 0.04326923076923077 0.0625
0 0.6935096153846154 0.6598557692307693 0.07451923076923077 0.1201923076923077
0 0.6766826923076923 0.9038461538461539 0.1346153846153846 0.1875
0 0.9326923076923077 0.6850961538461539 0.09615384615384616 0.1346153846153846
0 0.8810096153846154 0.5456730769230769 0.055288461538461536 0.07692307692307693
0 0.8605769230769231 0.49038461538461536 0.038461538461538464 0.057692307692307696
0 0.8425480769230769 0.4483173076923077 0.036057692307692304 0.052884615384615384
0 0.8449519230769231 0.4170673076923077 0.03365384615384615 0.04567307692307692
0 0.33653846153846156 0.37259615384615385 0.02403846153846154 0.03365384615384615
0 0.2980769230769231 0.3858173076923077 0.028846153846153848 0.040865384615384616
0 0.27163461538461536 0.3798076923076923 0.02403846153846154 0.038461538461538464
0 0.21875 0.3870192307692308 0.03365384615384615 0.038461538461538464
0 0.18269230769230768 0.4182692307692308 0.038461538461538464 0.04807692307692308
0 0.15504807692307693 0.3737980769230769 0.03125 0.04326923076923077
0 0.16947115384615385 0.35096153846153844 0.02403846153846154 0.038461538461538464
0 0.125 0.3894230769230769 0.028846153846153848 0.04326923076923077
0 0.10096153846153846 0.3629807692307692 0.028846153846153848 0.04326923076923077
0 0.08653846153846154 0.42427884615384615 0.04326923076923077 0.052884615384615384
0 0.03365384615384615 0.390625 0.038461538461538464 0.05048076923076923