0 0.040865384615384616 0.46153846153846156 0.038461538461538464 0.057692307692307696
0 0.0829326923076923 0.6189903846153846 0.06971153846153846 0.09375
0 0.1778846153846154 0.6189903846153846 0.0673076923076923 0.09615384615384616
0 0.13341346153846154 0.5024038461538461 0.038461538461538464 0.0625
0 0.11177884615384616 0.4675480769230769 0.038461538461538464 0.05048076923076923
0 0.1935096153846154 0.4495192307692308 0.026442307692307692 0.052884615384615384
0 0.23197115384615385 0.47115384615384615 0.036057692307692304 0.052884615384615384
0 0.2644230769230769 0.49759615384615385 0.038461538461538464 0.04807692307692308
0 0.2644230769230769 0.5540865384615384 0.038461538461538464 0.06009615384615385
0 0.30528846153846156 0.5805288461538461 0.03365384615384615 0.06971153846153846
0 0.26322115384615385 0.6538461538461539 0.05048076923076923 0.07692307692307693
0 0.3473557692307692 0.6117788461538461 0.057692307692307696 0.0985576923076923
0 0.4110576923076923 0.5709134615384616 0.04326923076923077 0.0625
0 0.3076923076923077 0.4651442307692308 0.028846153846153848 0.05048076923076923
0 0.36658653846153844 0.45072115384615385 0.026442307692307692 0.04807692307692308
0 0.40024038461538464 0.4579326923076923 0.026442307692307692 0.04567307692307692
0 0.4266826923076923 0.4987980769230769 0.028846153846153848 0.055288461538461536
0 0.4951923076923077 0.484375 0.028846153846153848 0.057692307692307696
0 0.5420673076923077 0.46153846153846156 0.026442307692307692 0.052884615384615384
0 0.5588942307692307 0.5048076923076923 0.03365384615384615 0.052884615384615384
0 0.5637019230769231 0.5552884615384616 0.038461538461538464 0.052884615384615384
0 0.5985576923076923 0.5733173076923077 0.028846153846153848 0.0673076923076923
0 0.6274038461538461 0.5480769230769231 0.03365384615384615 0.057692307692307696
0 0.5949519230769231 0.5024038461538461 0.03365384615384615 0.052884615384615384
0 0.5973557692307693 0.46274038461538464 0.02403846153846154 0.036057692307692304
0 0.6706730769230769 0.43990384615384615 0.03365384615384615 0.052884615384615384
0 0.6875 0.5216346153846154 0.038461538461538464 0.052884615384615384
0 0.6634615384615384 0.6105769230769231 0.04807692307692308 0.08653846153846154
0 0.7295673076923077 0.5829326923076923 0.04567307692307692 0.06971153846153846
0 0.7163461538461539 0.4495192307692308 0.028846153846153848 0.052884615384615384
0 0.7764423076923077 0.48677884615384615 0.038461538461538464 0.06009615384615385
0 0.8209134615384616 0.4675480769230769 0.026442307692307692 0.04567307692307692
0 0.8257211538461539 0.5324519230769231 0.040865384615384616 0.06009615384615385
0 0.7956730769230769 0.6310096153846154 0.0625 0.10336538461538461
0 0.9507211538461539 0.6213942307692307 0.06009615384615385 0.10096153846153846
0 0.8858173076923077 0.5384615384615384 0.03125 0.057692307692307696
0 0.9387019230769231 0.5264423076923077 0.038461538461538464 0.052884615384615384
0 0.90625 0.46274038461538464 0.02403846153846154 0.036057692307692304
0 0.8653846153846154 0.46875 0.02403846153846154 0.04807692307692308