0 0.07932692307692307 0.41346153846153844 0.04326923076923077 0.08653846153846154
0 0.25841346153846156 0.25961538461538464 0.014423076923076924 0.028846153846153848
0 0.27884615384615385 0.25961538461538464 0.019230769230769232 0.038461538461538464
0 0.2932692307692308 0.25841346153846156 0.019230769230769232 0.038461538461538464
0 0.3233173076923077 0.21514423076923078 0.016826923076923076 0.03365384615384615
0 0.34615384615384615 0.21514423076923078 0.019230769230769232 0.03125
0 0.3317307692307692 0.24879807692307693 0.019230769230769232 0.038461538461538464
0 0.33774038461538464 0.2848557692307692 0.02403846153846154 0.038461538461538464
0 0.3701923076923077 0.2091346153846154 0.014423076923076924 0.03365384615384615
0 0.3858173076923077 0.19230769230769232 0.016826923076923076 0.028846153846153848
0 0.3870192307692308 0.22355769230769232 0.02403846153846154 0.03365384615384615
0 0.4074519230769231 0.23317307692307693 0.021634615384615384 0.038461538461538464
0 0.40384615384615385 0.2848557692307692 0.02403846153846154 0.055288461538461536
0 0.40625 0.17307692307692307 0.014423076923076924 0.028846153846153848
0 0.4230769230769231 0.1814903846153846 0.019230769230769232 0.026442307692307692
0 0.44591346153846156 0.18629807692307693 0.019230769230769232 0.03365384615384615
0 0.4387019230769231 0.2283653846153846 0.019230769230769232 0.038461538461538464
0 0.4639423076923077 0.24519230769230768 0.02403846153846154 0.038461538461538464
0 0.45072115384615385 0.14543269230769232 0.014423076923076924 0.028846153846153848
0 0.45913461538461536 0.16947115384615385 0.014423076923076924 0.03125
0 0.4795673076923077 0.18389423076923078 0.016826923076923076 0.03365384615384615
0 0.4795673076923077 0.15985576923076922 0.019230769230769232 0.03365384615384615
0 0.47475961538461536 0.1466346153846154 0.016826923076923076 0.03365384615384615
0 0.4855769230769231 0.1310096153846154 0.014423076923076924 0.02403846153846154
0 0.49759615384615385 0.1466346153846154 0.014423076923076924 0.03365384615384615
0 0.5228365384615384 0.15264423076923078 0.016826923076923076 0.03125
0 0.5336538461538461 0.12860576923076922 0.014423076923076924 0.028846153846153848
0 0.5552884615384616 0.11057692307692307 0.014423076923076924 0.02403846153846154
0 0.5612980769230769 0.14302884615384615 0.021634615384615384 0.03365384615384615
0 0.5408653846153846 0.16706730769230768 0.02403846153846154 0.036057692307692304
0 0.5036057692307693 0.20072115384615385 0.019230769230769232 0.04326923076923077
0 0.5276442307692307 0.21875 0.02403846153846154 0.04326923076923077
0 0.5829326923076923 0.12860576923076922 0.014423076923076924 0.03365384615384615
0 0.5817307692307693 0.15625 0.019230769230769232 0.04326923076923077
0 0.5925480769230769 0.09735576923076923 0.014423076923076924 0.026442307692307692
0 0.609375 0.109375 0.01201923076923077 0.026442307692307692
0 0.6129807692307693 0.14423076923076922 0.019230769230769232 0.04326923076923077
0 0.6237980769230769 0.09375 0.009615384615384616 0.02403846153846154
0 0.6382211538461539 0.10096153846153846 0.01201923076923077 0.028846153846153848
0 0.6454326923076923 0.10697115384615384 0.01201923076923077 0.026442307692307692
0 0.6682692307692307 0.11658653846153846 0.009615384615384616 0.026442307692307692
0 0.6911057692307693 0.09134615384615384 0.01201923076923077 0.03365384615384615
0 0.7331730769230769 0.11658653846153846 0.014423076923076924 0.03365384615384615
0 0.75 0.10216346153846154 0.009615384615384616 0.026442307692307692
0 0.7800480769230769 0.109375 0.01201923076923077 0.03125
0 0.7680288461538461 0.125 0.014423076923076924 0.028846153846153848
0 0.796875 0.1310096153846154 0.01201923076923077 0.03365384615384615
0 0.8100961538461539 0.12139423076923077 0.014423076923076924 0.026442307692307692
0 0.8293269230769231 0.13341346153846154 0.014423076923076924 0.03365384615384615
0 0.8677884615384616 0.12139423076923077 0.014423076923076924 0.038461538461538464
0 0.890625 0.12379807692307693 0.014423076923076924 0.03365384615384615
0 0.9242788461538461 0.14903846153846154 0.01201923076923077 0.028846153846153848
0 0.7043269230769231 0.14182692307692307 0.014423076923076924 0.028846153846153848
0 0.6826923076923077 0.14903846153846154 0.019230769230769232 0.03365384615384615
0 0.7415865384615384 0.13942307692307693 0.016826923076923076 0.028846153846153848
0 0.6971153846153846 0.17548076923076922 0.019230769230769232 0.03365384615384615
0 0.65625 0.1814903846153846 0.014423076923076924 0.040865384615384616
0 0.6105769230769231 0.203125 0.019230769230769232 0.03365384615384615
0 0.5540865384615384 0.2439903846153846 0.02403846153846154 0.03365384615384615
0 0.4807692307692308 0.3088942307692308 0.028846153846153848 0.05048076923076923
0 0.5612980769230769 0.29086538461538464 0.02403846153846154 0.04326923076923077
0 0.5973557692307693 0.3317307692307692 0.028846153846153848 0.057692307692307696
0 0.6766826923076923 0.3473557692307692 0.028846153846153848 0.06009615384615385
0 0.6081730769230769 0.27524038461538464 0.028846153846153848 0.04326923076923077
0 0.6670673076923077 0.25240384615384615 0.028846153846153848 0.052884615384615384
0 0.8004807692307693 0.16826923076923078 0.019230769230769232 0.04807692307692308
0 0.8112980769230769 0.15985576923076922 0.019230769230769232 0.03365384615384615
0 0.8473557692307693 0.17067307692307693 0.016826923076923076 0.028846153846153848
0 0.8653846153846154 0.15745192307692307 0.009615384615384616 0.028846153846153848
0 0.9206730769230769 0.18990384615384615 0.019230769230769232 0.038461538461538464
0 0.8954326923076923 0.17908653846153846 0.021634615384615384 0.03365384615384615
0 0.8810096153846154 0.19831730769230768 0.016826923076923076 0.03365384615384615
0 0.8653846153846154 0.22596153846153846 0.019230769230769232 0.04326923076923077
0 0.9194711538461539 0.28125 0.02403846153846154 0.052884615384615384
0 0.7536057692307693 0.17548076923076922 0.019230769230769232 0.028846153846153848
0 0.7163461538461539 0.16706730769230768 0.019230769230769232 0.03125
0 0.7355769230769231 0.20432692307692307 0.019230769230769232 0.03365384615384615
0 0.7584134615384616 0.2283653846153846 0.02403846153846154 0.052884615384615384
0 0.7055288461538461 0.21754807692307693 0.02403846153846154 0.052884615384615384
0 0.7067307692307693 0.296875 0.028846153846153848 0.04326923076923077
0 0.7776442307692307 0.29086538461538464 0.02403846153846154 0.052884615384615384