0 0.052884615384615384 0.4014423076923077 0.038461538461538464 0.07211538461538461
0 0.25721153846153844 0.28125 0.02403846153846154 0.038461538461538464
0 0.28846153846153844 0.2620192307692308 0.019230769230769232 0.03365384615384615
0 0.3016826923076923 0.25721153846153844 0.021634615384615384 0.04807692307692308
0 0.3125 0.27884615384615385 0.019230769230769232 0.028846153846153848
0 0.31971153846153844 0.22115384615384615 0.019230769230769232 0.038461538461538464
0 0.3485576923076923 0.21634615384615385 0.014423076923076924 0.038461538461538464
0 0.3641826923076923 0.22355769230769232 0.016826923076923076 0.03365384615384615
0 0.36778846153846156 0.20793269230769232 0.014423076923076924 0.028846153846153848
0 0.375 0.25721153846153844 0.019230769230769232 0.04326923076923077
0 0.38100961538461536 0.19831730769230768 0.019230769230769232 0.036057692307692304
0 0.41225961538461536 0.22235576923076922 0.019230769230769232 0.038461538461538464
0 0.4326923076923077 0.2620192307692308 0.019230769230769232 0.04326923076923077
0 0.4423076923076923 0.21875 0.019230769230769232 0.04326923076923077
0 0.43990384615384615 0.18990384615384615 0.019230769230769232 0.03365384615384615
0 0.41947115384615385 0.18389423076923078 0.016826923076923076 0.028846153846153848
0 0.41466346153846156 0.16706730769230768 0.016826923076923076 0.028846153846153848
0 0.44591346153846156 0.14783653846153846 0.014423076923076924 0.026442307692307692
0 0.453125 0.16466346153846154 0.01201923076923077 0.026442307692307692
0 0.46634615384615385 0.19110576923076922 0.014423076923076924 0.03125
0 0.47475961538461536 0.15985576923076922 0.014423076923076924 0.03125
0 0.4699519230769231 0.14182692307692307 0.01201923076923077 0.019230769230769232
0 0.484375 0.13341346153846154 0.01201923076923077 0.03125
0 0.5036057692307693 0.15985576923076922 0.016826923076923076 0.036057692307692304
0 0.4963942307692308 0.18870192307692307 0.019230769230769232 0.038461538461538464
0 0.5036057692307693 0.21995192307692307 0.028846153846153848 0.04326923076923077
0 0.5336538461538461 0.20192307692307693 0.019230769230769232 0.038461538461538464
0 0.515625 0.12980769230769232 0.014423076923076924 0.03365384615384615
0 0.53125 0.13581730769230768 0.014423076923076924 0.03125
0 0.5564903846153846 0.10817307692307693 0.016826923076923076 0.03365384615384615
0 0.5516826923076923 0.15144230769230768 0.019230769230769232 0.03365384615384615
0 0.5685096153846154 0.16346153846153846 0.016826923076923076 0.038461538461538464
0 0.5805288461538461 0.1466346153846154 0.016826923076923076 0.03365384615384615
0 0.5865384615384616 0.11899038461538461 0.009615384615384616 0.028846153846153848
0 0.5961538461538461 0.09615384615384616 0.009615384615384616 0.028846153846153848
0 0.6153846153846154 0.10096153846153846 0.009615384615384616 0.028846153846153848
0 0.6201923076923077 0.13701923076923078 0.014423076923076924 0.03365384615384615
0 0.6382211538461539 0.11538461538461539 0.014423076923076924 0.028846153846153848
0 0.6490384615384616 0.09375 0.014423076923076924 0.03365384615384615
0 0.6754807692307693 0.109375 0.014423076923076924 0.028846153846153848
0 0.6971153846153846 0.09615384615384616 0.009615384615384616 0.038461538461538464
0 0.49158653846153844 0.28125 0.02403846153846154 0.052884615384615384
0 0.53125 0.3088942307692308 0.03365384615384615 0.06009615384615385
0 0.5612980769230769 0.23197115384615385 0.02403846153846154 0.04326923076923077
0 0.6057692307692307 0.25240384615384615 0.028846153846153848 0.04807692307692308
0 0.6069711538461539 0.32572115384615385 0.03365384615384615 0.06009615384615385
0 0.6790865384615384 0.3269230769230769 0.03125 0.057692307692307696
0 0.6574519230769231 0.2548076923076923 0.02403846153846154 0.04807692307692308
0 0.6538461538461539 0.20192307692307693 0.019230769230769232 0.04326923076923077
0 0.6262019230769231 0.18389423076923078 0.021634615384615384 0.04326923076923077
0 0.6610576923076923 0.16466346153846154 0.014423076923076924 0.038461538461538464
0 0.6838942307692307 0.13581730769230768 0.016826923076923076 0.03365384615384615
0 0.703125 0.13581730769230768 0.019230769230769232 0.038461538461538464
0 0.6959134615384616 0.1778846153846154 0.019230769230769232 0.038461538461538464
0 0.6947115384615384 0.22115384615384615 0.02403846153846154 0.04807692307692308
0 0.7235576923076923 0.2932692307692308 0.03365384615384615 0.057692307692307696
0 0.7548076923076923 0.21754807692307693 0.02403846153846154 0.04807692307692308
0 0.7391826923076923 0.17908653846153846 0.019230769230769232 0.04567307692307692
0 0.7247596153846154 0.14783653846153846 0.019230769230769232 0.036057692307692304
0 0.7319711538461539 0.12139423076923077 0.019230769230769232 0.026442307692307692
0 0.7427884615384616 0.13822115384615385 0.014423076923076924 0.03125
0 0.7487980769230769 0.10336538461538461 0.01201923076923077 0.02403846153846154
0 0.7680288461538461 0.12860576923076922 0.016826923076923076 0.038461538461538464
0 0.7788461538461539 0.109375 0.014423076923076924 0.03125
0 0.7956730769230769 0.12379807692307693 0.014423076923076924 0.03125
0 0.7932692307692307 0.17548076923076922 0.019230769230769232 0.04326923076923077
0 0.8112980769230769 0.16105769230769232 0.016826923076923076 0.03365384615384615
0 0.8137019230769231 0.12259615384615384 0.014423076923076924 0.028846153846153848
0 0.8269230769230769 0.13701923076923078 0.019230769230769232 0.03365384615384615
0 0.8425480769230769 0.18629807692307693 0.019230769230769232 0.04326923076923077
0 0.8569711538461539 0.15504807692307693 0.021634615384615384 0.04326923076923077
0 0.8653846153846154 0.11899038461538461 0.019230769230769232 0.03125
0 0.890625 0.12259615384615384 0.014423076923076924 0.03365384615384615
0 0.8870192307692307 0.15865384615384615 0.014423076923076924 0.03365384615384615
0 0.8858173076923077 0.19110576923076922 0.019230769230769232 0.04567307692307692
0 0.8641826923076923 0.2091346153846154 0.019230769230769232 0.038461538461538464
0 0.8076923076923077 0.24639423076923078 0.019230769230769232 0.052884615384615384
0 0.78125 0.2920673076923077 0.02403846153846154 0.057692307692307696
0 0.9158653846153846 0.27524038461538464 0.02403846153846154 0.05048076923076923
0 0.9206730769230769 0.19591346153846154 0.019230769230769232 0.038461538461538464
0 0.9254807692307693 0.16826923076923078 0.014423076923076924 0.028846153846153848
0 0.9266826923076923 0.1502403846153846 0.01201923076923077 0.028846153846153848
0 0.7536057692307693 0.16466346153846154 0.016826923076923076 0.038461538461538464