0 0.09134615384615384 0.4170673076923077 0.07692307692307693 0.1201923076923077
0 0.052884615384615384 0.4579326923076923 0.08653846153846154 0.11057692307692307
0 0.056490384615384616 0.53125 0.11298076923076923 0.12980769230769232
0 0.039663461538461536 0.6129807692307693 0.06971153846153846 0.15865384615384615
0 0.3798076923076923 0.30288461538461536 0.07692307692307693 0.11538461538461539
0 0.45072115384615385 0.3269230769230769 0.07692307692307693 0.1346153846153846
0 0.5180288461538461 0.30288461538461536 0.09134615384615384 0.11538461538461539
0 0.5480769230769231 0.36658653846153844 0.11538461538461539 0.18509615384615385
0 0.6971153846153846 0.41947115384615385 0.18269230769230768 0.25240384615384615
0 0.6213942307692307 0.2548076923076923 0.07211538461538461 0.10576923076923077
0 0.6850961538461539 0.055288461538461536 0.052884615384615384 0.07692307692307693
0 0.7932692307692307 0.27283653846153844 0.10096153846153846 0.15865384615384615
0 0.7211538461538461 0.2536057692307692 0.07211538461538461 0.11298076923076923
0 0.6610576923076923 0.2403846153846154 0.052884615384615384 0.08653846153846154
0 0.9314903846153846 0.17668269230769232 0.07211538461538461 0.10817307692307693