0 0.04567307692307692 0.5901442307692307 0.07211538461538461 0.12259615384615384
0 0.04326923076923077 0.5360576923076923 0.057692307692307696 0.08173076923076923
0 0.07211538461538461 0.4579326923076923 0.0673076923076923 0.10576923076923077
0 0.11057692307692307 0.4411057692307692 0.04807692307692308 0.09134615384615384
0 0.21153846153846154 0.5372596153846154 0.0673076923076923 0.10817307692307693
0 0.22115384615384615 0.4831730769230769 0.0625 0.09134615384615384
0 0.27524038461538464 0.53125 0.0625 0.09615384615384616
0 0.2512019230769231 0.6814903846153846 0.09375 0.15144230769230768
0 0.36177884615384615 0.7487980769230769 0.10096153846153846 0.16346153846153846
0 0.3870192307692308 0.5300480769230769 0.0673076923076923 0.10576923076923077
0 0.4026442307692308 0.4735576923076923 0.057692307692307696 0.07211538461538461
0 0.4807692307692308 0.7091346153846154 0.09615384615384616 0.1875
0 0.6117788461538461 0.5769230769230769 0.07451923076923077 0.125
0 0.7319711538461539 0.5384615384615384 0.06490384615384616 0.11057692307692307
0 0.6526442307692307 0.8870192307692307 0.11778846153846154 0.20192307692307693
0 0.8040865384615384 0.6286057692307693 0.08173076923076923 0.11057692307692307
0 0.8641826923076923 0.7163461538461539 0.08413461538461539 0.15865384615384615
0 0.9254807692307693 0.8028846153846154 0.09615384615384616 0.16346153846153846
0 0.8966346153846154 0.5901442307692307 0.08173076923076923 0.1346153846153846
0 0.8762019230769231 0.4987980769230769 0.06009615384615385 0.09134615384615384
0 0.7331730769230769 0.203125 0.04326923076923077 0.08173076923076923