0 0.8701923076923077 0.5300480769230769 0.028846153846153848 0.07211538461538461
0 0.9026442307692307 0.40384615384615385 0.021634615384615384 0.0625
0 0.9651442307692307 0.4423076923076923 0.02403846153846154 0.0673076923076923
0 0.9579326923076923 0.3713942307692308 0.016826923076923076 0.05048076923076923
0 0.9759615384615384 0.3425480769230769 0.009615384615384616 0.04326923076923077
0 0.9819711538461539 0.3713942307692308 0.014423076923076924 0.05048076923076923
0 0.9783653846153846 0.30649038461538464 0.014423076923076924 0.040865384615384616
0 0.9903846153846154 0.26802884615384615 0.009615384615384616 0.03365384615384615
0 0.9254807692307693 0.33052884615384615 0.014423076923076924 0.05048076923076923
0 0.9362980769230769 0.27884615384615385 0.01201923076923077 0.04326923076923077
0 0.953125 0.24759615384615385 0.01201923076923077 0.03365384615384615
0 0.9098557692307693 0.23317307692307693 0.01201923076923077 0.038461538461538464
0 0.8774038461538461 0.24158653846153846 0.014423076923076924 0.038461538461538464
0 0.9026442307692307 0.2920673076923077 0.016826923076923076 0.05048076923076923
0 0.7884615384615384 0.1814903846153846 0.009615384615384616 0.036057692307692304
0 0.8149038461538461 0.203125 0.014423076923076924 0.040865384615384616
0 0.828125 0.23076923076923078 0.014423076923076924 0.04807692307692308
0 0.8149038461538461 0.24278846153846154 0.014423076923076924 0.04807692307692308
0 0.796875 0.27524038461538464 0.016826923076923076 0.04326923076923077
0 0.8221153846153846 0.30288461538461536 0.019230769230769232 0.057692307692307696
0 0.8701923076923077 0.3545673076923077 0.019230769230769232 0.057692307692307696
0 0.7764423076923077 0.4387019230769231 0.02403846153846154 0.08173076923076923
0 0.7704326923076923 0.2932692307692308 0.016826923076923076 0.04807692307692308
0 0.7487980769230769 0.20673076923076922 0.01201923076923077 0.038461538461538464
0 0.7848557692307693 0.21394230769230768 0.016826923076923076 0.04326923076923077
0 0.7536057692307693 0.2403846153846154 0.016826923076923076 0.04807692307692308
0 0.7211538461538461 0.29927884615384615 0.019230769230769232 0.04807692307692308
0 0.7247596153846154 0.22235576923076922 0.014423076923076924 0.04326923076923077
0 0.7007211538461539 0.1466346153846154 0.01201923076923077 0.03365384615384615
0 0.71875 0.16706730769230768 0.014423076923076924 0.038461538461538464
0 0.6911057692307693 0.16826923076923078 0.014423076923076924 0.04326923076923077
0 0.6742788461538461 0.18990384615384615 0.01201923076923077 0.03365384615384615
0 0.6682692307692307 0.2620192307692308 0.019230769230769232 0.04326923076923077
0 0.640625 0.13701923076923078 0.01201923076923077 0.03365384615384615
0 0.6550480769230769 0.14783653846153846 0.01201923076923077 0.036057692307692304
0 0.625 0.16466346153846154 0.019230769230769232 0.03365384615384615
0 0.6286057692307693 0.20072115384615385 0.01201923076923077 0.04567307692307692
0 0.6201923076923077 0.1875 0.009615384615384616 0.038461538461538464
0 0.5877403846153846 0.203125 0.014423076923076924 0.040865384615384616
0 0.6274038461538461 0.3004807692307692 0.019230769230769232 0.0625
0 0.6658653846153846 0.4098557692307692 0.02403846153846154 0.06009615384615385
0 0.6141826923076923 0.3762019230769231 0.02403846153846154 0.0673076923076923
0 0.5673076923076923 0.3485576923076923 0.028846153846153848 0.057692307692307696
0 0.5913461538461539 0.14302884615384615 0.009615384615384616 0.03365384615384615
0 0.6021634615384616 0.14903846153846154 0.01201923076923077 0.028846153846153848
0 0.5649038461538461 0.14903846153846154 0.014423076923076924 0.028846153846153848
0 0.5673076923076923 0.17307692307692307 0.009615384615384616 0.038461538461538464
0 0.5588942307692307 0.22235576923076922 0.014423076923076924 0.04567307692307692
0 0.5432692307692307 0.16826923076923078 0.014423076923076924 0.038461538461538464
0 0.5084134615384616 0.16105769230769232 0.01201923076923077 0.038461538461538464
0 0.5096153846153846 0.21394230769230768 0.009615384615384616 0.04326923076923077
0 0.49158653846153844 0.24519230769230768 0.021634615384615384 0.04807692307692308
0 0.4891826923076923 0.17908653846153846 0.014423076923076924 0.04326923076923077
0 0.44471153846153844 0.20072115384615385 0.014423076923076924 0.040865384615384616
0 0.4266826923076923 0.1814903846153846 0.01201923076923077 0.028846153846153848
0 0.41346153846153844 0.18870192307692307 0.014423076923076924 0.036057692307692304
0 0.41346153846153844 0.24278846153846154 0.014423076923076924 0.038461538461538464
0 0.38221153846153844 0.20432692307692307 0.014423076923076924 0.03365384615384615
0 0.38341346153846156 0.2800480769230769 0.016826923076923076 0.052884615384615384
0 0.44591346153846156 0.32091346153846156 0.021634615384615384 0.06009615384615385
0 0.36658653846153844 0.21634615384615385 0.016826923076923076 0.038461538461538464
0 0.35336538461538464 0.24158653846153846 0.014423076923076924 0.055288461538461536
0 0.328125 0.22355769230769232 0.016826923076923076 0.038461538461538464
0 0.3233173076923077 0.2439903846153846 0.014423076923076924 0.038461538461538464
0 0.27163461538461536 0.25841346153846156 0.014423076923076924 0.04567307692307692
0 0.04567307692307692 0.6706730769230769 0.052884615384615384 0.1201923076923077
0 0.7283653846153846 0.4074519230769231 0.02403846153846154 0.07211538461538461