0 0.06370192307692307 0.4567307692307692 0.08413461538461539 0.1201923076923077
0 0.0985576923076923 0.41225961538461536 0.07211538461538461 0.11538461538461539
0 0.2668269230769231 0.4230769230769231 0.052884615384615384 0.09615384615384616
0 0.35697115384615385 0.43990384615384615 0.028846153846153848 0.052884615384615384
0 0.3894230769230769 0.4579326923076923 0.03365384615384615 0.057692307692307696
0 0.4230769230769231 0.4579326923076923 0.04807692307692308 0.09134615384615384
0 0.453125 0.46274038461538464 0.028846153846153848 0.057692307692307696
0 0.4651442307692308 0.4230769230769231 0.021634615384615384 0.04326923076923077
0 0.5060096153846154 0.40384615384615385 0.04326923076923077 0.07692307692307693
0 0.5396634615384616 0.4326923076923077 0.03365384615384615 0.0625
0 0.8161057692307693 0.44591346153846156 0.055288461538461536 0.08173076923076923
0 0.9290865384615384 0.42908653846153844 0.07692307692307693 0.1201923076923077
0 0.5949519230769231 0.4495192307692308 0.021634615384615384 0.04326923076923077