0 0.0829326923076923 0.484375 0.06971153846153846 0.13221153846153846
0 0.16466346153846154 0.4254807692307692 0.04326923076923077 0.08173076923076923
0 0.20552884615384615 0.41466346153846156 0.03125 0.06971153846153846
0 0.2536057692307692 0.41466346153846156 0.026442307692307692 0.057692307692307696
0 0.2932692307692308 0.4639423076923077 0.057692307692307696 0.11538461538461539
0 0.3317307692307692 0.4110576923076923 0.03365384615384615 0.057692307692307696
0 0.35336538461538464 0.4074519230769231 0.02403846153846154 0.04807692307692308
0 0.36899038461538464 0.3918269230769231 0.021634615384615384 0.04326923076923077
0 0.38221153846153844 0.4074519230769231 0.019230769230769232 0.036057692307692304
0 0.3918269230769231 0.38461538461538464 0.02403846153846154 0.038461538461538464
0 0.4098557692307692 0.42788461538461536 0.02403846153846154 0.04807692307692308
0 0.4495192307692308 0.39783653846153844 0.02403846153846154 0.04567307692307692
0 0.4735576923076923 0.40384615384615385 0.014423076923076924 0.038461538461538464
0 0.4963942307692308 0.5168269230769231 0.07692307692307693 0.16346153846153846
0 0.5264423076923077 0.46153846153846156 0.028846153846153848 0.07692307692307693
0 0.5324519230769231 0.359375 0.02403846153846154 0.036057692307692304
0 0.6394230769230769 0.44350961538461536 0.028846153846153848 0.0673076923076923
0 0.6694711538461539 0.46274038461538464 0.03125 0.07211538461538461
0 0.7163461538461539 0.5144230769230769 0.07692307692307693 0.1346153846153846
0 0.7139423076923077 0.43509615384615385 0.02403846153846154 0.052884615384615384
0 0.7463942307692307 0.4206730769230769 0.019230769230769232 0.03365384615384615
0 0.7596153846153846 0.44471153846153844 0.019230769230769232 0.04326923076923077
0 0.7860576923076923 0.44591346153846156 0.03365384615384615 0.06490384615384616
0 0.8149038461538461 0.44471153846153844 0.03365384615384615 0.07211538461538461
0 0.8413461538461539 0.4699519230769231 0.038461538461538464 0.0673076923076923
0 0.8473557692307693 0.3762019230769231 0.026442307692307692 0.036057692307692304
0 0.9158653846153846 0.5805288461538461 0.07211538461538461 0.11778846153846154
0 0.9338942307692307 0.7824519230769231 0.12980769230769232 0.38461538461538464
0 0.9639423076923077 0.2848557692307692 0.0625 0.12980769230769232