0 0.17427884615384615 0.37259615384615385 0.03365384615384615 0.07211538461538461
0 0.22355769230769232 0.3161057692307692 0.03365384615384615 0.052884615384615384
0 0.19831730769230768 0.28966346153846156 0.021634615384615384 0.05048076923076923
0 0.17908653846153846 0.2932692307692308 0.026442307692307692 0.04807692307692308
0 0.2800480769230769 0.24278846153846154 0.019230769230769232 0.03365384615384615
0 0.296875 0.22956730769230768 0.019230769230769232 0.036057692307692304
0 0.3173076923076923 0.2439903846153846 0.019230769230769232 0.04807692307692308
0 0.34375 0.24759615384615385 0.019230769230769232 0.04326923076923077
0 0.3954326923076923 0.21995192307692307 0.021634615384615384 0.04807692307692308
0 0.4170673076923077 0.23798076923076922 0.028846153846153848 0.04807692307692308
0 0.3581730769230769 0.43149038461538464 0.04326923076923077 0.0889423076923077
0 0.3786057692307692 0.37740384615384615 0.04567307692307692 0.08173076923076923
0 0.3473557692307692 0.5360576923076923 0.055288461538461536 0.11057692307692307