0 0.09495192307692307 0.5576923076923077 0.05048076923076923 0.125
0 0.20192307692307693 0.2860576923076923 0.02403846153846154 0.052884615384615384
0 0.22596153846153846 0.2776442307692308 0.02403846153846154 0.052884615384615384
0 0.27403846153846156 0.22355769230769232 0.019230769230769232 0.052884615384615384
0 0.2800480769230769 0.25 0.021634615384615384 0.04807692307692308
0 0.30649038461538464 0.20192307692307693 0.021634615384615384 0.04807692307692308
0 0.32572115384615385 0.20793269230769232 0.021634615384615384 0.05048076923076923
0 0.34375 0.21754807692307693 0.019230769230769232 0.04807692307692308
0 0.36658653846153844 0.24759615384615385 0.021634615384615384 0.052884615384615384
0 0.36177884615384615 0.1875 0.019230769230769232 0.038461538461538464
0 0.3858173076923077 0.17908653846153846 0.019230769230769232 0.040865384615384616
0 0.3918269230769231 0.22235576923076922 0.02403846153846154 0.05048076923076923
0 0.43149038461538464 0.29447115384615385 0.02403846153846154 0.06009615384615385
0 0.42788461538461536 0.18990384615384615 0.019230769230769232 0.04326923076923077
0 0.4387019230769231 0.1466346153846154 0.016826923076923076 0.03365384615384615
0 0.4543269230769231 0.15144230769230768 0.014423076923076924 0.03365384615384615
0 0.4735576923076923 0.16105769230769232 0.014423076923076924 0.04807692307692308
0 0.4735576923076923 0.23317307692307693 0.02403846153846154 0.052884615384615384
0 0.49038461538461536 0.2091346153846154 0.019230769230769232 0.04807692307692308
0 0.5228365384615384 0.22115384615384615 0.019230769230769232 0.038461538461538464
0 0.5168269230769231 0.15985576923076922 0.02403846153846154 0.04567307692307692
0 0.49278846153846156 0.140625 0.019230769230769232 0.04567307692307692
0 0.5252403846153846 0.1466346153846154 0.019230769230769232 0.038461538461538464
0 0.5528846153846154 0.14182692307692307 0.019230769230769232 0.03365384615384615
0 0.5504807692307693 0.12139423076923077 0.014423076923076924 0.03365384615384615
0 0.5733173076923077 0.12379807692307693 0.016826923076923076 0.040865384615384616
0 0.578125 0.15264423076923078 0.016826923076923076 0.036057692307692304
0 0.5745192307692307 0.1875 0.019230769230769232 0.04807692307692308
0 0.6033653846153846 0.18269230769230768 0.014423076923076924 0.04326923076923077
0 0.6129807692307693 0.16466346153846154 0.019230769230769232 0.036057692307692304
0 0.6045673076923077 0.14423076923076922 0.014423076923076924 0.03365384615384615
0 0.5973557692307693 0.11177884615384616 0.016826923076923076 0.03125
0 0.6322115384615384 0.109375 0.014423076923076924 0.036057692307692304
0 0.6550480769230769 0.13822115384615385 0.016826923076923076 0.028846153846153848
0 0.6538461538461539 0.11658653846153846 0.014423076923076924 0.04326923076923077
0 0.6586538461538461 0.17307692307692307 0.019230769230769232 0.038461538461538464
0 0.6838942307692307 0.14423076923076922 0.016826923076923076 0.04326923076923077
0 0.6911057692307693 0.12980769230769232 0.016826923076923076 0.038461538461538464
0 0.7163461538461539 0.140625 0.019230769230769232 0.04567307692307692
0 0.6899038461538461 0.20552884615384615 0.019230769230769232 0.04807692307692308
0 0.6646634615384616 0.2247596153846154 0.021634615384615384 0.052884615384615384
0 0.6213942307692307 0.28966346153846156 0.026442307692307692 0.06971153846153846
0 0.5733173076923077 0.3173076923076923 0.028846153846153848 0.0673076923076923
0 0.6081730769230769 0.35096153846153844 0.03365384615384615 0.07692307692307693
0 0.6538461538461539 0.40024038461538464 0.028846153846153848 0.07692307692307693
0 0.7235576923076923 0.3858173076923077 0.028846153846153848 0.07211538461538461
0 0.7139423076923077 0.24278846153846154 0.019230769230769232 0.057692307692307696
0 0.7451923076923077 0.21634615384615385 0.019230769230769232 0.052884615384615384
0 0.7512019230769231 0.2800480769230769 0.026442307692307692 0.0625
0 0.8028846153846154 0.2980769230769231 0.02403846153846154 0.0625
0 0.7920673076923077 0.24759615384615385 0.021634615384615384 0.052884615384615384
0 0.7776442307692307 0.20793269230769232 0.02403846153846154 0.05048076923076923
0 0.7632211538461539 0.17307692307692307 0.019230769230769232 0.038461538461538464
0 0.8064903846153846 0.1778846153846154 0.021634615384615384 0.04807692307692308
0 0.8149038461538461 0.21514423076923078 0.014423076923076924 0.04567307692307692
0 0.8305288461538461 0.20192307692307693 0.014423076923076924 0.038461538461538464
0 0.859375 0.21634615384615385 0.014423076923076924 0.03365384615384615
0 0.8737980769230769 0.21995192307692307 0.01201923076923077 0.04567307692307692
0 0.8894230769230769 0.2644230769230769 0.019230769230769232 0.04807692307692308
0 0.9050480769230769 0.22355769230769232 0.014423076923076924 0.052884615384615384
0 0.8569711538461539 0.32572115384615385 0.021634615384615384 0.06009615384615385
0 0.8653846153846154 0.30288461538461536 0.019230769230769232 0.04807692307692308
0 0.8810096153846154 0.38822115384615385 0.026442307692307692 0.06971153846153846
0 0.7944711538461539 0.44591346153846156 0.03365384615384615 0.0985576923076923
0 0.8581730769230769 0.5216346153846154 0.03365384615384615 0.08173076923076923
0 0.9242788461538461 0.31850961538461536 0.019230769230769232 0.052884615384615384
0 0.9326923076923077 0.25961538461538464 0.019230769230769232 0.04807692307692308
0 0.9555288461538461 0.24879807692307693 0.019230769230769232 0.040865384615384616
0 0.984375 0.24879807692307693 0.014423076923076924 0.038461538461538464
0 0.9747596153846154 0.35336538461538464 0.016826923076923076 0.052884615384615384
0 0.9735576923076923 0.31490384615384615 0.014423076923076924 0.038461538461538464
0 0.9459134615384616 0.36778846153846156 0.02403846153846154 0.07211538461538461
0 0.9447115384615384 0.4362980769230769 0.02403846153846154 0.07451923076923077