0 0.06490384615384616 0.41586538461538464 0.03365384615384615 0.0673076923076923
0 0.25600961538461536 0.28125 0.014423076923076924 0.02403846153846154
0 0.27884615384615385 0.28365384615384615 0.019230769230769232 0.028846153846153848
0 0.30528846153846156 0.25961538461538464 0.014423076923076924 0.03365384615384615
0 0.34375 0.2704326923076923 0.014423076923076924 0.038461538461538464
0 0.3137019230769231 0.21875 0.01201923076923077 0.02403846153846154
0 0.3329326923076923 0.22596153846153846 0.016826923076923076 0.028846153846153848
0 0.3605769230769231 0.21634615384615385 0.009615384615384616 0.028846153846153848
0 0.3737980769230769 0.21875 0.014423076923076924 0.02403846153846154
0 0.38221153846153844 0.203125 0.014423076923076924 0.03365384615384615
0 0.40625 0.23317307692307693 0.019230769230769232 0.04326923076923077
0 0.4266826923076923 0.265625 0.019230769230769232 0.036057692307692304
0 0.4411057692307692 0.234375 0.019230769230769232 0.036057692307692304
0 0.46274038461538464 0.22596153846153846 0.019230769230769232 0.038461538461538464
0 0.4098557692307692 0.17067307692307693 0.016826923076923076 0.02403846153846154
0 0.4387019230769231 0.1971153846153846 0.014423076923076924 0.028846153846153848
0 0.46875 0.18389423076923078 0.014423076923076924 0.028846153846153848
0 0.4519230769230769 0.1814903846153846 0.009615384615384616 0.019230769230769232
0 0.42908653846153844 0.18509615384615385 0.01201923076923077 0.02403846153846154
0 0.44711538461538464 0.14423076923076922 0.014423076923076924 0.028846153846153848
0 0.4675480769230769 0.1502403846153846 0.01201923076923077 0.026442307692307692
0 0.48197115384615385 0.1622596153846154 0.01201923076923077 0.028846153846153848
0 0.484375 0.12860576923076922 0.01201923076923077 0.026442307692307692
0 0.5072115384615384 0.18389423076923078 0.014423076923076924 0.03125
0 0.5348557692307693 0.18629807692307693 0.019230769230769232 0.03125
0 0.5372596153846154 0.15504807692307693 0.014423076923076924 0.026442307692307692
0 0.5240384615384616 0.13701923076923078 0.009615384615384616 0.03365384615384615
0 0.5480769230769231 0.140625 0.009615384615384616 0.036057692307692304
0 0.5721153846153846 0.15865384615384615 0.014423076923076924 0.028846153846153848
0 0.578125 0.13942307692307693 0.014423076923076924 0.028846153846153848
0 0.5661057692307693 0.109375 0.01201923076923077 0.021634615384615384
0 0.5817307692307693 0.10216346153846154 0.009615384615384616 0.021634615384615384
0 0.5901442307692307 0.11778846153846154 0.01201923076923077 0.028846153846153848
0 0.609375 0.1346153846153846 0.014423076923076924 0.028846153846153848
0 0.625 0.11778846153846154 0.009615384615384616 0.02403846153846154
0 0.6237980769230769 0.0985576923076923 0.009615384615384616 0.02403846153846154
0 0.6466346153846154 0.09375 0.014423076923076924 0.02403846153846154
0 0.6658653846153846 0.11538461538461539 0.014423076923076924 0.028846153846153848
0 0.6838942307692307 0.09975961538461539 0.01201923076923077 0.028846153846153848
0 0.5372596153846154 0.3112980769230769 0.02403846153846154 0.04807692307692308
0 0.4795673076923077 0.28725961538461536 0.021634615384615384 0.04567307692307692
0 0.5673076923076923 0.24158653846153846 0.019230769230769232 0.04326923076923077
0 0.6021634615384616 0.25240384615384615 0.021634615384615384 0.04807692307692308
0 0.6129807692307693 0.20552884615384615 0.019230769230769232 0.03365384615384615
0 0.6550480769230769 0.21153846153846154 0.019230769230769232 0.04326923076923077
0 0.6466346153846154 0.171875 0.014423076923076924 0.03365384615384615
0 0.6778846153846154 0.15745192307692307 0.019230769230769232 0.036057692307692304
0 0.6995192307692307 0.1971153846153846 0.02403846153846154 0.04807692307692308
0 0.7067307692307693 0.171875 0.014423076923076924 0.03125
0 0.7211538461538461 0.15745192307692307 0.019230769230769232 0.03125
0 0.6634615384615384 0.2548076923076923 0.019230769230769232 0.038461538461538464
0 0.6646634615384616 0.3425480769230769 0.02403846153846154 0.052884615384615384
0 0.5925480769230769 0.34375 0.026442307692307692 0.052884615384615384
0 0.7067307692307693 0.27884615384615385 0.019230769230769232 0.04807692307692308
0 0.7764423076923077 0.28846153846153844 0.02403846153846154 0.04807692307692308
0 0.7704326923076923 0.2247596153846154 0.019230769230769232 0.04326923076923077
0 0.7355769230769231 0.19110576923076922 0.019230769230769232 0.03125
0 0.7692307692307693 0.15985576923076922 0.009615384615384616 0.021634615384615384
0 0.734375 0.14423076923076922 0.01201923076923077 0.019230769230769232
0 0.7307692307692307 0.12620192307692307 0.009615384615384616 0.026442307692307692
0 0.7524038461538461 0.1045673076923077 0.014423076923076924 0.026442307692307692
0 0.7752403846153846 0.12379807692307693 0.01201923076923077 0.02403846153846154
0 0.765625 0.12860576923076922 0.01201923076923077 0.026442307692307692
0 0.7896634615384616 0.1310096153846154 0.01201923076923077 0.026442307692307692
0 0.8028846153846154 0.12139423076923077 0.009615384615384616 0.028846153846153848
0 0.8245192307692307 0.13942307692307693 0.014423076923076924 0.028846153846153848
0 0.7932692307692307 0.15985576923076922 0.019230769230769232 0.03125
0 0.8329326923076923 0.16706730769230768 0.014423076923076924 0.03125
0 0.8401442307692307 0.18389423076923078 0.01201923076923077 0.03125
0 0.8161057692307693 0.2512019230769231 0.014423076923076924 0.036057692307692304
0 0.8641826923076923 0.22956730769230768 0.014423076923076924 0.038461538461538464
0 0.8858173076923077 0.19230769230769232 0.01201923076923077 0.028846153846153848
0 0.8725961538461539 0.16947115384615385 0.014423076923076924 0.03125
0 0.859375 0.12860576923076922 0.01201923076923077 0.021634615384615384
0 0.8605769230769231 0.15865384615384615 0.009615384615384616 0.028846153846153848
0 0.8870192307692307 0.12860576923076922 0.009615384615384616 0.028846153846153848
0 0.8930288461538461 0.15985576923076922 0.01201923076923077 0.026442307692307692
0 0.921875 0.20552884615384615 0.014423076923076924 0.03125
0 0.9170673076923077 0.17548076923076922 0.01201923076923077 0.02403846153846154
0 0.9206730769230769 0.15384615384615385 0.014423076923076924 0.019230769230769232
0 0.9242788461538461 0.26802884615384615 0.019230769230769232 0.04807692307692308