0 0.10697115384615384 0.5480769230769231 0.04567307692307692 0.10096153846153846
0 0.2127403846153846 0.2668269230769231 0.01201923076923077 0.02403846153846154
0 0.2247596153846154 0.30288461538461536 0.026442307692307692 0.04807692307692308
0 0.27163461538461536 0.24278846153846154 0.014423076923076924 0.04807692307692308
0 0.30408653846153844 0.24519230769230768 0.016826923076923076 0.038461538461538464
0 0.3233173076923077 0.234375 0.019230769230769232 0.05048076923076923
0 0.34134615384615385 0.21995192307692307 0.019230769230769232 0.038461538461538464
0 0.3605769230769231 0.2668269230769231 0.019230769230769232 0.052884615384615384
0 0.390625 0.2548076923076923 0.014423076923076924 0.03365384615384615
0 0.38221153846153844 0.19951923076923078 0.014423076923076924 0.03365384615384615
0 0.4375 0.3112980769230769 0.019230769230769232 0.057692307692307696
0 0.4254807692307692 0.20673076923076922 0.014423076923076924 0.04807692307692308
0 0.4375 0.1658653846153846 0.009615384615384616 0.03365384615384615
0 0.4675480769230769 0.2536057692307692 0.019230769230769232 0.052884615384615384
0 0.4879807692307692 0.15625 0.014423076923076924 0.03365384615384615
0 0.4951923076923077 0.21514423076923078 0.019230769230769232 0.04807692307692308
0 0.5144230769230769 0.17668269230769232 0.019230769230769232 0.036057692307692304
0 0.5444711538461539 0.23076923076923078 0.016826923076923076 0.038461538461538464
0 0.5576923076923077 0.1658653846153846 0.019230769230769232 0.038461538461538464
0 0.5504807692307693 0.13942307692307693 0.014423076923076924 0.03365384615384615
0 0.5721153846153846 0.140625 0.009615384615384616 0.038461538461538464
0 0.59375 0.12860576923076922 0.014423076923076924 0.03365384615384615
0 0.609375 0.1814903846153846 0.016826923076923076 0.038461538461538464
0 0.6213942307692307 0.20192307692307693 0.014423076923076924 0.038461538461538464
0 0.6262019230769231 0.13341346153846154 0.01201923076923077 0.03365384615384615
0 0.6514423076923077 0.14783653846153846 0.014423076923076924 0.036057692307692304
0 0.6634615384615384 0.13221153846153846 0.009615384615384616 0.03365384615384615
0 0.6538461538461539 0.18870192307692307 0.014423076923076924 0.036057692307692304
0 0.7127403846153846 0.15625 0.014423076923076924 0.03365384615384615
0 0.5697115384615384 0.33413461538461536 0.019230769230769232 0.04326923076923077
0 0.5889423076923077 0.4014423076923077 0.019230769230769232 0.07211538461538461
0 0.6057692307692307 0.3076923076923077 0.019230769230769232 0.052884615384615384
0 0.6574519230769231 0.4110576923076923 0.026442307692307692 0.057692307692307696
0 0.71875 0.421875 0.028846153846153848 0.06490384615384616
0 0.7836538461538461 0.45913461538461536 0.028846153846153848 0.08173076923076923
0 0.8774038461538461 0.4831730769230769 0.02403846153846154 0.07692307692307693
0 0.8894230769230769 0.40024038461538464 0.019230769230769232 0.06009615384615385
0 0.9603365384615384 0.4495192307692308 0.021634615384615384 0.0673076923076923
0 0.6598557692307693 0.25721153846153844 0.02403846153846154 0.057692307692307696
0 0.6947115384615384 0.21995192307692307 0.019230769230769232 0.04326923076923077
0 0.7103365384615384 0.27524038461538464 0.016826923076923076 0.057692307692307696
0 0.7512019230769231 0.2980769230769231 0.02403846153846154 0.0673076923076923
0 0.7391826923076923 0.23677884615384615 0.019230769230769232 0.04567307692307692
0 0.7451923076923077 0.1971153846153846 0.014423076923076924 0.04326923076923077
0 0.7692307692307693 0.18990384615384615 0.009615384615384616 0.04807692307692308
0 0.8088942307692307 0.19110576923076922 0.016826923076923076 0.036057692307692304
0 0.7836538461538461 0.21754807692307693 0.019230769230769232 0.038461538461538464
0 0.7980769230769231 0.25 0.019230769230769232 0.052884615384615384
0 0.8221153846153846 0.23317307692307693 0.019230769230769232 0.052884615384615384
0 0.8149038461538461 0.30288461538461536 0.02403846153846154 0.057692307692307696
0 0.84375 0.22115384615384615 0.014423076923076924 0.04807692307692308
0 0.8701923076923077 0.23677884615384615 0.019230769230769232 0.04326923076923077
0 0.8822115384615384 0.22235576923076922 0.014423076923076924 0.028846153846153848
0 0.90625 0.23076923076923078 0.014423076923076924 0.03365384615384615
0 0.9026442307692307 0.26322115384615385 0.019230769230769232 0.04326923076923077
0 0.9314903846153846 0.27403846153846156 0.014423076923076924 0.04326923076923077
0 0.9543269230769231 0.2536057692307692 0.014423076923076924 0.036057692307692304
0 0.9891826923076923 0.25841346153846156 0.014423076923076924 0.036057692307692304
0 0.8677884615384616 0.32211538461538464 0.02403846153846154 0.057692307692307696
0 0.9278846153846154 0.33653846153846156 0.019230769230769232 0.057692307692307696
0 0.9759615384615384 0.37259615384615385 0.019230769230769232 0.052884615384615384
0 0.8473557692307693 0.38341346153846156 0.019230769230769232 0.055288461538461536
0 0.6033653846153846 0.15865384615384615 0.014423076923076924 0.028846153846153848
0 0.5793269230769231 0.17668269230769232 0.014423076923076924 0.04326923076923077
0 0.3581730769230769 0.20072115384615385 0.014423076923076924 0.03365384615384615
0 0.9759615384615384 0.33653846153846156 0.014423076923076924 0.04326923076923077
0 0.8894230769230769 0.2980769230769231 0.019230769230769232 0.04807692307692308
0 0.6875 0.14302884615384615 0.014423076923076924 0.036057692307692304
0 0.6923076923076923 0.15625 0.019230769230769232 0.03365384615384615