0 0.20072115384615385 0.40024038461538464 0.036057692307692304 0.07451923076923077
0 0.14783653846153846 0.29927884615384615 0.021634615384615384 0.04807692307692308
0 0.27163461538461536 0.2403846153846154 0.014423076923076924 0.038461538461538464
0 0.296875 0.25240384615384615 0.019230769230769232 0.038461538461538464
0 0.3641826923076923 0.19951923076923078 0.019230769230769232 0.03365384615384615
0 0.34615384615384615 0.21995192307692307 0.019230769230769232 0.038461538461538464
0 0.38341346153846156 0.2608173076923077 0.021634615384615384 0.040865384615384616
0 0.34615384615384615 0.26322115384615385 0.019230769230769232 0.03365384615384615
0 0.36538461538461536 0.2644230769230769 0.02403846153846154 0.04807692307692308
0 0.3125 0.22716346153846154 0.019230769230769232 0.036057692307692304
0 0.38221153846153844 0.20552884615384615 0.019230769230769232 0.03365384615384615
0 0.40865384615384615 0.18990384615384615 0.019230769230769232 0.028846153846153848
0 0.43028846153846156 0.23918269230769232 0.019230769230769232 0.036057692307692304
0 0.4423076923076923 0.1778846153846154 0.014423076923076924 0.038461538461538464
0 0.47475961538461536 0.234375 0.016826923076923076 0.04807692307692308
0 0.5072115384615384 0.19110576923076922 0.019230769230769232 0.028846153846153848
0 0.4963942307692308 0.15504807692307693 0.01201923076923077 0.026442307692307692
0 0.5709134615384616 0.125 0.014423076923076924 0.028846153846153848
0 0.53125 0.19471153846153846 0.02403846153846154 0.04326923076923077
0 0.5420673076923077 0.16466346153846154 0.014423076923076924 0.036057692307692304
0 0.49038461538461536 0.3088942307692308 0.019230769230769232 0.04567307692307692
0 0.5408653846153846 0.31490384615384615 0.02403846153846154 0.0625
0 0.6165865384615384 0.328125 0.026442307692307692 0.0625
0 0.5985576923076923 0.12259615384615384 0.014423076923076924 0.03365384615384615
0 0.6141826923076923 0.12980769230769232 0.01201923076923077 0.028846153846153848
0 0.6478365384615384 0.12139423076923077 0.01201923076923077 0.03365384615384615
0 0.5949519230769231 0.17067307692307693 0.01201923076923077 0.02403846153846154
0 0.5829326923076923 0.22235576923076922 0.016826923076923076 0.040865384615384616
0 0.6105769230769231 0.2692307692307692 0.02403846153846154 0.04807692307692308
0 0.6213942307692307 0.2127403846153846 0.026442307692307692 0.040865384615384616
0 0.6911057692307693 0.14903846153846154 0.019230769230769232 0.04807692307692308
0 0.671875 0.20432692307692307 0.026442307692307692 0.04326923076923077
0 0.6694711538461539 0.2548076923076923 0.02403846153846154 0.04807692307692308
0 0.6983173076923077 0.20192307692307693 0.021634615384615384 0.038461538461538464
0 0.7139423076923077 0.23076923076923078 0.02403846153846154 0.04807692307692308
0 0.7163461538461539 0.1466346153846154 0.019230769230769232 0.03365384615384615
0 0.7247596153846154 0.16947115384615385 0.016826923076923076 0.03365384615384615
0 0.7175480769230769 0.28365384615384615 0.026442307692307692 0.052884615384615384
0 0.7776442307692307 0.13221153846153846 0.014423076923076924 0.028846153846153848
0 0.7704326923076923 0.17427884615384615 0.014423076923076924 0.03125
0 0.7439903846153846 0.1310096153846154 0.016826923076923076 0.02403846153846154
0 0.8317307692307693 0.140625 0.019230769230769232 0.036057692307692304
0 0.8137019230769231 0.17548076923076922 0.021634615384615384 0.04326923076923077
0 0.7992788461538461 0.19591346153846154 0.016826923076923076 0.040865384615384616
0 0.7487980769230769 0.20432692307692307 0.016826923076923076 0.04326923076923077
0 0.7788461538461539 0.22115384615384615 0.028846153846153848 0.052884615384615384
0 0.7980769230769231 0.24519230769230768 0.02403846153846154 0.04807692307692308
0 0.8317307692307693 0.20192307692307693 0.028846153846153848 0.038461538461538464
0 0.8641826923076923 0.16947115384615385 0.016826923076923076 0.038461538461538464
0 0.8521634615384616 0.19230769230769232 0.03125 0.04807692307692308
0 0.9002403846153846 0.1502403846153846 0.019230769230769232 0.03125
0 0.8990384615384616 0.17427884615384615 0.019230769230769232 0.036057692307692304
0 0.8846153846153846 0.17908653846153846 0.019230769230769232 0.03365384615384615
0 0.8966346153846154 0.20072115384615385 0.02403846153846154 0.04326923076923077
0 0.8665865384615384 0.25600961538461536 0.026442307692307692 0.05048076923076923
0 0.8449519230769231 0.3425480769230769 0.026442307692307692 0.057692307692307696
0 0.9326923076923077 0.23317307692307693 0.019230769230769232 0.052884615384615384
0 0.9278846153846154 0.28125 0.019230769230769232 0.04326923076923077
0 0.6225961538461539 0.1466346153846154 0.014423076923076924 0.03365384615384615
0 0.4014423076923077 0.2247596153846154 0.02403846153846154 0.03125
0 0.5817307692307693 0.14302884615384615 0.009615384615384616 0.028846153846153848
0 0.6766826923076923 0.18269230769230768 0.019230769230769232 0.04326923076923077
0 0.7956730769230769 0.15745192307692307 0.014423076923076924 0.026442307692307692