0 0.0733173076923077 0.5072115384615384 0.05048076923076923 0.1201923076923077
0 0.25600961538461536 0.2800480769230769 0.016826923076923076 0.03125
0 0.27524038461538464 0.27884615384615385 0.016826923076923076 0.038461538461538464
0 0.30288461538461536 0.25721153846153844 0.019230769230769232 0.04326923076923077
0 0.3125 0.23317307692307693 0.014423076923076924 0.028846153846153848
0 0.3401442307692308 0.21514423076923078 0.019230769230769232 0.03365384615384615
0 0.3737980769230769 0.21394230769230768 0.014423076923076924 0.03365384615384615
0 0.38100961538461536 0.203125 0.019230769230769232 0.036057692307692304
0 0.40865384615384615 0.17067307692307693 0.019230769230769232 0.02403846153846154
0 0.4495192307692308 0.14543269230769232 0.014423076923076924 0.026442307692307692
0 0.48197115384615385 0.1310096153846154 0.014423076923076924 0.026442307692307692
0 0.47716346153846156 0.1466346153846154 0.019230769230769232 0.02403846153846154
0 0.43028846153846156 0.19230769230769232 0.014423076923076924 0.028846153846153848
0 0.4387019230769231 0.23798076923076922 0.021634615384615384 0.03365384615384615
0 0.4639423076923077 0.19471153846153846 0.014423076923076924 0.03365384615384615
0 0.49158653846153844 0.18870192307692307 0.016826923076923076 0.026442307692307692
0 0.46274038461538464 0.23317307692307693 0.019230769230769232 0.03365384615384615
0 0.53125 0.13701923076923078 0.014423076923076924 0.03365384615384615
0 0.5600961538461539 0.11538461538461539 0.014423076923076924 0.028846153846153848
0 0.5516826923076923 0.13341346153846154 0.01201923076923077 0.026442307692307692
0 0.5396634615384616 0.203125 0.02403846153846154 0.038461538461538464
0 0.5721153846153846 0.16346153846153846 0.019230769230769232 0.038461538461538464
0 0.5829326923076923 0.12980769230769232 0.02403846153846154 0.028846153846153848
0 0.5985576923076923 0.0985576923076923 0.014423076923076924 0.03365384615384615
0 0.6286057692307693 0.09735576923076923 0.014423076923076924 0.028846153846153848
0 0.6189903846153846 0.13341346153846154 0.019230769230769232 0.038461538461538464
0 0.6045673076923077 0.20673076923076922 0.016826923076923076 0.03365384615384615
0 0.5588942307692307 0.29086538461538464 0.02403846153846154 0.052884615384615384
0 0.47716346153846156 0.30408653846153844 0.02403846153846154 0.055288461538461536
0 0.6021634615384616 0.26802884615384615 0.028846153846153848 0.052884615384615384
0 0.6466346153846154 0.1141826923076923 0.014423076923076924 0.026442307692307692
0 0.671875 0.11177884615384616 0.01201923076923077 0.028846153846153848
0 0.6838942307692307 0.10697115384615384 0.01201923076923077 0.026442307692307692
0 0.6502403846153846 0.17067307692307693 0.019230769230769232 0.03365384615384615
0 0.6826923076923077 0.18269230769230768 0.014423076923076924 0.04807692307692308
0 0.6586538461538461 0.25841346153846156 0.019230769230769232 0.055288461538461536
0 0.6057692307692307 0.3389423076923077 0.028846153846153848 0.07211538461538461
0 0.6682692307692307 0.33653846153846156 0.028846153846153848 0.0673076923076923
0 0.7091346153846154 0.13701923076923078 0.02403846153846154 0.04326923076923077
0 0.7307692307692307 0.12259615384615384 0.014423076923076924 0.04326923076923077
0 0.7043269230769231 0.21514423076923078 0.02403846153846154 0.04567307692307692
0 0.7151442307692307 0.2764423076923077 0.03125 0.04807692307692308
0 0.7295673076923077 0.19471153846153846 0.016826923076923076 0.04326923076923077
0 0.7536057692307693 0.09735576923076923 0.01201923076923077 0.021634615384615384
0 0.7524038461538461 0.23918269230769232 0.02403846153846154 0.05048076923076923
0 0.7800480769230769 0.11899038461538461 0.01201923076923077 0.026442307692307692
0 0.7776442307692307 0.15985576923076922 0.016826923076923076 0.03365384615384615
0 0.78125 0.28725961538461536 0.019230769230769232 0.055288461538461536
0 0.8112980769230769 0.24158653846153846 0.019230769230769232 0.052884615384615384
0 0.7932692307692307 0.12379807692307693 0.009615384615384616 0.03125
0 0.7980769230769231 0.1778846153846154 0.019230769230769232 0.04807692307692308
0 0.8112980769230769 0.12860576923076922 0.009615384615384616 0.021634615384615384
0 0.8293269230769231 0.13581730769230768 0.014423076923076924 0.03125
0 0.8473557692307693 0.18509615384615385 0.021634615384615384 0.04326923076923077
0 0.8701923076923077 0.12379807692307693 0.009615384615384616 0.03125
0 0.8665865384615384 0.22115384615384615 0.01201923076923077 0.028846153846153848
0 0.9014423076923077 0.13221153846153846 0.014423076923076924 0.03365384615384615
0 0.890625 0.19951923076923078 0.016826923076923076 0.03365384615384615
0 0.9254807692307693 0.1658653846153846 0.014423076923076924 0.03365384615384615
0 0.9266826923076923 0.15745192307692307 0.014423076923076924 0.03365384615384615
0 0.9254807692307693 0.1935096153846154 0.014423076923076924 0.03125
0 0.9278846153846154 0.26802884615384615 0.02403846153846154 0.04807692307692308
0 0.8617788461538461 0.15985576923076922 0.016826923076923076 0.03125
0 0.8137019230769231 0.16826923076923078 0.016826923076923076 0.028846153846153848
0 0.7403846153846154 0.15745192307692307 0.019230769230769232 0.04326923076923077
0 0.6658653846153846 0.20192307692307693 0.02403846153846154 0.052884615384615384
0 0.40865384615384615 0.21514423076923078 0.019230769230769232 0.03365384615384615
0 0.4338942307692308 0.27283653846153844 0.019230769230769232 0.04326923076923077
0 0.33774038461538464 0.2644230769230769 0.019230769230769232 0.038461538461538464
0 0.38461538461538464 0.21634615384615385 0.014423076923076924 0.038461538461538464
0 0.6814903846153846 0.14302884615384615 0.019230769230769232 0.03125
0 0.7668269230769231 0.12980769230769232 0.019230769230769232 0.028846153846153848