0 0.07692307692307693 0.7524038461538461 0.057692307692307696 0.08173076923076923
0 0.2283653846153846 0.734375 0.04326923076923077 0.0673076923076923
0 0.2536057692307692 0.7992788461538461 0.06009615384615385 0.08173076923076923
0 0.39663461538461536 0.8269230769230769 0.052884615384615384 0.08653846153846154
0 0.3449519230769231 0.6899038461538461 0.04326923076923077 0.052884615384615384
0 0.4483173076923077 0.734375 0.05048076923076923 0.07211538461538461
0 0.49158653846153844 0.7079326923076923 0.038461538461538464 0.06009615384615385
0 0.6346153846153846 0.5036057692307693 0.04807692307692308 0.057692307692307696
0 0.6045673076923077 0.75 0.06009615384615385 0.0625
0 0.8509615384615384 0.7596153846153846 0.0673076923076923 0.0673076923076923
0 0.7788461538461539 0.8521634615384616 0.0673076923076923 0.10817307692307693
0 0.8509615384615384 0.6802884615384616 0.04807692307692308 0.0625