0 0.11057692307692307 0.43149038461538464 0.04807692307692308 0.07451923076923077
0 0.14182692307692307 0.4074519230769231 0.03365384615384615 0.07692307692307693
0 0.1658653846153846 0.4723557692307692 0.04326923076923077 0.08653846153846154
0 0.21153846153846154 0.5132211538461539 0.04807692307692308 0.08413461538461539
0 0.20192307692307693 0.4266826923076923 0.04326923076923077 0.07211538461538461
0 0.23557692307692307 0.4266826923076923 0.03365384615384615 0.06009615384615385
0 0.2764423076923077 0.421875 0.03365384615384615 0.06009615384615385
0 0.30528846153846156 0.40384615384615385 0.03365384615384615 0.07692307692307693
0 0.28846153846153844 0.5 0.04807692307692308 0.07692307692307693
0 0.33774038461538464 0.49278846153846156 0.038461538461538464 0.07211538461538461
0 0.3485576923076923 0.4110576923076923 0.028846153846153848 0.0625
0 0.38461538461538464 0.4266826923076923 0.038461538461538464 0.06490384615384616
0 0.40865384615384615 0.5901442307692307 0.057692307692307696 0.09134615384615384
0 0.4519230769230769 0.46274038461538464 0.038461538461538464 0.07211538461538461
0 0.4387019230769231 0.38221153846153844 0.038461538461538464 0.07211538461538461
0 0.4855769230769231 0.4098557692307692 0.03365384615384615 0.07211538461538461
0 0.5096153846153846 0.4411057692307692 0.03365384615384615 0.07451923076923077
0 0.546875 0.43990384615384615 0.03365384615384615 0.07211538461538461
0 0.5889423076923077 0.5264423076923077 0.038461538461538464 0.08173076923076923
0 0.5793269230769231 0.4423076923076923 0.03365384615384615 0.07692307692307693
0 0.6153846153846154 0.4110576923076923 0.038461538461538464 0.0625
0 0.6538461538461539 0.48677884615384615 0.038461538461538464 0.07451923076923077
0 0.6634615384615384 0.4362980769230769 0.03365384615384615 0.0625
0 0.6923076923076923 0.42788461538461536 0.028846153846153848 0.057692307692307696
0 0.6935096153846154 0.49038461538461536 0.03125 0.07211538461538461
0 0.7247596153846154 0.5024038461538461 0.03125 0.07211538461538461
0 0.7644230769230769 0.48677884615384615 0.038461538461538464 0.07932692307692307
0 0.7487980769230769 0.4254807692307692 0.03365384615384615 0.0625
0 0.7680288461538461 0.4098557692307692 0.026442307692307692 0.06009615384615385
0 0.8137019230769231 0.4182692307692308 0.03365384615384615 0.0625
0 0.8221153846153846 0.5180288461538461 0.038461538461538464 0.08653846153846154
0 0.8677884615384616 0.48197115384615385 0.04326923076923077 0.07211538461538461
0 0.8521634615384616 0.4098557692307692 0.03125 0.06009615384615385
0 0.8978365384615384 0.4423076923076923 0.03365384615384615 0.07692307692307693
0 0.9230769230769231 0.44471153846153844 0.028846153846153848 0.07211538461538461
0 0.9483173076923077 0.46634615384615385 0.040865384615384616 0.057692307692307696