0 0.04326923076923077 0.3317307692307692 0.04807692307692308 0.07692307692307693
0 0.037259615384615384 0.28365384615384615 0.04326923076923077 0.07211538461538461
0 0.016826923076923076 0.171875 0.03365384615384615 0.052884615384615384
0 0.10336538461538461 0.2920673076923077 0.03365384615384615 0.06009615384615385
0 0.10216346153846154 0.390625 0.057692307692307696 0.0985576923076923
0 0.15144230769230768 0.3317307692307692 0.038461538461538464 0.07692307692307693
0 0.19951923076923078 0.2980769230769231 0.03365384615384615 0.057692307692307696
0 0.22716346153846154 0.2920673076923077 0.026442307692307692 0.06009615384615385
0 0.25961538461538464 0.39302884615384615 0.052884615384615384 0.0985576923076923
0 0.296875 0.4519230769230769 0.057692307692307696 0.11538461538461539
0 0.28966346153846156 0.33413461538461536 0.026442307692307692 0.052884615384615384
0 0.3088942307692308 0.2956730769230769 0.028846153846153848 0.04326923076923077
0 0.38100961538461536 0.3112980769230769 0.03125 0.055288461538461536
0 0.37259615384615385 0.3581730769230769 0.03365384615384615 0.0625
0 0.41466346153846156 0.39903846153846156 0.04326923076923077 0.08173076923076923
0 0.4423076923076923 0.4579326923076923 0.04807692307692308 0.09134615384615384
0 0.4807692307692308 0.3389423076923077 0.02403846153846154 0.052884615384615384
0 0.5060096153846154 0.3701923076923077 0.028846153846153848 0.0673076923076923
0 0.5252403846153846 0.38221153846153844 0.03365384615384615 0.0673076923076923
0 0.5612980769230769 0.4411057692307692 0.04326923076923077 0.08413461538461539
0 0.5673076923076923 0.34975961538461536 0.028846153846153848 0.05048076923076923
0 0.5685096153846154 0.31971153846153844 0.02403846153846154 0.052884615384615384
0 0.6021634615384616 0.3737980769230769 0.03365384615384615 0.0673076923076923
0 0.6586538461538461 0.33653846153846156 0.028846153846153848 0.04807692307692308
0 0.6838942307692307 0.359375 0.028846153846153848 0.057692307692307696
0 0.6971153846153846 0.3798076923076923 0.028846153846153848 0.057692307692307696
0 0.6802884615384616 0.4411057692307692 0.04326923076923077 0.07451923076923077
0 0.7271634615384616 0.3389423076923077 0.028846153846153848 0.052884615384615384
0 0.7800480769230769 0.35336538461538464 0.03365384615384615 0.052884615384615384
0 0.7944711538461539 0.3894230769230769 0.03365384615384615 0.0625
0 0.8257211538461539 0.42788461538461536 0.036057692307692304 0.07692307692307693
0 0.9399038461538461 0.2980769230769231 0.028846153846153848 0.04807692307692308