0 0.14182692307692307 0.23918269230769232 0.019230769230769232 0.03125
0 0.18269230769230768 0.265625 0.028846153846153848 0.040865384615384616
0 0.2548076923076923 0.21754807692307693 0.019230769230769232 0.038461538461538464
0 0.28966346153846156 0.28725961538461536 0.02403846153846154 0.055288461538461536
0 0.3293269230769231 0.20192307692307693 0.019230769230769232 0.028846153846153848
0 0.3629807692307692 0.25961538461538464 0.028846153846153848 0.04807692307692308
0 0.3641826923076923 0.21514423076923078 0.021634615384615384 0.03125
0 0.39663461538461536 0.17427884615384615 0.02403846153846154 0.04326923076923077
0 0.5324519230769231 0.19951923076923078 0.02403846153846154 0.052884615384615384
0 0.6069711538461539 0.24519230769230768 0.02403846153846154 0.052884615384615384
0 0.6334134615384616 0.2439903846153846 0.016826923076923076 0.04326923076923077
0 0.34975961538461536 0.2127403846153846 0.019230769230769232 0.038461538461538464
0 0.3545673076923077 0.18389423076923078 0.02403846153846154 0.03125