0 0.054086538461538464 0.3545673076923077 0.01201923076923077 0.03125
0 0.19230769230769232 0.24639423076923078 0.019230769230769232 0.03125
0 0.31490384615384615 0.24759615384615385 0.02403846153846154 0.04326923076923077
0 0.5564903846153846 0.13581730769230768 0.01201923076923077 0.026442307692307692
0 0.5661057692307693 0.13701923076923078 0.016826923076923076 0.03365384615384615
0 0.5 0.3125 0.028846153846153848 0.04807692307692308
0 0.5528846153846154 0.3389423076923077 0.028846153846153848 0.052884615384615384
0 0.6237980769230769 0.2704326923076923 0.021634615384615384 0.04567307692307692
0 0.7848557692307693 0.32091346153846156 0.03125 0.04567307692307692
0 0.9290865384615384 0.15144230769230768 0.01201923076923077 0.02403846153846154
0 0.9555288461538461 0.15745192307692307 0.01201923076923077 0.028846153846153848