0 0.16947115384615385 0.4651442307692308 0.038461538461538464 0.08653846153846154
0 0.21394230769230768 0.3485576923076923 0.014423076923076924 0.02403846153846154
0 0.2536057692307692 0.3473557692307692 0.019230769230769232 0.040865384615384616
0 0.2776442307692308 0.36899038461538464 0.016826923076923076 0.03365384615384615
0 0.2824519230769231 0.30649038461538464 0.014423076923076924 0.028846153846153848
0 0.3161057692307692 0.37740384615384615 0.019230769230769232 0.04326923076923077
0 0.3473557692307692 0.3269230769230769 0.01201923076923077 0.028846153846153848
0 0.3485576923076923 0.2956730769230769 0.014423076923076924 0.02403846153846154
0 0.3737980769230769 0.3293269230769231 0.01201923076923077 0.03365384615384615
0 0.39783653846153844 0.3389423076923077 0.014423076923076924 0.03365384615384615
0 0.42908653846153844 0.3449519230769231 0.016826923076923076 0.036057692307692304
0 0.39783653846153844 0.296875 0.01201923076923077 0.026442307692307692
0 0.3942307692307692 0.24639423076923078 0.009615384615384616 0.03365384615384615
0 0.4254807692307692 0.30649038461538464 0.014423076923076924 0.028846153846153848
0 0.4326923076923077 0.265625 0.014423076923076924 0.021634615384615384
0 0.4170673076923077 0.2512019230769231 0.01201923076923077 0.02403846153846154
0 0.45913461538461536 0.265625 0.014423076923076924 0.02403846153846154
0 0.4519230769230769 0.2403846153846154 0.009615384615384616 0.019230769230769232
0 0.4807692307692308 0.26802884615384615 0.009615384615384616 0.026442307692307692
0 0.5012019230769231 0.2956730769230769 0.014423076923076924 0.02403846153846154
0 0.49278846153846156 0.25721153846153844 0.009615384615384616 0.02403846153846154
0 0.4987980769230769 0.24158653846153846 0.01201923076923077 0.02403846153846154
0 0.5180288461538461 0.2512019230769231 0.01201923076923077 0.028846153846153848
0 0.5420673076923077 0.2247596153846154 0.009615384615384616 0.02403846153846154
0 0.5540865384615384 0.24278846153846154 0.009615384615384616 0.02403846153846154
0 0.5564903846153846 0.20432692307692307 0.009615384615384616 0.02403846153846154
0 0.5540865384615384 0.27524038461538464 0.01201923076923077 0.026442307692307692
0 0.5588942307692307 0.265625 0.01201923076923077 0.019230769230769232
0 0.5685096153846154 0.2512019230769231 0.009615384615384616 0.02403846153846154
0 0.5841346153846154 0.23677884615384615 0.014423076923076924 0.021634615384615384
0 0.59375 0.20793269230769232 0.009615384615384616 0.026442307692307692
0 0.6069711538461539 0.20793269230769232 0.01201923076923077 0.02403846153846154
0 0.6081730769230769 0.234375 0.014423076923076924 0.02403846153846154
0 0.6382211538461539 0.22115384615384615 0.009615384615384616 0.02403846153846154
0 0.6622596153846154 0.22716346153846154 0.01201923076923077 0.026442307692307692
0 0.6478365384615384 0.23197115384615385 0.009615384615384616 0.026442307692307692
0 0.6826923076923077 0.2536057692307692 0.009615384615384616 0.028846153846153848
0 0.6189903846153846 0.25961538461538464 0.01201923076923077 0.028846153846153848
0 0.49759615384615385 0.3269230769230769 0.014423076923076924 0.028846153846153848
0 0.45552884615384615 0.31490384615384615 0.014423076923076924 0.03365384615384615
0 0.44350961538461536 0.4098557692307692 0.02403846153846154 0.057692307692307696
0 0.5228365384615384 0.4074519230769231 0.02403846153846154 0.05048076923076923
0 0.5204326923076923 0.36778846153846156 0.021634615384615384 0.03365384615384615
0 0.5769230769230769 0.32211538461538464 0.019230769230769232 0.038461538461538464
0 0.6153846153846154 0.29447115384615385 0.014423076923076924 0.028846153846153848
0 0.6286057692307693 0.33533653846153844 0.021634615384615384 0.03365384615384615
0 0.6610576923076923 0.36177884615384615 0.02403846153846154 0.038461538461538464
0 0.5901442307692307 0.4254807692307692 0.02403846153846154 0.057692307692307696
0 0.640625 0.4375 0.028846153846153848 0.057692307692307696
0 0.6358173076923077 0.3870192307692308 0.021634615384615384 0.04807692307692308
0 0.7091346153846154 0.39302884615384615 0.019230769230769232 0.04326923076923077
0 0.6622596153846154 0.32572115384615385 0.016826923076923076 0.038461538461538464
0 0.6466346153846154 0.2764423076923077 0.014423076923076924 0.03365384615384615
0 0.6971153846153846 0.2848557692307692 0.014423076923076924 0.026442307692307692
0 0.7067307692307693 0.2692307692307692 0.009615384615384616 0.03365384615384615
0 0.7139423076923077 0.24639423076923078 0.009615384615384616 0.026442307692307692
0 0.7235576923076923 0.23317307692307693 0.014423076923076924 0.02403846153846154
0 0.7512019230769231 0.23918269230769232 0.009615384615384616 0.026442307692307692
0 0.7427884615384616 0.2800480769230769 0.014423076923076924 0.03365384615384615
0 0.7487980769230769 0.2620192307692308 0.01201923076923077 0.028846153846153848
0 0.6826923076923077 0.5072115384615384 0.028846153846153848 0.07211538461538461
0 0.7884615384615384 0.5276442307692307 0.02403846153846154 0.06490384615384616
0 0.7548076923076923 0.42908653846153844 0.02403846153846154 0.052884615384615384
0 0.7824519230769231 0.36177884615384615 0.019230769230769232 0.04326923076923077
0 0.7956730769230769 0.33052884615384615 0.014423076923076924 0.038461538461538464
0 0.78125 0.296875 0.014423076923076924 0.028846153846153848
0 0.7884615384615384 0.27403846153846156 0.009615384615384616 0.028846153846153848
0 0.7788461538461539 0.24519230769230768 0.009615384615384616 0.028846153846153848
0 0.8088942307692307 0.25600961538461536 0.01201923076923077 0.026442307692307692
0 0.8257211538461539 0.27884615384615385 0.016826923076923076 0.03365384615384615
0 0.8293269230769231 0.25961538461538464 0.014423076923076924 0.03365384615384615
0 0.8377403846153846 0.25240384615384615 0.014423076923076924 0.03365384615384615
0 0.8617788461538461 0.2824519230769231 0.01201923076923077 0.03125
0 0.8197115384615384 0.31490384615384615 0.014423076923076924 0.03365384615384615
0 0.84375 0.3557692307692308 0.019230769230769232 0.038461538461538464
0 0.8269230769230769 0.3894230769230769 0.019230769230769232 0.052884615384615384
0 0.8149038461538461 0.44471153846153844 0.02403846153846154 0.04326923076923077
0 0.8737980769230769 0.45913461538461536 0.021634615384615384 0.0625
0 0.8774038461538461 0.3942307692307692 0.019230769230769232 0.04807692307692308
0 0.8894230769230769 0.35697115384615385 0.009615384615384616 0.038461538461538464
0 0.8918269230769231 0.33413461538461536 0.014423076923076924 0.03365384615384615
0 0.8822115384615384 0.3173076923076923 0.009615384615384616 0.03365384615384615
0 0.8990384615384616 0.30649038461538464 0.009615384615384616 0.026442307692307692
0 0.8918269230769231 0.28966346153846156 0.014423076923076924 0.026442307692307692
0 0.9014423076923077 0.2704326923076923 0.014423076923076924 0.026442307692307692