0 0.13341346153846154 0.5420673076923077 0.04326923076923077 0.08653846153846154
0 0.7932692307692307 0.5408653846153846 0.03365384615384615 0.08173076923076923
0 0.6935096153846154 0.4987980769230769 0.038461538461538464 0.08173076923076923
0 0.6237980769230769 0.49038461538461536 0.03125 0.07692307692307693
0 0.5673076923076923 0.4483173076923077 0.03365384615384615 0.06971153846153846
0 0.49759615384615385 0.484375 0.03365384615384615 0.055288461538461536
0 0.47115384615384615 0.3894230769230769 0.028846153846153848 0.057692307692307696
0 0.3233173076923077 0.375 0.02403846153846154 0.04807692307692308
0 0.28365384615384615 0.3641826923076923 0.019230769230769232 0.04807692307692308
0 0.25600961538461536 0.34615384615384615 0.019230769230769232 0.04807692307692308
0 0.21394230769230768 0.36538461538461536 0.019230769230769232 0.038461538461538464
0 0.29086538461538464 0.30408653846153844 0.014423076923076924 0.038461538461538464
0 0.3473557692307692 0.30408653846153844 0.019230769230769232 0.03365384615384615
0 0.34615384615384615 0.3425480769230769 0.019230769230769232 0.04326923076923077
0 0.4026442307692308 0.3401442307692308 0.02403846153846154 0.04326923076923077
0 0.4014423076923077 0.3004807692307692 0.014423076923076924 0.03365384615384615
0 0.38341346153846156 0.2764423076923077 0.016826923076923076 0.03365384615384615
0 0.40024038461538464 0.27524038461538464 0.014423076923076924 0.03125
0 0.42788461538461536 0.27524038461538464 0.019230769230769232 0.03365384615384615
0 0.4206730769230769 0.25240384615384615 0.014423076923076924 0.03365384615384615
0 0.42788461538461536 0.31490384615384615 0.019230769230769232 0.038461538461538464
0 0.4543269230769231 0.3389423076923077 0.02403846153846154 0.04326923076923077
0 0.4519230769230769 0.27283653846153844 0.014423076923076924 0.028846153846153848
0 0.48197115384615385 0.2776442307692308 0.016826923076923076 0.03365384615384615
0 0.5180288461538461 0.27283653846153844 0.014423076923076924 0.036057692307692304
0 0.5204326923076923 0.3605769230769231 0.026442307692307692 0.04807692307692308
0 0.5841346153846154 0.3737980769230769 0.019230769230769232 0.06009615384615385
0 0.44471153846153844 0.2512019230769231 0.014423076923076924 0.028846153846153848
0 0.5444711538461539 0.2848557692307692 0.01201923076923077 0.036057692307692304
0 0.5108173076923077 0.25600961538461536 0.007211538461538462 0.02403846153846154
0 0.5108173076923077 0.2403846153846154 0.01201923076923077 0.028846153846153848
0 0.5264423076923077 0.25240384615384615 0.014423076923076924 0.03365384615384615
0 0.46153846153846156 0.24158653846153846 0.014423076923076924 0.026442307692307692
0 0.5432692307692307 0.2283653846153846 0.009615384615384616 0.02403846153846154
0 0.5588942307692307 0.2247596153846154 0.01201923076923077 0.021634615384615384
0 0.5552884615384616 0.27524038461538464 0.014423076923076924 0.03125
0 0.5637019230769231 0.24639423076923078 0.01201923076923077 0.03125
0 0.5829326923076923 0.2512019230769231 0.01201923076923077 0.03365384615384615
0 0.5877403846153846 0.21394230769230768 0.01201923076923077 0.028846153846153848
0 0.6117788461538461 0.21754807692307693 0.01201923076923077 0.026442307692307692
0 0.5853365384615384 0.234375 0.01201923076923077 0.02403846153846154
0 0.625 0.2548076923076923 0.014423076923076924 0.028846153846153848
0 0.6370192307692307 0.22115384615384615 0.014423076923076924 0.028846153846153848
0 0.6430288461538461 0.234375 0.014423076923076924 0.036057692307692304
0 0.5865384615384616 0.3233173076923077 0.019230769230769232 0.04807692307692308
0 0.6177884615384616 0.3112980769230769 0.019230769230769232 0.036057692307692304
0 0.6334134615384616 0.3449519230769231 0.021634615384615384 0.04326923076923077
0 0.6274038461538461 0.40024038461538464 0.02403846153846154 0.05048076923076923
0 0.6802884615384616 0.35697115384615385 0.02403846153846154 0.04326923076923077
0 0.7271634615384616 0.40865384615384615 0.026442307692307692 0.057692307692307696
0 0.7584134615384616 0.44711538461538464 0.026442307692307692 0.0673076923076923
0 0.6658653846153846 0.31850961538461536 0.019230769230769232 0.038461538461538464
0 0.6550480769230769 0.2848557692307692 0.014423076923076924 0.038461538461538464
0 0.6634615384615384 0.22956730769230768 0.019230769230769232 0.03125
0 0.6923076923076923 0.24879807692307693 0.014423076923076924 0.036057692307692304
0 0.6899038461538461 0.30288461538461536 0.019230769230769232 0.038461538461538464
0 0.7211538461538461 0.25600961538461536 0.014423076923076924 0.036057692307692304
0 0.7283653846153846 0.24278846153846154 0.014423076923076924 0.03365384615384615
0 0.7487980769230769 0.26802884615384615 0.01201923076923077 0.028846153846153848
0 0.7620192307692307 0.265625 0.014423076923076924 0.036057692307692304
0 0.7644230769230769 0.24519230769230768 0.009615384615384616 0.028846153846153848
0 0.7379807692307693 0.3125 0.014423076923076924 0.038461538461538464
0 0.7932692307692307 0.24759615384615385 0.009615384615384616 0.028846153846153848
0 0.8233173076923077 0.2644230769230769 0.014423076923076924 0.028846153846153848
0 0.8365384615384616 0.2704326923076923 0.009615384615384616 0.036057692307692304
0 0.8509615384615384 0.2608173076923077 0.009615384615384616 0.036057692307692304
0 0.8762019230769231 0.28125 0.01201923076923077 0.03365384615384615
0 0.9122596153846154 0.26802884615384615 0.01201923076923077 0.036057692307692304
0 0.7956730769230769 0.27884615384615385 0.014423076923076924 0.028846153846153848
0 0.7992788461538461 0.3076923076923077 0.016826923076923076 0.038461538461538464
0 0.8269230769230769 0.3161057692307692 0.009615384615384616 0.036057692307692304
0 0.8713942307692307 0.328125 0.016826923076923076 0.040865384615384616
0 0.9134615384615384 0.3112980769230769 0.014423076923076924 0.03125
0 0.8978365384615384 0.3173076923076923 0.014423076923076924 0.04326923076923077
0 0.9086538461538461 0.35336538461538464 0.019230769230769232 0.052884615384615384
0 0.8966346153846154 0.41225961538461536 0.02403846153846154 0.06009615384615385
0 0.8521634615384616 0.3701923076923077 0.019230769230769232 0.04807692307692308
0 0.8076923076923077 0.34615384615384615 0.019230769230769232 0.04807692307692308
0 0.7944711538461539 0.3557692307692308 0.021634615384615384 0.04807692307692308
0 0.8353365384615384 0.4014423076923077 0.02403846153846154 0.04326923076923077
0 0.9038461538461539 0.48197115384615385 0.028846153846153848 0.06971153846153846
0 0.8233173076923077 0.4519230769230769 0.028846153846153848 0.057692307692307696