0 0.054086538461538464 0.8353365384615384 0.08413461538461539 0.12740384615384615
0 0.052884615384615384 0.9242788461538461 0.08653846153846154 0.11057692307692307
0 0.12980769230769232 0.8425480769230769 0.08173076923076923 0.12980769230769232
0 0.19230769230769232 0.7932692307692307 0.08653846153846154 0.11538461538461539
0 0.33533653846153844 0.9266826923076923 0.11538461538461539 0.13701923076923078
0 0.40024038461538464 0.9110576923076923 0.06490384615384616 0.11538461538461539
0 0.3918269230769231 0.8173076923076923 0.08173076923076923 0.12980769230769232
0 0.4375 0.7980769230769231 0.0673076923076923 0.11538461538461539
0 0.6826923076923077 0.5661057692307693 0.07692307692307693 0.13701923076923078
0 0.8713942307692307 0.8112980769230769 0.07451923076923077 0.10576923076923077
0 0.8305288461538461 0.7704326923076923 0.0625 0.0985576923076923
0 0.9435096153846154 0.8713942307692307 0.08413461538461539 0.13942307692307693
0 0.9627403846153846 0.9038461538461539 0.07211538461538461 0.15384615384615385