0 0.10576923076923077 0.29086538461538464 0.07211538461538461 0.11057692307692307
0 0.2848557692307692 0.3269230769230769 0.08653846153846154 0.10576923076923077
0 0.31009615384615385 0.2403846153846154 0.052884615384615384 0.09134615384615384
0 0.3629807692307692 0.20673076923076922 0.028846153846153848 0.057692307692307696
0 0.40384615384615385 0.13701923076923078 0.028846153846153848 0.04326923076923077
0 0.4795673076923077 0.29927884615384615 0.06971153846153846 0.11778846153846154
0 0.6033653846153846 0.33052884615384615 0.09134615384615384 0.14423076923076922
0 0.5576923076923077 0.18389423076923078 0.038461538461538464 0.06009615384615385
0 0.7512019230769231 0.2403846153846154 0.052884615384615384 0.09134615384615384
0 0.8617788461538461 0.35096153846153844 0.0985576923076923 0.17307692307692307
0 0.9278846153846154 0.5829326923076923 0.13942307692307693 0.27163461538461536