0 0.21394230769230768 0.36177884615384615 0.038461538461538464 0.08173076923076923
0 0.3088942307692308 0.23798076923076922 0.019230769230769232 0.038461538461538464
0 0.3173076923076923 0.21754807692307693 0.019230769230769232 0.03125
0 0.33413461538461536 0.23918269230769232 0.019230769230769232 0.038461538461538464
0 0.34615384615384615 0.203125 0.019230769230769232 0.03125
0 0.35216346153846156 0.1778846153846154 0.014423076923076924 0.028846153846153848
0 0.3737980769230769 0.20072115384615385 0.019230769230769232 0.036057692307692304
0 0.37740384615384615 0.24519230769230768 0.019230769230769232 0.038461538461538464
0 0.4110576923076923 0.24278846153846154 0.02403846153846154 0.04326923076923077
0 0.40024038461538464 0.19471153846153846 0.019230769230769232 0.03365384615384615
0 0.41225961538461536 0.20432692307692307 0.019230769230769232 0.03365384615384615
0 0.41466346153846156 0.16947115384615385 0.016826923076923076 0.03125
0 0.43509615384615385 0.140625 0.014423076923076924 0.028846153846153848
0 0.45072115384615385 0.21995192307692307 0.021634615384615384 0.040865384615384616
0 0.4423076923076923 0.1778846153846154 0.019230769230769232 0.038461538461538464
0 0.46274038461538464 0.14903846153846154 0.016826923076923076 0.028846153846153848
0 0.4735576923076923 0.13221153846153846 0.014423076923076924 0.02403846153846154
0 0.48197115384615385 0.15504807692307693 0.014423076923076924 0.03365384615384615
0 0.4879807692307692 0.18509615384615385 0.014423076923076924 0.03365384615384615
0 0.4855769230769231 0.22355769230769232 0.02403846153846154 0.038461538461538464
0 0.49278846153846156 0.27403846153846156 0.028846153846153848 0.057692307692307696
0 0.4951923076923077 0.13942307692307693 0.019230769230769232 0.028846153846153848
0 0.5060096153846154 0.125 0.01201923076923077 0.02403846153846154
0 0.5120192307692307 0.14903846153846154 0.014423076923076924 0.028846153846153848
0 0.5180288461538461 0.13341346153846154 0.014423076923076924 0.019230769230769232
0 0.5288461538461539 0.12620192307692307 0.009615384615384616 0.028846153846153848
0 0.5204326923076923 0.171875 0.016826923076923076 0.036057692307692304
0 0.5576923076923077 0.18028846153846154 0.014423076923076924 0.03365384615384615
0 0.5528846153846154 0.15745192307692307 0.014423076923076924 0.03125
0 0.5564903846153846 0.13822115384615385 0.01201923076923077 0.021634615384615384
0 0.5564903846153846 0.125 0.014423076923076924 0.028846153846153848
0 0.5793269230769231 0.11778846153846154 0.014423076923076924 0.03365384615384615
0 0.5913461538461539 0.11177884615384616 0.009615384615384616 0.03125
0 0.5889423076923077 0.14182692307692307 0.019230769230769232 0.03365384615384615
0 0.5889423076923077 0.17307692307692307 0.014423076923076924 0.03365384615384615
0 0.6286057692307693 0.15144230769230768 0.014423076923076924 0.03365384615384615
0 0.6189903846153846 0.12620192307692307 0.01201923076923077 0.02403846153846154
0 0.6105769230769231 0.11658653846153846 0.009615384615384616 0.03125
0 0.6189903846153846 0.10697115384615384 0.009615384615384616 0.02403846153846154
0 0.6394230769230769 0.11658653846153846 0.019230769230769232 0.02403846153846154
0 0.65625 0.1201923076923077 0.014423076923076924 0.028846153846153848
0 0.6634615384615384 0.1466346153846154 0.009615384615384616 0.03365384615384615
0 0.6706730769230769 0.10096153846153846 0.014423076923076924 0.028846153846153848
0 0.6899038461538461 0.11778846153846154 0.014423076923076924 0.03365384615384615
0 0.6971153846153846 0.0985576923076923 0.009615384615384616 0.02403846153846154
0 0.7247596153846154 0.11057692307692307 0.01201923076923077 0.02403846153846154
0 0.7067307692307693 0.14903846153846154 0.019230769230769232 0.028846153846153848
0 0.7091346153846154 0.18028846153846154 0.019230769230769232 0.04326923076923077
0 0.671875 0.1875 0.021634615384615384 0.038461538461538464
0 0.6346153846153846 0.23557692307692307 0.019230769230769232 0.04807692307692308
0 0.625 0.22355769230769232 0.019230769230769232 0.03365384615384615
0 0.5697115384615384 0.2548076923076923 0.02403846153846154 0.038461538461538464
0 0.5540865384615384 0.2776442307692308 0.02403846153846154 0.04807692307692308
0 0.609375 0.3389423076923077 0.028846153846153848 0.0673076923076923
0 0.6947115384615384 0.30408653846153844 0.02403846153846154 0.055288461538461536
0 0.6862980769230769 0.27163461538461536 0.02403846153846154 0.052884615384615384
0 0.7235576923076923 0.23317307692307693 0.019230769230769232 0.04326923076923077
0 0.7331730769230769 0.3004807692307692 0.028846153846153848 0.052884615384615384
0 0.7740384615384616 0.2512019230769231 0.028846153846153848 0.04807692307692308
0 0.7644230769230769 0.19471153846153846 0.019230769230769232 0.04326923076923077
0 0.7548076923076923 0.171875 0.019230769230769232 0.03125
0 0.7391826923076923 0.13942307692307693 0.016826923076923076 0.03365384615384615
0 0.7560096153846154 0.12860576923076922 0.01201923076923077 0.03125
0 0.7788461538461539 0.15745192307692307 0.019230769230769232 0.03125
0 0.7872596153846154 0.13822115384615385 0.01201923076923077 0.026442307692307692
0 0.8028846153846154 0.1622596153846154 0.009615384615384616 0.03125
0 0.8137019230769231 0.15144230769230768 0.014423076923076924 0.03365384615384615
0 0.8100961538461539 0.20432692307692307 0.014423076923076924 0.03365384615384615
0 0.8257211538461539 0.2439903846153846 0.021634615384615384 0.05048076923076923
0 0.7800480769230769 0.34615384615384615 0.02403846153846154 0.04807692307692308
0 0.7463942307692307 0.40625 0.03365384615384615 0.07692307692307693
0 0.8197115384615384 0.4050480769230769 0.038461538461538464 0.0625
0 0.8377403846153846 0.3581730769230769 0.028846153846153848 0.052884615384615384
0 0.9086538461538461 0.4266826923076923 0.03365384615384615 0.07451923076923077
0 0.9182692307692307 0.34375 0.028846153846153848 0.0625
0 0.9290865384615384 0.2860576923076923 0.021634615384615384 0.04326923076923077
0 0.8966346153846154 0.23197115384615385 0.019230769230769232 0.040865384615384616
0 0.8737980769230769 0.26802884615384615 0.02403846153846154 0.052884615384615384
0 0.9411057692307693 0.21153846153846154 0.016826923076923076 0.04326923076923077