0 0.1658653846153846 0.6550480769230769 0.028846153846153848 0.04326923076923077
0 0.2860576923076923 0.6550480769230769 0.03365384615384615 0.04326923076923077
0 0.4050480769230769 0.6550480769230769 0.028846153846153848 0.05048076923076923
0 0.5072115384615384 0.6514423076923077 0.03365384615384615 0.057692307692307696
0 0.6105769230769231 0.65625 0.028846153846153848 0.0625
0 0.7079326923076923 0.6550480769230769 0.038461538461538464 0.057692307692307696
0 0.8509615384615384 0.5649038461538461 0.028846153846153848 0.0625
0 0.7872596153846154 0.8377403846153846 0.052884615384615384 0.057692307692307696
0 0.7728365384615384 0.8665865384615384 0.036057692307692304 0.052884615384615384
0 0.7415865384615384 0.8762019230769231 0.04807692307692308 0.06490384615384616
0 0.6923076923076923 0.9254807692307693 0.052884615384615384 0.07211538461538461
0 0.6274038461538461 0.9435096153846154 0.08653846153846154 0.09375
0 0.6778846153846154 0.8329326923076923 0.038461538461538464 0.052884615384615384
0 0.5360576923076923 0.8545673076923077 0.038461538461538464 0.057692307692307696
0 0.4951923076923077 0.8569711538461539 0.04807692307692308 0.06009615384615385
0 0.4579326923076923 0.8413461538461539 0.040865384615384616 0.0673076923076923
0 0.4483173076923077 0.9086538461538461 0.052884615384615384 0.07692307692307693
0 0.5084134615384616 0.9399038461538461 0.0625 0.08653846153846154
0 0.3485576923076923 0.90625 0.07211538461538461 0.07211538461538461
0 0.38221153846153844 0.8653846153846154 0.04326923076923077 0.0673076923076923
0 0.375 0.8269230769230769 0.038461538461538464 0.0673076923076923
0 0.34134615384615385 0.8269230769230769 0.052884615384615384 0.08173076923076923
0 0.296875 0.8269230769230769 0.038461538461538464 0.057692307692307696
0 0.26322115384615385 0.8605769230769231 0.04807692307692308 0.07692307692307693
0 0.19591346153846154 0.8894230769230769 0.0673076923076923 0.10576923076923077
0 0.203125 0.8353365384615384 0.04326923076923077 0.07692307692307693
0 0.13942307692307693 0.8401442307692307 0.04807692307692308 0.08173076923076923
0 0.11177884615384616 0.8100961538461539 0.04807692307692308 0.07211538461538461
0 0.051682692307692304 0.9302884615384616 0.06490384615384616 0.10576923076923077
0 0.026442307692307692 0.8329326923076923 0.052884615384615384 0.0889423076923077
0 0.06129807692307692 0.8713942307692307 0.052884615384615384 0.07692307692307693