0 0.12980769230769232 0.5072115384615384 0.019230769230769232 0.04326923076923077
0 0.020432692307692308 0.3894230769230769 0.016826923076923076 0.03365384615384615
0 0.03365384615384615 0.2536057692307692 0.014423076923076924 0.028846153846153848
0 0.13581730769230768 0.24519230769230768 0.016826923076923076 0.038461538461538464
0 0.18269230769230768 0.25721153846153844 0.014423076923076924 0.03365384615384615
0 0.22956730769230768 0.2668269230769231 0.016826923076923076 0.038461538461538464
0 0.3076923076923077 0.30288461538461536 0.019230769230769232 0.02403846153846154
0 0.11298076923076923 0.36538461538461536 0.014423076923076924 0.028846153846153848
0 0.13822115384615385 0.34975961538461536 0.01201923076923077 0.02403846153846154
0 0.1658653846153846 0.3629807692307692 0.014423076923076924 0.02403846153846154
0 0.49038461538461536 0.5168269230769231 0.019230769230769232 0.052884615384615384
0 0.7716346153846154 0.09254807692307693 0.1201923076923077 0.18509615384615385
0 0.6370192307692307 0.5072115384615384 0.02403846153846154 0.04326923076923077
0 0.5769230769230769 0.42788461538461536 0.009615384615384616 0.02403846153846154