0 0.14903846153846154 0.38822115384615385 0.038461538461538464 0.07211538461538461
0 0.2932692307692308 0.2536057692307692 0.019230769230769232 0.036057692307692304
0 0.33052884615384615 0.27283653846153844 0.021634615384615384 0.036057692307692304
0 0.4230769230769231 0.2776442307692308 0.02403846153846154 0.04567307692307692
0 0.4182692307692308 0.21394230769230768 0.019230769230769232 0.03365384615384615
0 0.3798076923076923 0.20552884615384615 0.019230769230769232 0.036057692307692304
0 0.44591346153846156 0.21634615384615385 0.016826923076923076 0.038461538461538464
0 0.44350961538461536 0.19110576923076922 0.016826923076923076 0.026442307692307692
0 0.4266826923076923 0.17067307692307693 0.019230769230769232 0.03365384615384615
0 0.4411057692307692 0.15985576923076922 0.016826923076923076 0.03365384615384615
0 0.46634615384615385 0.19951923076923078 0.019230769230769232 0.04326923076923077
0 0.4795673076923077 0.13221153846153846 0.016826923076923076 0.03365384615384615
0 0.49158653846153844 0.17427884615384615 0.021634615384615384 0.036057692307692304
0 0.5120192307692307 0.2127403846153846 0.019230769230769232 0.040865384615384616
0 0.5180288461538461 0.15264423076923078 0.016826923076923076 0.028846153846153848
0 0.5300480769230769 0.1310096153846154 0.014423076923076924 0.026442307692307692
0 0.5480769230769231 0.12980769230769232 0.014423076923076924 0.03365384615384615
0 0.5733173076923077 0.15745192307692307 0.014423076923076924 0.03365384615384615
0 0.5637019230769231 0.10817307692307693 0.01201923076923077 0.02403846153846154
0 0.5841346153846154 0.1346153846153846 0.014423076923076924 0.028846153846153848
0 0.5985576923076923 0.14302884615384615 0.014423076923076924 0.03365384615384615
0 0.59375 0.09615384615384616 0.014423076923076924 0.019230769230769232
0 0.6117788461538461 0.11899038461538461 0.016826923076923076 0.03125
0 0.6850961538461539 0.10817307692307693 0.014423076923076924 0.03365384615384615
0 0.4735576923076923 0.3245192307692308 0.03365384615384615 0.052884615384615384
0 0.5372596153846154 0.2956730769230769 0.028846153846153848 0.07211538461538461
0 0.5600961538461539 0.23557692307692307 0.02403846153846154 0.04326923076923077
0 0.5997596153846154 0.3016826923076923 0.028846153846153848 0.06490384615384616
0 0.6105769230769231 0.19831730769230768 0.019230769230769232 0.05048076923076923
0 0.6538461538461539 0.2620192307692308 0.028846153846153848 0.057692307692307696
0 0.7079326923076923 0.2860576923076923 0.026442307692307692 0.052884615384615384
0 0.765625 0.3112980769230769 0.026442307692307692 0.055288461538461536
0 0.6550480769230769 0.20072115384615385 0.026442307692307692 0.040865384615384616
0 0.6790865384615384 0.1971153846153846 0.016826923076923076 0.038461538461538464
0 0.6899038461538461 0.17908653846153846 0.02403846153846154 0.04326923076923077
0 0.6802884615384616 0.15865384615384615 0.02403846153846154 0.028846153846153848
0 0.7103365384615384 0.13822115384615385 0.019230769230769232 0.038461538461538464
0 0.7403846153846154 0.1502403846153846 0.019230769230769232 0.03125
0 0.75 0.17548076923076922 0.019230769230769232 0.04326923076923077
0 0.7379807692307693 0.11538461538461539 0.014423076923076924 0.028846153846153848
0 0.8004807692307693 0.13221153846153846 0.014423076923076924 0.028846153846153848
0 0.7872596153846154 0.19110576923076922 0.021634615384615384 0.04807692307692308
0 0.8425480769230769 0.1814903846153846 0.016826923076923076 0.038461538461538464
0 0.8605769230769231 0.23317307692307693 0.02403846153846154 0.04326923076923077
0 0.8822115384615384 0.1875 0.019230769230769232 0.04326923076923077
0 0.9122596153846154 0.18629807692307693 0.019230769230769232 0.038461538461538464
0 0.9579326923076923 0.12740384615384615 0.016826923076923076 0.04326923076923077