0 0.16346153846153846 0.47836538461538464 0.038461538461538464 0.057692307692307696
0 0.25240384615384615 0.2668269230769231 0.014423076923076924 0.028846153846153848
0 0.27283653846153844 0.27283653846153844 0.016826923076923076 0.028846153846153848
0 0.29447115384615385 0.2608173076923077 0.014423076923076924 0.03365384615384615
0 0.3088942307692308 0.27524038461538464 0.016826923076923076 0.03365384615384615
0 0.32572115384615385 0.28846153846153844 0.014423076923076924 0.03365384615384615
0 0.36177884615384615 0.2800480769230769 0.019230769230769232 0.036057692307692304
0 0.3473557692307692 0.2608173076923077 0.019230769230769232 0.03125
0 0.328125 0.23197115384615385 0.016826923076923076 0.03125
0 0.3125 0.22596153846153846 0.014423076923076924 0.03365384615384615
0 0.3581730769230769 0.2283653846153846 0.014423076923076924 0.03365384615384615
0 0.3942307692307692 0.29086538461538464 0.019230769230769232 0.04326923076923077
0 0.38822115384615385 0.22235576923076922 0.014423076923076924 0.026442307692307692
0 0.38822115384615385 0.18870192307692307 0.014423076923076924 0.038461538461538464
0 0.44591346153846156 0.2283653846153846 0.016826923076923076 0.038461538461538464
0 0.42427884615384615 0.1935096153846154 0.016826923076923076 0.03365384615384615
0 0.44350961538461536 0.17307692307692307 0.01201923076923077 0.028846153846153848
0 0.46274038461538464 0.14903846153846154 0.01201923076923077 0.019230769230769232
0 0.4795673076923077 0.15985576923076922 0.014423076923076924 0.03125
0 0.4879807692307692 0.19230769230769232 0.014423076923076924 0.028846153846153848
0 0.4675480769230769 0.22235576923076922 0.019230769230769232 0.03125
0 0.5264423076923077 0.20072115384615385 0.019230769230769232 0.038461538461538464
0 0.5060096153846154 0.19471153846153846 0.019230769230769232 0.03365384615384615
0 0.4855769230769231 0.13822115384615385 0.014423076923076924 0.021634615384615384
0 0.5384615384615384 0.17548076923076922 0.014423076923076924 0.03365384615384615
0 0.5649038461538461 0.17427884615384615 0.014423076923076924 0.03125
0 0.5600961538461539 0.14302884615384615 0.014423076923076924 0.026442307692307692
0 0.5673076923076923 0.12139423076923077 0.009615384615384616 0.021634615384615384
0 0.59375 0.14302884615384615 0.014423076923076924 0.028846153846153848
0 0.6201923076923077 0.14543269230769232 0.009615384615384616 0.026442307692307692
0 0.6105769230769231 0.12860576923076922 0.009615384615384616 0.021634615384615384
0 0.6177884615384616 0.11658653846153846 0.014423076923076924 0.021634615384615384
0 0.5985576923076923 0.12139423076923077 0.014423076923076924 0.02403846153846154
0 0.6394230769230769 0.13581730769230768 0.009615384615384616 0.03125
0 0.6754807692307693 0.12259615384615384 0.014423076923076924 0.02403846153846154
0 0.5516826923076923 0.24759615384615385 0.021634615384615384 0.052884615384615384
0 0.5108173076923077 0.2980769230769231 0.02403846153846154 0.04807692307692308
0 0.5865384615384616 0.2980769230769231 0.028846153846153848 0.052884615384615384
0 0.6153846153846154 0.31009615384615385 0.028846153846153848 0.057692307692307696
0 0.6069711538461539 0.2536057692307692 0.02403846153846154 0.04807692307692308
0 0.6322115384615384 0.19591346153846154 0.019230769230769232 0.038461538461538464
0 0.6694711538461539 0.21754807692307693 0.019230769230769232 0.040865384615384616
0 0.6850961538461539 0.15144230769230768 0.014423076923076924 0.02403846153846154
0 0.7115384615384616 0.15144230769230768 0.009615384615384616 0.028846153846153848
0 0.703125 0.22235576923076922 0.019230769230769232 0.04807692307692308
0 0.6766826923076923 0.2704326923076923 0.021634615384615384 0.057692307692307696
0 0.7175480769230769 0.2776442307692308 0.02403846153846154 0.04807692307692308
0 0.7307692307692307 0.203125 0.019230769230769232 0.03125
0 0.7271634615384616 0.1622596153846154 0.016826923076923076 0.03365384615384615
0 0.7548076923076923 0.140625 0.014423076923076924 0.03365384615384615
0 0.7644230769230769 0.125 0.009615384615384616 0.028846153846153848
0 0.7524038461538461 0.11177884615384616 0.014423076923076924 0.03125
0 0.7716346153846154 0.16466346153846154 0.014423076923076924 0.028846153846153848
0 0.7752403846153846 0.20673076923076922 0.014423076923076924 0.038461538461538464
0 0.7572115384615384 0.23197115384615385 0.02403846153846154 0.04326923076923077
0 0.7668269230769231 0.30408653846153844 0.02403846153846154 0.06009615384615385
0 0.8389423076923077 0.3293269230769231 0.02403846153846154 0.0625
0 0.8497596153846154 0.24158653846153846 0.019230769230769232 0.052884615384615384
0 0.9098557692307693 0.25240384615384615 0.021634615384615384 0.052884615384615384
0 0.9170673076923077 0.23918269230769232 0.014423076923076924 0.052884615384615384
0 0.8858173076923077 0.19591346153846154 0.014423076923076924 0.036057692307692304
0 0.890625 0.16105769230769232 0.016826923076923076 0.038461538461538464
0 0.8521634615384616 0.15504807692307693 0.01201923076923077 0.03365384615384615
0 0.8016826923076923 0.16826923076923078 0.014423076923076924 0.03365384615384615
0 0.7896634615384616 0.15985576923076922 0.01201923076923077 0.026442307692307692
0 0.8341346153846154 0.15144230769230768 0.014423076923076924 0.03365384615384615
0 0.8449519230769231 0.18629807692307693 0.01201923076923077 0.028846153846153848
0 0.8389423076923077 0.22716346153846154 0.014423076923076924 0.040865384615384616