0 0.04567307692307692 0.40024038461538464 0.028846153846153848 0.06490384615384616
0 0.25961538461538464 0.28125 0.019230769230769232 0.038461538461538464
0 0.28966346153846156 0.265625 0.019230769230769232 0.04326923076923077
0 0.3076923076923077 0.25961538461538464 0.019230769230769232 0.04326923076923077
0 0.3137019230769231 0.23798076923076922 0.019230769230769232 0.03365384615384615
0 0.34375 0.2620192307692308 0.02403846153846154 0.04326923076923077
0 0.34615384615384615 0.21754807692307693 0.019230769230769232 0.036057692307692304
0 0.38341346153846156 0.21033653846153846 0.019230769230769232 0.038461538461538464
0 0.3918269230769231 0.18990384615384615 0.014423076923076924 0.03365384615384615
0 0.39903846153846156 0.296875 0.028846153846153848 0.05048076923076923
0 0.41586538461538464 0.22355769230769232 0.019230769230769232 0.03365384615384615
0 0.41586538461538464 0.15985576923076922 0.014423076923076924 0.03365384615384615
0 0.4411057692307692 0.22716346153846154 0.019230769230769232 0.038461538461538464
0 0.44471153846153844 0.1971153846153846 0.014423076923076924 0.038461538461538464
0 0.4567307692307692 0.18509615384615385 0.014423076923076924 0.03365384615384615
0 0.4675480769230769 0.20432692307692307 0.016826923076923076 0.03365384615384615
0 0.49399038461538464 0.21754807692307693 0.019230769230769232 0.038461538461538464
0 0.49158653846153844 0.18389423076923078 0.019230769230769232 0.038461538461538464
0 0.484375 0.15865384615384615 0.014423076923076924 0.03365384615384615
0 0.47596153846153844 0.1466346153846154 0.009615384615384616 0.03365384615384615
0 0.4579326923076923 0.1346153846153846 0.016826923076923076 0.03365384615384615
0 0.4891826923076923 0.13221153846153846 0.014423076923076924 0.03365384615384615
0 0.5132211538461539 0.16105769230769232 0.01201923076923077 0.02403846153846154
0 0.5240384615384616 0.13221153846153846 0.009615384615384616 0.03365384615384615
0 0.5348557692307693 0.125 0.01201923076923077 0.03365384615384615
0 0.5396634615384616 0.15384615384615385 0.016826923076923076 0.028846153846153848
0 0.5552884615384616 0.1466346153846154 0.014423076923076924 0.03365384615384615
0 0.5745192307692307 0.15625 0.019230769230769232 0.03365384615384615
0 0.5408653846153846 0.19471153846153846 0.019230769230769232 0.038461538461538464
0 0.5637019230769231 0.11177884615384616 0.01201923076923077 0.026442307692307692
0 0.5841346153846154 0.12860576923076922 0.014423076923076924 0.03365384615384615
0 0.5949519230769231 0.09495192307692307 0.016826923076923076 0.03365384615384615
0 0.5985576923076923 0.11778846153846154 0.014423076923076924 0.03365384615384615
0 0.6225961538461539 0.11538461538461539 0.014423076923076924 0.028846153846153848
0 0.6310096153846154 0.14302884615384615 0.016826923076923076 0.036057692307692304
0 0.6430288461538461 0.12379807692307693 0.01201923076923077 0.03125
0 0.6430288461538461 0.10096153846153846 0.014423076923076924 0.028846153846153848
0 0.6177884615384616 0.0985576923076923 0.014423076923076924 0.02403846153846154
0 0.6778846153846154 0.11057692307692307 0.009615384615384616 0.028846153846153848
0 0.6935096153846154 0.09495192307692307 0.01201923076923077 0.028846153846153848
0 0.6971153846153846 0.056490384615384616 0.009615384615384616 0.021634615384615384
0 0.49759615384615385 0.29086538461538464 0.028846153846153848 0.052884615384615384
0 0.5444711538461539 0.3088942307692308 0.03365384615384615 0.06009615384615385
0 0.5685096153846154 0.24278846153846154 0.02403846153846154 0.04326923076923077
0 0.6117788461538461 0.2439903846153846 0.02403846153846154 0.04807692307692308
0 0.6129807692307693 0.20432692307692307 0.019230769230769232 0.04326923076923077
0 0.6550480769230769 0.17307692307692307 0.019230769230769232 0.04326923076923077
0 0.6766826923076923 0.20192307692307693 0.02403846153846154 0.04807692307692308
0 0.6682692307692307 0.25721153846153844 0.028846153846153848 0.04807692307692308
0 0.6802884615384616 0.33413461538461536 0.03365384615384615 0.0625
0 0.6838942307692307 0.14903846153846154 0.016826923076923076 0.038461538461538464
0 0.6995192307692307 0.17067307692307693 0.019230769230769232 0.04326923076923077
0 0.7019230769230769 0.2247596153846154 0.02403846153846154 0.04807692307692308
0 0.7271634615384616 0.29447115384615385 0.028846153846153848 0.04807692307692308
0 0.7512019230769231 0.22596153846153846 0.02403846153846154 0.057692307692307696
0 0.7427884615384616 0.17668269230769232 0.014423076923076924 0.036057692307692304
0 0.7367788461538461 0.14543269230769232 0.016826923076923076 0.03365384615384615
0 0.7163461538461539 0.1346153846153846 0.019230769230769232 0.038461538461538464
0 0.7391826923076923 0.11778846153846154 0.014423076923076924 0.03365384615384615
0 0.7475961538461539 0.12860576923076922 0.014423076923076924 0.03365384615384615
0 0.7536057692307693 0.10216346153846154 0.016826923076923076 0.03365384615384615
0 0.7920673076923077 0.11298076923076923 0.01201923076923077 0.028846153846153848
0 0.7860576923076923 0.12980769230769232 0.014423076923076924 0.028846153846153848
0 0.765625 0.15384615384615385 0.016826923076923076 0.038461538461538464
0 0.8028846153846154 0.1658653846153846 0.019230769230769232 0.038461538461538464
0 0.7992788461538461 0.1346153846153846 0.01201923076923077 0.028846153846153848
0 0.8137019230769231 0.1201923076923077 0.01201923076923077 0.038461538461538464
0 0.8353365384615384 0.13701923076923078 0.016826923076923076 0.038461538461538464
0 0.8245192307692307 0.15745192307692307 0.014423076923076924 0.040865384615384616
0 0.8245192307692307 0.2283653846153846 0.02403846153846154 0.057692307692307696
0 0.7944711538461539 0.27403846153846156 0.02403846153846154 0.052884615384615384
0 0.8786057692307693 0.2091346153846154 0.021634615384615384 0.04807692307692308
0 0.8557692307692307 0.17307692307692307 0.019230769230769232 0.04807692307692308
0 0.8701923076923077 0.15144230769230768 0.014423076923076924 0.03365384615384615
0 0.8725961538461539 0.125 0.014423076923076924 0.028846153846153848
0 0.9074519230769231 0.12620192307692307 0.01201923076923077 0.03125
0 0.8990384615384616 0.15985576923076922 0.019230769230769232 0.03365384615384615
0 0.8954326923076923 0.19831730769230768 0.016826923076923076 0.040865384615384616
0 0.9350961538461539 0.28365384615384615 0.02403846153846154 0.057692307692307696
0 0.9314903846153846 0.18509615384615385 0.016826923076923076 0.04326923076923077
0 0.9362980769230769 0.15384615384615385 0.01201923076923077 0.028846153846153848
0 0.6057692307692307 0.33413461538461536 0.028846153846153848 0.07211538461538461