0 0.14182692307692307 0.7956730769230769 0.11538461538461539 0.1778846153846154
0 0.11778846153846154 0.7103365384615384 0.08173076923076923 0.12980769230769232
0 0.15264423076923078 0.6358173076923077 0.08173076923076923 0.13221153846153846
0 0.26322115384615385 0.6117788461538461 0.06490384615384616 0.09615384615384616
0 0.2860576923076923 0.6947115384615384 0.0673076923076923 0.10096153846153846
0 0.33052884615384615 0.7235576923076923 0.09134615384615384 0.15865384615384615
0 0.3858173076923077 0.5985576923076923 0.06490384615384616 0.11057692307692307
0 0.4423076923076923 0.6117788461538461 0.07692307692307693 0.1346153846153846
0 0.5769230769230769 0.6141826923076923 0.07692307692307693 0.11538461538461539
0 0.6442307692307693 0.34375 0.057692307692307696 0.10096153846153846
0 0.8701923076923077 0.7932692307692307 0.1201923076923077 0.19230769230769232
0 0.90625 0.6574519230769231 0.10096153846153846 0.18028846153846154
0 0.9651442307692307 0.6165865384615384 0.06490384615384616 0.12740384615384615