0 0.3401442307692308 0.20552884615384615 0.016826923076923076 0.028846153846153848
0 0.53125 0.203125 0.02403846153846154 0.040865384615384616
0 0.5420673076923077 0.22235576923076922 0.02403846153846154 0.05048076923076923
0 0.5877403846153846 0.21875 0.019230769230769232 0.052884615384615384
0 0.625 0.19951923076923078 0.019230769230769232 0.04326923076923077
0 0.6298076923076923 0.22355769230769232 0.028846153846153848 0.052884615384615384
0 0.6634615384615384 0.2127403846153846 0.019230769230769232 0.04807692307692308
0 0.6790865384615384 0.17427884615384615 0.021634615384615384 0.04567307692307692
0 0.7055288461538461 0.1935096153846154 0.019230769230769232 0.04326923076923077
0 0.7463942307692307 0.2704326923076923 0.02403846153846154 0.05048076923076923
0 0.8221153846153846 0.265625 0.028846153846153848 0.055288461538461536
0 0.8725961538461539 0.2776442307692308 0.02403846153846154 0.05048076923076923
0 0.8810096153846154 0.33052884615384615 0.038461538461538464 0.08653846153846154
0 0.9194711538461539 0.28966346153846156 0.021634615384615384 0.04807692307692308
0 0.9350961538461539 0.28365384615384615 0.02403846153846154 0.0673076923076923