0 0.04326923076923077 0.21995192307692307 0.014423076923076924 0.036057692307692304
0 0.11778846153846154 0.203125 0.019230769230769232 0.036057692307692304
0 0.15264423076923078 0.1466346153846154 0.01201923076923077 0.03365384615384615
0 0.15745192307692307 0.17548076923076922 0.014423076923076924 0.03365384615384615
0 0.1814903846153846 0.19230769230769232 0.016826923076923076 0.038461538461538464
0 0.17307692307692307 0.25841346153846156 0.019230769230769232 0.04567307692307692
0 0.052884615384615384 0.40384615384615385 0.019230769230769232 0.0673076923076923
0 0.0733173076923077 0.47475961538461536 0.02403846153846154 0.0625
0 0.1310096153846154 0.5865384615384616 0.03125 0.07211538461538461
0 0.20432692307692307 0.46875 0.02403846153846154 0.057692307692307696
0 0.20793269230769232 0.3329326923076923 0.019230769230769232 0.055288461538461536
0 0.2403846153846154 0.2860576923076923 0.019230769230769232 0.052884615384615384
0 0.20793269230769232 0.11658653846153846 0.014423076923076924 0.03365384615384615
0 0.25240384615384615 0.1201923076923077 0.014423076923076924 0.028846153846153848
0 0.2932692307692308 0.1466346153846154 0.014423076923076924 0.038461538461538464
0 0.28725961538461536 0.19110576923076922 0.014423076923076924 0.04326923076923077
0 0.30528846153846156 0.22235576923076922 0.014423076923076924 0.040865384615384616
0 0.35336538461538464 0.21634615384615385 0.014423076923076924 0.04326923076923077
0 0.359375 0.08052884615384616 0.01201923076923077 0.03125
0 0.38822115384615385 0.09134615384615384 0.014423076923076924 0.028846153846153848
0 0.3762019230769231 0.16947115384615385 0.014423076923076924 0.036057692307692304
0 0.4266826923076923 0.07451923076923077 0.01201923076923077 0.03365384615384615
0 0.4206730769230769 0.17067307692307693 0.014423076923076924 0.03365384615384615
0 0.46274038461538464 0.1310096153846154 0.014423076923076924 0.03365384615384615
0 0.47836538461538464 0.12139423076923077 0.014423076923076924 0.03125
0 0.46274038461538464 0.16346153846153846 0.014423076923076924 0.028846153846153848
0 0.4723557692307692 0.2091346153846154 0.016826923076923076 0.04326923076923077
0 0.5048076923076923 0.16706730769230768 0.009615384615384616 0.036057692307692304
0 0.5528846153846154 0.15504807692307693 0.019230769230769232 0.040865384615384616
0 0.5036057692307693 0.09615384615384616 0.01201923076923077 0.02403846153846154
0 0.4795673076923077 0.07211538461538461 0.01201923076923077 0.02403846153846154
0 0.5384615384615384 0.07451923076923077 0.009615384615384616 0.028846153846153848
0 0.4543269230769231 0.26802884615384615 0.019230769230769232 0.05048076923076923
0 0.546875 0.29086538461538464 0.019230769230769232 0.052884615384615384
0 0.5300480769230769 0.45072115384615385 0.021634615384615384 0.07211538461538461
0 0.5697115384615384 0.19230769230769232 0.014423076923076924 0.038461538461538464
0 0.609375 0.23076923076923078 0.01201923076923077 0.038461538461538464
0 0.6814903846153846 0.3329326923076923 0.019230769230769232 0.04807692307692308
0 0.7007211538461539 0.25721153846153844 0.016826923076923076 0.04326923076923077
0 0.5709134615384616 0.09375 0.01201923076923077 0.028846153846153848
0 0.5841346153846154 0.11899038461538461 0.014423076923076924 0.03365384615384615
0 0.6189903846153846 0.11057692307692307 0.01201923076923077 0.028846153846153848
0 0.6514423076923077 0.14783653846153846 0.014423076923076924 0.028846153846153848
0 0.7043269230769231 0.19951923076923078 0.014423076923076924 0.03365384615384615
0 0.7271634615384616 0.21394230769230768 0.016826923076923076 0.03365384615384615
0 0.7728365384615384 0.20072115384615385 0.01201923076923077 0.03365384615384615
0 0.8112980769230769 0.21995192307692307 0.014423076923076924 0.036057692307692304
0 0.8533653846153846 0.265625 0.014423076923076924 0.040865384615384616
0 0.8689903846153846 0.28966346153846156 0.016826923076923076 0.040865384615384616
0 0.9242788461538461 0.35697115384615385 0.016826923076923076 0.05048076923076923
0 0.7824519230769231 0.35697115384615385 0.021634615384615384 0.04807692307692308