0 0.1658653846153846 0.2668269230769231 0.019230769230769232 0.04326923076923077
0 0.18990384615384615 0.23918269230769232 0.019230769230769232 0.03365384615384615
0 0.296875 0.22716346153846154 0.014423076923076924 0.03365384615384615
0 0.3112980769230769 0.22596153846153846 0.019230769230769232 0.038461538461538464
0 0.3629807692307692 0.20192307692307693 0.014423076923076924 0.038461538461538464
0 0.3737980769230769 0.21514423076923078 0.01201923076923077 0.03365384615384615
0 0.3858173076923077 0.2091346153846154 0.016826923076923076 0.03365384615384615
0 0.40024038461538464 0.234375 0.019230769230769232 0.04807692307692308
0 0.4387019230769231 0.23677884615384615 0.019230769230769232 0.04807692307692308
0 0.47596153846153844 0.23076923076923078 0.02403846153846154 0.057692307692307696
0 0.4519230769230769 0.16466346153846154 0.019230769230769232 0.03125
0 0.484375 0.21033653846153846 0.02403846153846154 0.05048076923076923
0 0.45913461538461536 0.1346153846153846 0.014423076923076924 0.03365384615384615
0 0.49158653846153844 0.1201923076923077 0.016826923076923076 0.038461538461538464
0 0.47115384615384615 0.12740384615384615 0.009615384615384616 0.02403846153846154
0 0.5108173076923077 0.14182692307692307 0.01201923076923077 0.02403846153846154
0 0.5240384615384616 0.13822115384615385 0.009615384615384616 0.026442307692307692
0 0.5252403846153846 0.16947115384615385 0.016826923076923076 0.026442307692307692
0 0.5516826923076923 0.1814903846153846 0.016826923076923076 0.036057692307692304
0 0.5480769230769231 0.140625 0.009615384615384616 0.02403846153846154
0 0.5480769230769231 0.09375 0.009615384615384616 0.02403846153846154
0 0.5709134615384616 0.12860576923076922 0.014423076923076924 0.03365384615384615
0 0.5853365384615384 0.1141826923076923 0.01201923076923077 0.028846153846153848
0 0.6105769230769231 0.12620192307692307 0.009615384615384616 0.02403846153846154
0 0.5889423076923077 0.16466346153846154 0.014423076923076924 0.028846153846153848
0 0.609375 0.10817307692307693 0.01201923076923077 0.02403846153846154
0 0.6286057692307693 0.12860576923076922 0.01201923076923077 0.03365384615384615
0 0.6274038461538461 0.10336538461538461 0.014423076923076924 0.02403846153846154
0 0.6430288461538461 0.10216346153846154 0.019230769230769232 0.040865384615384616
0 0.6598557692307693 0.12379807692307693 0.01201923076923077 0.03125
0 0.6947115384615384 0.10216346153846154 0.014423076923076924 0.038461538461538464
0 0.5096153846153846 0.21514423076923078 0.019230769230769232 0.03365384615384615
0 0.6262019230769231 0.21634615384615385 0.021634615384615384 0.04807692307692308
0 0.6165865384615384 0.28125 0.02403846153846154 0.052884615384615384
0 0.6766826923076923 0.3605769230769231 0.028846153846153848 0.0673076923076923
0 0.7019230769230769 0.20552884615384615 0.019230769230769232 0.040865384615384616
0 0.7163461538461539 0.23918269230769232 0.028846153846153848 0.05048076923076923
0 0.7295673076923077 0.30649038461538464 0.02403846153846154 0.05048076923076923
0 0.7740384615384616 0.23197115384615385 0.019230769230769232 0.040865384615384616
0 0.7512019230769231 0.21153846153846154 0.019230769230769232 0.038461538461538464
0 0.7355769230769231 0.1502403846153846 0.019230769230769232 0.03125
0 0.7644230769230769 0.15144230769230768 0.009615384615384616 0.03365384615384615
0 0.7872596153846154 0.13942307692307693 0.01201923076923077 0.028846153846153848
0 0.8088942307692307 0.15985576923076922 0.016826923076923076 0.03365384615384615
0 0.8016826923076923 0.22596153846153846 0.014423076923076924 0.038461538461538464
0 0.8149038461538461 0.2692307692307692 0.019230769230769232 0.04326923076923077
0 0.7788461538461539 0.41225961538461536 0.028846153846153848 0.055288461538461536
0 0.8149038461538461 0.3954326923076923 0.02403846153846154 0.06009615384615385
0 0.8329326923076923 0.43509615384615385 0.026442307692307692 0.07211538461538461
0 0.8329326923076923 0.33533653846153844 0.021634615384615384 0.055288461538461536
0 0.8677884615384616 0.28365384615384615 0.019230769230769232 0.04807692307692308
0 0.8822115384615384 0.24158653846153846 0.014423076923076924 0.04326923076923077
0 0.9194711538461539 0.3088942307692308 0.019230769230769232 0.04807692307692308
0 0.9411057692307693 0.23076923076923078 0.016826923076923076 0.038461538461538464
0 0.4182692307692308 0.16466346153846154 0.014423076923076924 0.026442307692307692