0 0.05889423076923077 0.23557692307692307 0.03365384615384615 0.057692307692307696
0 0.14182692307692307 0.2512019230769231 0.052884615384615384 0.06971153846153846
0 0.18389423076923078 0.21153846153846154 0.040865384615384616 0.0625
0 0.2848557692307692 0.2548076923076923 0.03365384615384615 0.04807692307692308
0 0.3112980769230769 0.25841346153846156 0.04567307692307692 0.06971153846153846
0 0.38822115384615385 0.30649038461538464 0.052884615384615384 0.06971153846153846
0 0.46274038461538464 0.3293269230769231 0.028846153846153848 0.0625
0 0.5084134615384616 0.33774038461538464 0.03365384615384615 0.05048076923076923
0 0.5240384615384616 0.26322115384615385 0.03365384615384615 0.0673076923076923
0 0.5540865384615384 0.3173076923076923 0.03365384615384615 0.057692307692307696
0 0.5504807692307693 0.46033653846153844 0.04326923076923077 0.0673076923076923
0 0.5685096153846154 0.2608173076923077 0.03365384615384615 0.04807692307692308
0 0.6286057692307693 0.2283653846153846 0.04567307692307692 0.07692307692307693
0 0.7091346153846154 0.20432692307692307 0.038461538461538464 0.0673076923076923
0 0.6995192307692307 0.28966346153846156 0.04326923076923077 0.06009615384615385
0 0.7644230769230769 0.2247596153846154 0.028846153846153848 0.05048076923076923
0 0.8016826923076923 0.20192307692307693 0.03365384615384615 0.0673076923076923
0 0.7764423076923077 0.32211538461538464 0.03365384615384615 0.04807692307692308
0 0.9050480769230769 0.2247596153846154 0.04326923076923077 0.07692307692307693