0 0.8389423076923077 0.6262019230769231 0.22596153846153846 0.3076923076923077
0 0.6081730769230769 0.45552884615384615 0.13942307692307693 0.23317307692307693
0 0.42908653846153844 0.3641826923076923 0.12740384615384615 0.18990384615384615
0 0.3245192307692308 0.2776442307692308 0.09134615384615384 0.15865384615384615
0 0.2608173076923077 0.25841346153846156 0.06490384615384616 0.1466346153846154
0 0.1310096153846154 0.16947115384615385 0.0625 0.08413461538461539
0 0.07932692307692307 0.17668269230769232 0.04807692307692308 0.08653846153846154
0 0.039663461538461536 0.17307692307692307 0.04567307692307692 0.08653846153846154
0 0.06129807692307692 0.10216346153846154 0.04807692307692308 0.07692307692307693
0 0.014423076923076924 0.13341346153846154 0.028846153846153848 0.06971153846153846
0 0.23557692307692307 0.125 0.052884615384615384 0.08653846153846154
0 0.3581730769230769 0.11177884615384616 0.052884615384615384 0.09375
0 0.3269230769230769 0.1045673076923077 0.028846153846153848 0.06490384615384616
0 0.31490384615384615 0.08774038461538461 0.02403846153846154 0.05048076923076923
0 0.39903846153846156 0.12980769230769232 0.038461538461538464 0.07692307692307693
0 0.41947115384615385 0.09254807692307693 0.03365384615384615 0.0625
0 0.453125 0.109375 0.04567307692307692 0.08173076923076923
0 0.5 0.17307692307692307 0.038461538461538464 0.07692307692307693
0 0.5336538461538461 0.1814903846153846 0.07692307692307693 0.11778846153846154
0 0.5060096153846154 0.11298076923076923 0.03365384615384615 0.052884615384615384
0 0.47596153846153844 0.10216346153846154 0.028846153846153848 0.0673076923076923
0 0.5528846153846154 0.11658653846153846 0.038461538461538464 0.06971153846153846
0 0.5949519230769231 0.13581730769230768 0.03365384615384615 0.06490384615384616
0 0.6165865384615384 0.11298076923076923 0.028846153846153848 0.052884615384615384
0 0.6346153846153846 0.22115384615384615 0.10096153846153846 0.14423076923076922
0 0.7800480769230769 0.2608173076923077 0.0889423076923077 0.15865384615384615
0 0.7512019230769231 0.1502403846153846 0.0625 0.09615384615384616
0 0.7007211538461539 0.125 0.028846153846153848 0.0673076923076923
0 0.6526442307692307 0.13822115384615385 0.04326923076923077 0.07211538461538461
0 0.6658653846153846 0.11177884615384616 0.03365384615384615 0.052884615384615384
0 0.9567307692307693 0.31971153846153844 0.08173076923076923 0.1778846153846154
0 0.8762019230769231 0.16947115384615385 0.08173076923076923 0.11298076923076923
0 0.9290865384615384 0.16947115384615385 0.04326923076923077 0.09375
0 0.8810096153846154 0.10576923076923077 0.04326923076923077 0.057692307692307696
0 0.9783653846153846 0.07211538461538461 0.03365384615384615 0.057692307692307696
0 0.8317307692307693 0.09735576923076923 0.028846153846153848 0.052884615384615384
0 0.8052884615384616 0.09134615384615384 0.02403846153846154 0.052884615384615384
0 0.7896634615384616 0.09375 0.028846153846153848 0.052884615384615384
0 0.7572115384615384 0.09254807692307693 0.03365384615384615 0.040865384615384616
0 0.7427884615384616 0.08173076923076923 0.02403846153846154 0.038461538461538464
0 0.7091346153846154 0.09254807692307693 0.02403846153846154 0.040865384615384616