0 0.11899038461538461 0.5036057692307693 0.04326923076923077 0.10096153846153846
0 0.27163461538461536 0.234375 0.014423076923076924 0.040865384615384616
0 0.3137019230769231 0.21875 0.019230769230769232 0.04326923076923077
0 0.3293269230769231 0.19591346153846154 0.02403846153846154 0.04326923076923077
0 0.3485576923076923 0.21995192307692307 0.02403846153846154 0.04807692307692308
0 0.3713942307692308 0.19591346153846154 0.019230769230769232 0.04326923076923077
0 0.38221153846153844 0.18629807692307693 0.014423076923076924 0.036057692307692304
0 0.42427884615384615 0.1658653846153846 0.016826923076923076 0.03365384615384615
0 0.41225961538461536 0.22115384615384615 0.016826923076923076 0.038461538461538464
0 0.3858173076923077 0.23918269230769232 0.021634615384615384 0.038461538461538464
0 0.44711538461538464 0.2764423076923077 0.02403846153846154 0.052884615384615384
0 0.44350961538461536 0.18629807692307693 0.019230769230769232 0.038461538461538464
0 0.4675480769230769 0.15745192307692307 0.016826923076923076 0.03125
0 0.4831730769230769 0.14783653846153846 0.014423076923076924 0.036057692307692304
0 0.4879807692307692 0.15985576923076922 0.014423076923076924 0.036057692307692304
0 0.5072115384615384 0.14302884615384615 0.014423076923076924 0.028846153846153848
0 0.4891826923076923 0.22235576923076922 0.016826923076923076 0.04326923076923077
0 0.5384615384615384 0.20673076923076922 0.019230769230769232 0.028846153846153848
0 0.5432692307692307 0.15144230769230768 0.019230769230769232 0.03365384615384615
0 0.5673076923076923 0.12620192307692307 0.019230769230769232 0.03365384615384615
0 0.5685096153846154 0.14903846153846154 0.016826923076923076 0.028846153846153848
0 0.5889423076923077 0.13942307692307693 0.019230769230769232 0.03365384615384615
0 0.6057692307692307 0.11899038461538461 0.019230769230769232 0.03125
0 0.6418269230769231 0.1201923076923077 0.014423076923076924 0.028846153846153848
0 0.6526442307692307 0.12740384615384615 0.01201923076923077 0.028846153846153848
0 0.6262019230769231 0.14302884615384615 0.016826923076923076 0.021634615384615384
0 0.6177884615384616 0.17067307692307693 0.014423076923076924 0.03365384615384615
0 0.625 0.18389423076923078 0.019230769230769232 0.036057692307692304
0 0.5877403846153846 0.1875 0.016826923076923076 0.038461538461538464
0 0.6622596153846154 0.16947115384615385 0.016826923076923076 0.03365384615384615
0 0.6959134615384616 0.12740384615384615 0.014423076923076924 0.03365384615384615
0 0.6911057692307693 0.14903846153846154 0.014423076923076924 0.028846153846153848
0 0.7223557692307693 0.14783653846153846 0.014423076923076924 0.03365384615384615
0 0.7896634615384616 0.15985576923076922 0.016826923076923076 0.03125
0 0.765625 0.17908653846153846 0.014423076923076924 0.03365384615384615
0 0.7475961538461539 0.1935096153846154 0.014423076923076924 0.040865384615384616
0 0.7199519230769231 0.19831730769230768 0.014423076923076924 0.028846153846153848
0 0.6622596153846154 0.23798076923076922 0.016826923076923076 0.04326923076923077
0 0.625 0.27163461538461536 0.02403846153846154 0.052884615384615384
0 0.5697115384615384 0.3329326923076923 0.02403846153846154 0.052884615384615384
0 0.6153846153846154 0.3425480769230769 0.02403846153846154 0.04807692307692308
0 0.7211538461538461 0.2403846153846154 0.019230769230769232 0.04807692307692308
0 0.7704326923076923 0.2644230769230769 0.019230769230769232 0.038461538461538464
0 0.7824519230769231 0.21153846153846154 0.016826923076923076 0.038461538461538464
0 0.8125 0.17908653846153846 0.014423076923076924 0.03365384615384615
0 0.8341346153846154 0.20432692307692307 0.014423076923076924 0.03365384615384615
0 0.8052884615384616 0.23798076923076922 0.02403846153846154 0.03365384615384615
0 0.8209134615384616 0.2764423076923077 0.019230769230769232 0.04807692307692308
0 0.7512019230769231 0.2127403846153846 0.016826923076923076 0.036057692307692304
0 0.8774038461538461 0.21033653846153846 0.014423076923076924 0.028846153846153848
0 0.8689903846153846 0.21995192307692307 0.014423076923076924 0.03125
0 0.9170673076923077 0.20793269230769232 0.014423076923076924 0.028846153846153848
0 0.9098557692307693 0.22956730769230768 0.016826923076923076 0.03125
0 0.8954326923076923 0.25240384615384615 0.021634615384615384 0.04326923076923077
0 0.9471153846153846 0.21634615384615385 0.009615384615384616 0.028846153846153848
0 0.9831730769230769 0.23798076923076922 0.014423076923076924 0.02403846153846154
0 0.9266826923076923 0.31009615384615385 0.016826923076923076 0.052884615384615384
0 0.9471153846153846 0.34615384615384615 0.019230769230769232 0.057692307692307696
0 0.9795673076923077 0.28365384615384615 0.014423076923076924 0.057692307692307696
0 0.9807692307692307 0.33413461538461536 0.019230769230769232 0.04326923076923077
0 0.9543269230769231 0.4182692307692308 0.019230769230769232 0.0673076923076923
0 0.8978365384615384 0.38822115384615385 0.021634615384615384 0.0673076923076923
0 0.8665865384615384 0.3329326923076923 0.019230769230769232 0.04326923076923077
0 0.8088942307692307 0.40865384615384615 0.026442307692307692 0.07692307692307693
0 0.8653846153846154 0.47716346153846156 0.028846153846153848 0.07211538461538461
0 0.7463942307692307 0.38341346153846156 0.026442307692307692 0.06490384615384616
0 0.6646634615384616 0.36658653846153844 0.02403846153846154 0.057692307692307696