0 0.3233173076923077 0.19591346153846154 0.019230769230769232 0.036057692307692304
0 0.3485576923076923 0.15264423076923078 0.02403846153846154 0.036057692307692304
0 0.49038461538461536 0.1971153846153846 0.028846153846153848 0.057692307692307696
0 0.5612980769230769 0.19591346153846154 0.021634615384615384 0.04326923076923077
0 0.6045673076923077 0.24519230769230768 0.026442307692307692 0.04807692307692308
0 0.609375 0.19591346153846154 0.021634615384615384 0.04326923076923077
0 0.6526442307692307 0.17307692307692307 0.028846153846153848 0.0673076923076923
0 0.6778846153846154 0.21153846153846154 0.02403846153846154 0.04807692307692308
0 0.7427884615384616 0.27283653846153844 0.03365384615384615 0.052884615384615384
0 0.7776442307692307 0.28966346153846156 0.038461538461538464 0.07451923076923077
0 0.7932692307692307 0.25600961538461536 0.028846153846153848 0.05048076923076923
0 0.8137019230769231 0.21754807692307693 0.02403846153846154 0.055288461538461536
0 0.8305288461538461 0.25841346153846156 0.021634615384615384 0.05048076923076923
0 0.9014423076923077 0.2764423076923077 0.028846153846153848 0.0625
0 0.9134615384615384 0.32211538461538464 0.038461538461538464 0.07692307692307693