0 0.2692307692307692 0.25841346153846156 0.019230769230769232 0.03365384615384615
0 0.2800480769230769 0.2608173076923077 0.019230769230769232 0.038461538461538464
0 0.31009615384615385 0.2620192307692308 0.019230769230769232 0.04326923076923077
0 0.3269230769230769 0.2776442307692308 0.019230769230769232 0.038461538461538464
0 0.3485576923076923 0.30288461538461536 0.02403846153846154 0.038461538461538464
0 0.34975961538461536 0.23557692307692307 0.019230769230769232 0.038461538461538464
0 0.38341346153846156 0.2127403846153846 0.019230769230769232 0.036057692307692304
0 0.39663461538461536 0.21033653846153846 0.019230769230769232 0.03125
0 0.40384615384615385 0.296875 0.028846153846153848 0.04567307692307692
0 0.4182692307692308 0.23557692307692307 0.02403846153846154 0.038461538461538464
0 0.48197115384615385 0.22355769230769232 0.02403846153846154 0.04326923076923077
0 0.4675480769230769 0.17908653846153846 0.021634615384615384 0.038461538461538464
0 0.5168269230769231 0.16466346153846154 0.014423076923076924 0.028846153846153848
0 0.5372596153846154 0.18389423076923078 0.019230769230769232 0.036057692307692304
0 0.5240384615384616 0.21153846153846154 0.019230769230769232 0.03365384615384615
0 0.5685096153846154 0.19110576923076922 0.02403846153846154 0.03365384615384615
0 0.5673076923076923 0.16105769230769232 0.019230769230769232 0.028846153846153848
0 0.5925480769230769 0.17067307692307693 0.019230769230769232 0.038461538461538464
0 0.609375 0.12259615384615384 0.016826923076923076 0.02403846153846154
0 0.5805288461538461 0.22596153846153846 0.021634615384615384 0.038461538461538464
0 0.5072115384615384 0.30408653846153844 0.02403846153846154 0.05048076923076923
0 0.5576923076923077 0.3137019230769231 0.028846153846153848 0.06009615384615385
0 0.5961538461538461 0.2692307692307692 0.028846153846153848 0.057692307692307696
0 0.6237980769230769 0.21875 0.02403846153846154 0.04326923076923077
0 0.6478365384615384 0.19471153846153846 0.021634615384615384 0.04326923076923077
0 0.6670673076923077 0.3473557692307692 0.03365384615384615 0.07211538461538461
0 0.6574519230769231 0.27163461538461536 0.028846153846153848 0.052884615384615384
0 0.6802884615384616 0.21514423076923078 0.02403846153846154 0.05048076923076923
0 0.6935096153846154 0.18389423076923078 0.021634615384615384 0.038461538461538464
0 0.7307692307692307 0.20192307692307693 0.019230769230769232 0.038461538461538464
0 0.7379807692307693 0.18028846153846154 0.019230769230769232 0.03365384615384615
0 0.7259615384615384 0.2548076923076923 0.028846153846153848 0.04807692307692308
0 0.7584134615384616 0.234375 0.021634615384615384 0.04326923076923077
0 0.765625 0.18870192307692307 0.019230769230769232 0.03365384615384615
0 0.7872596153846154 0.19951923076923078 0.019230769230769232 0.038461538461538464
0 0.7752403846153846 0.14302884615384615 0.016826923076923076 0.03365384615384615
0 0.8052884615384616 0.1466346153846154 0.019230769230769232 0.03365384615384615
0 0.8233173076923077 0.17427884615384615 0.019230769230769232 0.03365384615384615
0 0.8305288461538461 0.23076923076923078 0.019230769230769232 0.038461538461538464
0 0.8149038461538461 0.2512019230769231 0.028846153846153848 0.055288461538461536
0 0.7860576923076923 0.30408653846153844 0.02403846153846154 0.055288461538461536
0 0.7680288461538461 0.3629807692307692 0.03365384615384615 0.0625
0 0.8581730769230769 0.2956730769230769 0.028846153846153848 0.052884615384615384
0 0.8725961538461539 0.265625 0.02403846153846154 0.04807692307692308
0 0.9098557692307693 0.29086538461538464 0.026442307692307692 0.052884615384615384
0 0.8930288461538461 0.2127403846153846 0.019230769230769232 0.04326923076923077
0 0.8497596153846154 0.20192307692307693 0.016826923076923076 0.038461538461538464
0 0.8617788461538461 0.16105769230769232 0.014423076923076924 0.03365384615384615