0 0.055288461538461536 0.359375 0.04807692307692308 0.06490384615384616
0 0.10817307692307693 0.39903846153846156 0.028846153846153848 0.04807692307692308
0 0.16346153846153846 0.3737980769230769 0.028846153846153848 0.055288461538461536
0 0.19591346153846154 0.36778846153846156 0.040865384615384616 0.052884615384615384
0 0.2776442307692308 0.35336538461538464 0.052884615384615384 0.08173076923076923
0 0.31971153846153844 0.36778846153846156 0.038461538461538464 0.057692307692307696
0 0.37740384615384615 0.3786057692307692 0.028846153846153848 0.052884615384615384
0 0.4014423076923077 0.3870192307692308 0.02403846153846154 0.04326923076923077
0 0.4387019230769231 0.3786057692307692 0.03365384615384615 0.06009615384615385
0 0.47836538461538464 0.3870192307692308 0.019230769230769232 0.04326923076923077
0 0.5360576923076923 0.3581730769230769 0.052884615384615384 0.10096153846153846
0 0.6105769230769231 0.3798076923076923 0.038461538461538464 0.08653846153846154
0 0.640625 0.3942307692307692 0.03125 0.057692307692307696
0 0.7007211538461539 0.40024038461538464 0.03365384615384615 0.0673076923076923
0 0.7512019230769231 0.4206730769230769 0.02403846153846154 0.038461538461538464
0 0.9447115384615384 0.3245192307692308 0.02403846153846154 0.04326923076923077