0 0.09615384615384616 0.6622596153846154 0.052884615384615384 0.08653846153846154
0 0.046875 0.6346153846153846 0.04567307692307692 0.0625
0 0.08052884615384616 0.6177884615384616 0.05048076923076923 0.0673076923076923
0 0.20793269230769232 0.6923076923076923 0.057692307692307696 0.08653846153846154
0 0.2668269230769231 0.6141826923076923 0.04807692307692308 0.07692307692307693
0 0.2704326923076923 0.5829326923076923 0.02403846153846154 0.04326923076923077
0 0.2824519230769231 0.5673076923076923 0.03365384615384615 0.04807692307692308
0 0.36177884615384615 0.6201923076923077 0.04567307692307692 0.07692307692307693
0 0.3557692307692308 0.5721153846153846 0.03365384615384615 0.038461538461538464
0 0.5384615384615384 0.49278846153846156 0.028846153846153848 0.0625
0 0.7692307692307693 0.5901442307692307 0.02403846153846154 0.04326923076923077
0 0.8040865384615384 0.609375 0.040865384615384616 0.06971153846153846
0 0.8389423076923077 0.5444711538461539 0.02403846153846154 0.038461538461538464
0 0.8569711538461539 0.5564903846153846 0.026442307692307692 0.04807692307692308
0 0.90625 0.6105769230769231 0.04326923076923077 0.0673076923076923
0 0.9242788461538461 0.5913461538461539 0.038461538461538464 0.057692307692307696
0 0.9314903846153846 0.6790865384615384 0.06490384615384616 0.11057692307692307
0 0.9867788461538461 0.5480769230769231 0.021634615384615384 0.052884615384615384