0 0.03245192307692308 0.5889423076923077 0.06490384615384616 0.14903846153846154
0 0.07091346153846154 0.39302884615384615 0.038461538461538464 0.07451923076923077
0 0.11538461538461539 0.4182692307692308 0.038461538461538464 0.07692307692307693
0 0.15625 0.4326923076923077 0.04326923076923077 0.07692307692307693
0 0.1622596153846154 0.3954326923076923 0.028846153846153848 0.05048076923076923
0 0.23798076923076922 0.43990384615384615 0.04807692307692308 0.08173076923076923
0 0.2848557692307692 0.39663461538461536 0.026442307692307692 0.052884615384615384
0 0.34375 0.4182692307692308 0.038461538461538464 0.07692307692307693
0 0.3894230769230769 0.40865384615384615 0.038461538461538464 0.07692307692307693
0 0.4170673076923077 0.38822115384615385 0.014423076923076924 0.05048076923076923
0 0.44591346153846156 0.40024038461538464 0.02403846153846154 0.04807692307692308
0 0.4723557692307692 0.4855769230769231 0.04807692307692308 0.09615384615384616
0 0.49158653846153844 0.46033653846153844 0.026442307692307692 0.06009615384615385
0 0.5 0.4206730769230769 0.02403846153846154 0.057692307692307696
0 0.4723557692307692 0.3858173076923077 0.026442307692307692 0.04567307692307692
0 0.4963942307692308 0.37740384615384615 0.014423076923076924 0.04326923076923077
0 0.5120192307692307 0.39663461538461536 0.02403846153846154 0.04326923076923077
0 0.53125 0.3762019230769231 0.019230769230769232 0.04567307692307692
0 0.5697115384615384 0.49399038461538464 0.04807692307692308 0.09375
0 0.5576923076923077 0.41346153846153844 0.028846153846153848 0.0673076923076923
0 0.5877403846153846 0.38341346153846156 0.019230769230769232 0.04807692307692308
0 0.6418269230769231 0.40024038461538464 0.02403846153846154 0.055288461538461536
0 0.6838942307692307 0.39663461538461536 0.02403846153846154 0.04807692307692308
0 0.6814903846153846 0.45072115384615385 0.03125 0.06009615384615385
0 0.7463942307692307 0.4362980769230769 0.03125 0.06971153846153846
0 0.7283653846153846 0.5300480769230769 0.052884615384615384 0.11298076923076923
0 0.8064903846153846 0.5048076923076923 0.052884615384615384 0.10576923076923077
0 0.8629807692307693 0.33774038461538464 0.052884615384615384 0.10336538461538461
0 0.9471153846153846 0.42788461538461536 0.052884615384615384 0.08653846153846154