0 0.06610576923076923 0.4735576923076923 0.038461538461538464 0.0625
0 0.20192307692307693 0.49038461538461536 0.052884615384615384 0.0625
0 0.25600961538461536 0.4483173076923077 0.036057692307692304 0.04326923076923077
0 0.36177884615384615 0.47475961538461536 0.040865384615384616 0.057692307692307696
0 0.36177884615384615 0.4362980769230769 0.03125 0.040865384615384616
0 0.4495192307692308 0.43028846153846156 0.028846153846153848 0.052884615384615384
0 0.44591346153846156 0.47596153846153844 0.040865384615384616 0.0673076923076923
0 0.4831730769230769 0.4963942307692308 0.0625 0.0985576923076923
0 0.5336538461538461 0.421875 0.028846153846153848 0.04326923076923077
0 0.5853365384615384 0.4254807692307692 0.03125 0.04326923076923077
0 0.5877403846153846 0.46634615384615385 0.038461538461538464 0.052884615384615384
0 0.6466346153846154 0.5096153846153846 0.057692307692307696 0.08173076923076923
0 0.6790865384615384 0.45072115384615385 0.03365384615384615 0.04567307692307692
0 0.6622596153846154 0.4254807692307692 0.02403846153846154 0.038461538461538464
0 0.6430288461538461 0.41225961538461536 0.021634615384615384 0.040865384615384616
0 0.7019230769230769 0.39903846153846156 0.02403846153846154 0.038461538461538464
0 0.7391826923076923 0.4206730769230769 0.028846153846153848 0.038461538461538464
0 0.7788461538461539 0.46153846153846156 0.04807692307692308 0.07211538461538461
0 0.8064903846153846 0.40625 0.021634615384615384 0.03365384615384615
0 0.8353365384615384 0.42427884615384615 0.03125 0.04567307692307692
0 0.8930288461538461 0.44711538461538464 0.04326923076923077 0.0625
0 0.9026442307692307 0.4098557692307692 0.026442307692307692 0.04326923076923077
0 0.8389423076923077 0.6105769230769231 0.11057692307692307 0.20673076923076922