0 0.11778846153846154 0.7355769230769231 0.09615384615384616 0.13942307692307693
0 0.17307692307692307 0.6418269230769231 0.0673076923076923 0.09134615384615384
0 0.23317307692307693 0.5973557692307693 0.052884615384615384 0.0673076923076923
0 0.27524038461538464 0.6105769230769231 0.057692307692307696 0.07211538461538461
0 0.27403846153846156 0.5540865384615384 0.038461538461538464 0.05048076923076923
0 0.31490384615384615 0.53125 0.02403846153846154 0.04326923076923077
0 0.32572115384615385 0.5120192307692307 0.021634615384615384 0.03365384615384615
0 0.2824519230769231 0.46274038461538464 0.02403846153846154 0.038461538461538464
0 0.3449519230769231 0.46153846153846156 0.021634615384615384 0.038461538461538464
0 0.4326923076923077 0.5564903846153846 0.03365384615384615 0.04567307692307692
0 0.4579326923076923 0.5625 0.038461538461538464 0.04807692307692308
0 0.5084134615384616 0.5961538461538461 0.06490384615384616 0.08653846153846154
0 0.4423076923076923 0.5324519230769231 0.028846153846153848 0.02403846153846154
0 0.43028846153846156 0.5240384615384616 0.028846153846153848 0.038461538461538464
0 0.9014423076923077 0.4735576923076923 0.03365384615384615 0.052884615384615384