0 0.052884615384615384 0.5072115384615384 0.0625 0.11538461538461539
0 0.15745192307692307 0.5144230769230769 0.04567307692307692 0.09134615384615384
0 0.22235576923076922 0.5600961538461539 0.09375 0.1346153846153846
0 0.31490384615384615 0.49158653846153844 0.057692307692307696 0.09134615384615384
0 0.3701923076923077 0.5516826923076923 0.0673076923076923 0.1346153846153846
0 0.5048076923076923 0.7007211538461539 0.10576923076923077 0.19471153846153846
0 0.5168269230769231 0.5372596153846154 0.07211538461538461 0.125
0 0.6298076923076923 0.5300480769230769 0.057692307692307696 0.09615384615384616
0 0.7043269230769231 0.625 0.08173076923076923 0.16346153846153846
0 0.7776442307692307 0.5961538461538461 0.07451923076923077 0.14423076923076922
0 0.8197115384615384 0.5168269230769231 0.052884615384615384 0.08173076923076923
0 0.7127403846153846 0.5024038461538461 0.06490384615384616 0.08173076923076923
0 0.96875 0.6045673076923077 0.057692307692307696 0.1466346153846154
0 0.9699519230769231 0.44711538461538464 0.03365384615384615 0.057692307692307696
0 0.9867788461538461 0.40625 0.02403846153846154 0.038461538461538464
0 0.9086538461538461 0.39663461538461536 0.028846153846153848 0.04326923076923077
0 0.8942307692307693 0.43149038461538464 0.03365384615384615 0.052884615384615384
0 0.8581730769230769 0.4519230769230769 0.03365384615384615 0.057692307692307696
0 0.8713942307692307 0.4098557692307692 0.028846153846153848 0.040865384615384616
0 0.8569711538461539 0.40024038461538464 0.02403846153846154 0.038461538461538464
0 0.8317307692307693 0.4206730769230769 0.02403846153846154 0.052884615384615384
0 0.8149038461538461 0.4375 0.028846153846153848 0.057692307692307696
0 0.7740384615384616 0.44591346153846156 0.03365384615384615 0.057692307692307696
0 0.7115384615384616 0.43028846153846156 0.028846153846153848 0.0625
0 0.625 0.45913461538461536 0.04807692307692308 0.08173076923076923
0 0.6526442307692307 0.4423076923076923 0.028846153846153848 0.0673076923076923
0 0.6069711538461539 0.4098557692307692 0.028846153846153848 0.052884615384615384
0 0.5841346153846154 0.41225961538461536 0.03365384615384615 0.057692307692307696
0 0.5384615384615384 0.42908653846153844 0.03365384615384615 0.057692307692307696
0 0.45913461538461536 0.4411057692307692 0.038461538461538464 0.06009615384615385
0 0.4326923076923077 0.4110576923076923 0.019230769230769232 0.04326923076923077
0 0.3629807692307692 0.4098557692307692 0.02403846153846154 0.040865384615384616
0 0.3918269230769231 0.40865384615384615 0.02403846153846154 0.03365384615384615
0 0.3786057692307692 0.3918269230769231 0.019230769230769232 0.038461538461538464
0 0.25600961538461536 0.42788461538461536 0.03365384615384615 0.04807692307692308
0 0.24158653846153846 0.40384615384615385 0.026442307692307692 0.038461538461538464
0 0.2980769230769231 0.41947115384615385 0.019230769230769232 0.038461538461538464
0 0.30408653846153844 0.39903846153846156 0.019230769230769232 0.038461538461538464
0 0.34134615384615385 0.41947115384615385 0.028846153846153848 0.04326923076923077
0 0.3557692307692308 0.49038461538461536 0.04326923076923077 0.08173076923076923
0 0.5060096153846154 0.39783653846153844 0.019230769230769232 0.03365384615384615
0 0.6358173076923077 0.3942307692307692 0.021634615384615384 0.038461538461538464
0 0.6610576923076923 0.38822115384615385 0.02403846153846154 0.036057692307692304
0 0.6947115384615384 0.40024038461538464 0.014423076923076924 0.038461538461538464
0 0.7283653846153846 0.3942307692307692 0.014423076923076924 0.02403846153846154
0 0.7836538461538461 0.39903846153846156 0.028846153846153848 0.038461538461538464
0 0.19230769230769232 0.46153846153846156 0.04807692307692308 0.08653846153846154
0 0.17307692307692307 0.4206730769230769 0.028846153846153848 0.0625
0 0.12860576923076922 0.43028846153846156 0.03365384615384615 0.052884615384615384
0 0.13701923076923078 0.4098557692307692 0.028846153846153848 0.052884615384615384
0 0.09495192307692307 0.44471153846153844 0.028846153846153848 0.052884615384615384
0 0.0889423076923077 0.4170673076923077 0.028846153846153848 0.05048076923076923
0 0.019230769230769232 0.44471153846153844 0.028846153846153848 0.04326923076923077
0 0.037259615384615384 0.42427884615384615 0.028846153846153848 0.040865384615384616