0 0.057692307692307696 0.6622596153846154 0.10096153846153846 0.21634615384615385
0 0.16466346153846154 0.75 0.06009615384615385 0.12980769230769232
0 0.2247596153846154 0.6105769230769231 0.055288461538461536 0.1201923076923077
0 0.3293269230769231 0.5625 0.04326923076923077 0.10576923076923077
0 0.43149038461538464 0.42788461538461536 0.08653846153846154 0.20673076923076922
0 0.5396634615384616 0.49278846153846156 0.06490384615384616 0.15384615384615385
0 0.6778846153846154 0.5528846153846154 0.038461538461538464 0.09615384615384616
0 0.7536057692307693 0.5769230769230769 0.04326923076923077 0.125
0 0.8137019230769231 0.5745192307692307 0.04326923076923077 0.10096153846153846
0 0.8485576923076923 0.6802884615384616 0.0673076923076923 0.12980769230769232
0 0.9242788461538461 0.6778846153846154 0.07211538461538461 0.14423076923076922
0 0.6706730769230769 0.8545673076923077 0.09134615384615384 0.18990384615384615