0 0.11899038461538461 0.33413461538461536 0.0625 0.11057692307692307
0 0.18629807692307693 0.3581730769230769 0.06009615384615385 0.11057692307692307
0 0.22716346153846154 0.41225961538461536 0.07211538461538461 0.125
0 0.28365384615384615 0.40865384615384615 0.07211538461538461 0.125
0 0.359375 0.44350961538461536 0.0889423076923077 0.12980769230769232
0 0.3557692307692308 0.3329326923076923 0.057692307692307696 0.08173076923076923
0 0.3293269230769231 0.3112980769230769 0.028846153846153848 0.052884615384615384
0 0.5012019230769231 0.35216346153846156 0.06971153846153846 0.11298076923076923
0 0.5048076923076923 0.2764423076923077 0.038461538461538464 0.0673076923076923
0 0.5576923076923077 0.31009615384615385 0.052884615384615384 0.08653846153846154
0 0.5865384615384616 0.4375 0.08653846153846154 0.16346153846153846
0 0.5985576923076923 0.36538461538461536 0.0625 0.08653846153846154
0 0.6201923076923077 0.31009615384615385 0.04807692307692308 0.0673076923076923
0 0.6995192307692307 0.34615384615384615 0.052884615384615384 0.10576923076923077
0 0.7319711538461539 0.4879807692307692 0.11057692307692307 0.1778846153846154
0 0.7608173076923077 0.390625 0.0625 0.0985576923076923
0 0.8088942307692307 0.33533653846153844 0.057692307692307696 0.11298076923076923
0 0.8677884615384616 0.4098557692307692 0.08173076923076923 0.13701923076923078
0 0.9603365384615384 0.4014423076923077 0.07451923076923077 0.1778846153846154
0 0.8569711538461539 0.28846153846153844 0.03365384615384615 0.0625
0 0.9014423076923077 0.2956730769230769 0.052884615384615384 0.0673076923076923
0 0.9134615384615384 0.3605769230769231 0.04807692307692308 0.10576923076923077
0 0.9723557692307693 0.2980769230769231 0.040865384615384616 0.0625
0 0.9447115384615384 0.29086538461538464 0.03365384615384615 0.0673076923076923
0 0.6730769230769231 0.28966346153846156 0.038461538461538464 0.07692307692307693