0 0.04447115384615385 0.3942307692307692 0.03125 0.0625
0 0.24879807692307693 0.28846153846153844 0.016826923076923076 0.019230769230769232
0 0.27163461538461536 0.2692307692307692 0.014423076923076924 0.03365384615384615
0 0.3016826923076923 0.2620192307692308 0.019230769230769232 0.03365384615384615
0 0.33533653846153844 0.27884615384615385 0.016826923076923076 0.028846153846153848
0 0.33052884615384615 0.22115384615384615 0.014423076923076924 0.028846153846153848
0 0.3473557692307692 0.21514423076923078 0.014423076923076924 0.026442307692307692
0 0.375 0.2127403846153846 0.014423076923076924 0.03125
0 0.3918269230769231 0.21634615384615385 0.014423076923076924 0.028846153846153848
0 0.4254807692307692 0.21634615384615385 0.014423076923076924 0.028846153846153848
0 0.42788461538461536 0.26802884615384615 0.019230769230769232 0.040865384615384616
0 0.4891826923076923 0.23076923076923078 0.019230769230769232 0.04807692307692308
0 0.4543269230769231 0.22115384615384615 0.014423076923076924 0.028846153846153848
0 0.4411057692307692 0.19951923076923078 0.014423076923076924 0.02403846153846154
0 0.42427884615384615 0.18509615384615385 0.016826923076923076 0.028846153846153848
0 0.42427884615384615 0.16346153846153846 0.01201923076923077 0.019230769230769232
0 0.4579326923076923 0.16706730769230768 0.014423076923076924 0.019230769230769232
0 0.45072115384615385 0.14783653846153846 0.009615384615384616 0.019230769230769232
0 0.47596153846153844 0.16706730769230768 0.014423076923076924 0.021634615384615384
0 0.46875 0.14783653846153846 0.014423076923076924 0.021634615384615384
0 0.484375 0.13221153846153846 0.01201923076923077 0.02403846153846154
0 0.49759615384615385 0.1971153846153846 0.014423076923076924 0.028846153846153848
0 0.5396634615384616 0.19951923076923078 0.016826923076923076 0.03365384615384615
0 0.515625 0.15144230769230768 0.014423076923076924 0.02403846153846154
0 0.5288461538461539 0.13341346153846154 0.009615384615384616 0.03125
0 0.5 0.15384615384615385 0.009615384615384616 0.019230769230769232
0 0.5012019230769231 0.1778846153846154 0.01201923076923077 0.019230769230769232
0 0.5492788461538461 0.15625 0.01201923076923077 0.03365384615384615
0 0.5685096153846154 0.18028846153846154 0.019230769230769232 0.03365384615384615
0 0.5769230769230769 0.15384615384615385 0.009615384615384616 0.028846153846153848
0 0.5576923076923077 0.1141826923076923 0.009615384615384616 0.021634615384615384
0 0.5853365384615384 0.12259615384615384 0.01201923076923077 0.02403846153846154
0 0.5877403846153846 0.09735576923076923 0.01201923076923077 0.02403846153846154
0 0.6177884615384616 0.14423076923076922 0.014423076923076924 0.028846153846153848
0 0.609375 0.1201923076923077 0.009615384615384616 0.019230769230769232
0 0.6153846153846154 0.10336538461538461 0.009615384615384616 0.02403846153846154
0 0.6346153846153846 0.12259615384615384 0.014423076923076924 0.02403846153846154
0 0.6490384615384616 0.10336538461538461 0.009615384615384616 0.02403846153846154
0 0.6658653846153846 0.11658653846153846 0.014423076923076924 0.026442307692307692
0 0.6971153846153846 0.09975961538461539 0.009615384615384616 0.03125
0 0.390625 0.1971153846153846 0.014423076923076924 0.028846153846153848
0 0.4879807692307692 0.2980769230769231 0.02403846153846154 0.04807692307692308
0 0.5673076923076923 0.29086538461538464 0.019230769230769232 0.04326923076923077
0 0.6009615384615384 0.33052884615384615 0.028846153846153848 0.055288461538461536
0 0.6706730769230769 0.3245192307692308 0.028846153846153848 0.052884615384615384
0 0.7103365384615384 0.29447115384615385 0.02403846153846154 0.04567307692307692
0 0.7824519230769231 0.296875 0.021634615384615384 0.05048076923076923
0 0.8016826923076923 0.24158653846153846 0.021634615384615384 0.05048076923076923
0 0.7463942307692307 0.22115384615384615 0.02403846153846154 0.038461538461538464
0 0.7007211538461539 0.20192307692307693 0.021634615384615384 0.03365384615384615
0 0.6610576923076923 0.20072115384615385 0.019230769230769232 0.036057692307692304
0 0.6382211538461539 0.1778846153846154 0.019230769230769232 0.03365384615384615
0 0.6189903846153846 0.22115384615384615 0.021634615384615384 0.038461538461538464
0 0.6129807692307693 0.25240384615384615 0.02403846153846154 0.04326923076923077
0 0.5625 0.24278846153846154 0.02403846153846154 0.04807692307692308
0 0.6754807692307693 0.14903846153846154 0.014423076923076924 0.028846153846153848
0 0.7019230769230769 0.14302884615384615 0.009615384615384616 0.028846153846153848
0 0.7235576923076923 0.15504807692307693 0.014423076923076924 0.03125
0 0.7331730769230769 0.12740384615384615 0.014423076923076924 0.03365384615384615
0 0.7451923076923077 0.13701923076923078 0.014423076923076924 0.03365384615384615
0 0.7451923076923077 0.10817307692307693 0.009615384615384616 0.02403846153846154
0 0.7644230769230769 0.12980769230769232 0.009615384615384616 0.028846153846153848
0 0.7704326923076923 0.15625 0.014423076923076924 0.028846153846153848
0 0.7319711538461539 0.1935096153846154 0.019230769230769232 0.036057692307692304
0 0.6586538461538461 0.2608173076923077 0.019230769230769232 0.04567307692307692
0 0.7800480769230769 0.12379807692307693 0.009615384615384616 0.026442307692307692
0 0.7944711538461539 0.1310096153846154 0.009615384615384616 0.02403846153846154
0 0.8064903846153846 0.12980769230769232 0.01201923076923077 0.028846153846153848
0 0.7944711538461539 0.18028846153846154 0.019230769230769232 0.03365384615384615
0 0.8125 0.16947115384615385 0.014423076923076924 0.028846153846153848
0 0.8305288461538461 0.13822115384615385 0.014423076923076924 0.03125
0 0.8497596153846154 0.16706730769230768 0.01201923076923077 0.028846153846153848
0 0.859375 0.15144230769230768 0.01201923076923077 0.028846153846153848
0 0.859375 0.12740384615384615 0.01201923076923077 0.02403846153846154
0 0.890625 0.12980769230769232 0.01201923076923077 0.028846153846153848
0 0.8822115384615384 0.16466346153846154 0.014423076923076924 0.021634615384615384
0 0.9098557692307693 0.1658653846153846 0.014423076923076924 0.02403846153846154
0 0.9254807692307693 0.15865384615384615 0.014423076923076924 0.028846153846153848
0 0.921875 0.203125 0.016826923076923076 0.036057692307692304
0 0.8894230769230769 0.1971153846153846 0.009615384615384616 0.03365384615384615
0 0.8930288461538461 0.16466346153846154 0.01201923076923077 0.021634615384615384
0 0.8641826923076923 0.23197115384615385 0.014423076923076924 0.036057692307692304
0 0.8425480769230769 0.19591346153846154 0.014423076923076924 0.036057692307692304