0 0.14182692307692307 0.3954326923076923 0.028846153846153848 0.08173076923076923
0 0.3161057692307692 0.234375 0.021634615384615384 0.040865384615384616
0 0.3389423076923077 0.22596153846153846 0.02403846153846154 0.04807692307692308
0 0.3737980769230769 0.1971153846153846 0.019230769230769232 0.038461538461538464
0 0.36177884615384615 0.22596153846153846 0.02403846153846154 0.038461538461538464
0 0.3701923076923077 0.30408653846153844 0.028846153846153848 0.040865384615384616
0 0.39783653846153844 0.28966346153846156 0.02403846153846154 0.055288461538461536
0 0.39663461538461536 0.18629807692307693 0.019230769230769232 0.038461538461538464
0 0.41346153846153844 0.19591346153846154 0.02403846153846154 0.03365384615384615
0 0.41225961538461536 0.22956730769230768 0.02403846153846154 0.040865384615384616
0 0.45913461538461536 0.17908653846153846 0.02403846153846154 0.03365384615384615
0 0.47596153846153844 0.24158653846153846 0.019230769230769232 0.040865384615384616
0 0.5 0.1971153846153846 0.019230769230769232 0.038461538461538464
0 0.4951923076923077 0.15384615384615385 0.019230769230769232 0.028846153846153848
0 0.53125 0.16947115384615385 0.02403846153846154 0.040865384615384616
0 0.5769230769230769 0.11778846153846154 0.019230769230769232 0.03365384615384615
0 0.5552884615384616 0.16105769230769232 0.02403846153846154 0.038461538461538464
0 0.5408653846153846 0.20432692307692307 0.02403846153846154 0.04326923076923077
0 0.5973557692307693 0.13221153846153846 0.016826923076923076 0.02403846153846154
0 0.5997596153846154 0.16706730769230768 0.019230769230769232 0.03365384615384615
0 0.6286057692307693 0.14543269230769232 0.021634615384615384 0.038461538461538464
0 0.5096153846153846 0.2860576923076923 0.02403846153846154 0.052884615384615384
0 0.5516826923076923 0.3112980769230769 0.03365384615384615 0.06971153846153846
0 0.609375 0.2620192307692308 0.028846153846153848 0.052884615384615384
0 0.6370192307692307 0.19471153846153846 0.014423076923076924 0.04326923076923077
0 0.6430288461538461 0.30288461538461536 0.026442307692307692 0.04807692307692308
0 0.6706730769230769 0.27163461538461536 0.02403846153846154 0.04326923076923077
0 0.6802884615384616 0.2127403846153846 0.03365384615384615 0.057692307692307696
0 0.6706730769230769 0.1814903846153846 0.02403846153846154 0.04567307692307692
0 0.7007211538461539 0.15625 0.02403846153846154 0.04807692307692308
0 0.7175480769230769 0.06850961538461539 0.016826923076923076 0.036057692307692304
0 0.8100961538461539 0.07692307692307693 0.014423076923076924 0.038461538461538464
0 0.7548076923076923 0.19230769230769232 0.028846153846153848 0.04807692307692308
0 0.7139423076923077 0.23076923076923078 0.03365384615384615 0.0625
0 0.7367788461538461 0.265625 0.02403846153846154 0.052884615384615384
0 0.7860576923076923 0.26802884615384615 0.02403846153846154 0.04807692307692308
0 0.7764423076923077 0.21754807692307693 0.03365384615384615 0.057692307692307696
0 0.7800480769230769 0.1658653846153846 0.016826923076923076 0.052884615384615384
0 0.8689903846153846 0.15865384615384615 0.016826923076923076 0.04807692307692308
0 0.8509615384615384 0.3088942307692308 0.028846153846153848 0.055288461538461536
0 0.8737980769230769 0.25240384615384615 0.026442307692307692 0.04807692307692308
0 0.9278846153846154 0.2800480769230769 0.02403846153846154 0.05048076923076923
0 0.9302884615384616 0.23918269230769232 0.02403846153846154 0.04807692307692308
0 0.9326923076923077 0.12740384615384615 0.019230769230769232 0.04807692307692308
0 0.9447115384615384 0.13942307692307693 0.02403846153846154 0.04807692307692308