0 0.027644230769230768 0.5168269230769231 0.055288461538461536 0.15384615384615385
0 0.20552884615384615 0.7115384615384616 0.07932692307692307 0.17307692307692307
0 0.41225961538461536 0.65625 0.07932692307692307 0.12980769230769232
0 0.2536057692307692 0.5084134615384616 0.052884615384615384 0.10336538461538461
0 0.23798076923076922 0.4254807692307692 0.04326923076923077 0.08173076923076923
0 0.3016826923076923 0.39663461538461536 0.03365384615384615 0.0673076923076923
0 0.35096153846153844 0.4338942307692308 0.038461538461538464 0.08173076923076923
0 0.38461538461538464 0.4050480769230769 0.038461538461538464 0.05048076923076923
0 0.4495192307692308 0.41346153846153844 0.038461538461538464 0.07692307692307693
0 0.6490384615384616 0.39663461538461536 0.028846153846153848 0.0625
0 0.6790865384615384 0.4338942307692308 0.04326923076923077 0.08173076923076923
0 0.7127403846153846 0.3954326923076923 0.028846153846153848 0.06490384615384616
0 0.7572115384615384 0.43990384615384615 0.03365384615384615 0.0673076923076923
0 0.8197115384615384 0.43509615384615385 0.03365384615384615 0.0625
0 0.7548076923076923 0.5552884615384616 0.057692307692307696 0.1201923076923077
0 0.9290865384615384 0.5745192307692307 0.07211538461538461 0.12980769230769232
0 0.9471153846153846 0.6971153846153846 0.0673076923076923 0.125