0 0.039663461538461536 0.42908653846153844 0.07932692307692307 0.18990384615384615
0 0.09375 0.3701923076923077 0.0673076923076923 0.125
0 0.1141826923076923 0.3125 0.04326923076923077 0.07692307692307693
0 0.13822115384615385 0.2932692307692308 0.036057692307692304 0.057692307692307696
0 0.2439903846153846 0.19591346153846154 0.02403846153846154 0.04567307692307692
0 0.23798076923076922 0.29447115384615385 0.07211538461538461 0.1346153846153846
0 0.22956730769230768 0.4098557692307692 0.11298076923076923 0.20673076923076922
0 0.3605769230769231 0.30288461538461536 0.0673076923076923 0.1201923076923077
0 0.5120192307692307 0.3918269230769231 0.08653846153846154 0.16826923076923078
0 0.5204326923076923 0.3161057692307692 0.06009615384615385 0.10817307692307693
0 0.5036057692307693 0.27283653846153844 0.055288461538461536 0.09134615384615384
0 0.43509615384615385 0.25240384615384615 0.038461538461538464 0.0625
0 0.41225961538461536 0.3076923076923077 0.038461538461538464 0.07692307692307693
0 0.2932692307692308 0.2824519230769231 0.028846153846153848 0.04807692307692308
0 0.2860576923076923 0.24278846153846154 0.02403846153846154 0.04326923076923077
0 0.30288461538461536 0.2247596153846154 0.02403846153846154 0.04567307692307692
0 0.3245192307692308 0.2620192307692308 0.028846153846153848 0.052884615384615384
0 0.5709134615384616 0.2620192307692308 0.028846153846153848 0.0625
0 0.6237980769230769 0.24759615384615385 0.04326923076923077 0.08653846153846154
0 0.6658653846153846 0.24879807692307693 0.03365384615384615 0.07451923076923077
0 0.6622596153846154 0.31490384615384615 0.0673076923076923 0.1201923076923077
0 0.7728365384615384 0.4014423076923077 0.0985576923076923 0.18269230769230768
0 0.6995192307692307 0.22355769230769232 0.014423076923076924 0.028846153846153848
0 0.7307692307692307 0.2091346153846154 0.019230769230769232 0.03365384615384615
0 0.8257211538461539 0.2704326923076923 0.07211538461538461 0.13221153846153846
0 0.9603365384615384 0.33533653846153844 0.07451923076923077 0.21634615384615385