0 0.19591346153846154 0.5204326923076923 0.08653846153846154 0.11538461538461539
0 0.25721153846153844 0.5504807692307693 0.07211538461538461 0.13942307692307693
0 0.3401442307692308 0.5721153846153846 0.13701923076923078 0.25
0 0.4807692307692308 0.5096153846153846 0.09615384615384616 0.15865384615384615
0 0.5420673076923077 0.47836538461538464 0.06009615384615385 0.125
0 0.3918269230769231 0.48197115384615385 0.052884615384615384 0.09615384615384616
0 0.41225961538461536 0.46153846153846156 0.04326923076923077 0.08653846153846154
0 0.6358173076923077 0.49399038461538464 0.07932692307692307 0.13701923076923078
0 0.7043269230769231 0.5709134615384616 0.1201923076923077 0.21634615384615385
0 0.8016826923076923 0.53125 0.08653846153846154 0.13942307692307693
0 0.7752403846153846 0.46634615384615385 0.0625 0.09615384615384616
0 0.7211538461538461 0.4579326923076923 0.057692307692307696 0.09134615384615384
0 0.8810096153846154 0.46875 0.0625 0.10096153846153846
0 0.9362980769230769 0.5168269230769231 0.11057692307692307 0.1971153846153846