0 0.11658653846153846 0.6670673076923077 0.03125 0.08173076923076923
0 0.06490384615384616 0.515625 0.02403846153846154 0.06971153846153846
0 0.07572115384615384 0.46153846153846156 0.02403846153846154 0.0673076923076923
0 0.19230769230769232 0.4699519230769231 0.019230769230769232 0.0673076923076923
0 0.234375 0.40024038461538464 0.021634615384615384 0.0625
0 0.24519230769230768 0.32211538461538464 0.019230769230769232 0.0673076923076923
0 0.17067307692307693 0.28846153846153844 0.014423076923076924 0.052884615384615384
0 0.1622596153846154 0.24879807692307693 0.016826923076923076 0.04326923076923077
0 0.12860576923076922 0.2764423076923077 0.016826923076923076 0.04326923076923077
0 0.1201923076923077 0.23798076923076922 0.019230769230769232 0.052884615384615384
0 0.04927884615384615 0.3076923076923077 0.014423076923076924 0.04807692307692308
0 0.038461538461538464 0.27163461538461536 0.019230769230769232 0.04807692307692308
0 0.039663461538461536 0.24158653846153846 0.01201923076923077 0.03365384615384615
0 0.040865384615384616 0.21875 0.014423076923076924 0.03365384615384615
0 0.14423076923076922 0.16706730769230768 0.019230769230769232 0.038461538461538464
0 0.1622596153846154 0.19471153846153846 0.014423076923076924 0.04326923076923077
0 0.18389423076923078 0.21634615384615385 0.016826923076923076 0.04326923076923077
0 0.203125 0.14423076923076922 0.01201923076923077 0.038461538461538464
0 0.21634615384615385 0.14903846153846154 0.014423076923076924 0.038461538461538464
0 0.24519230769230768 0.13581730769230768 0.009615384615384616 0.038461538461538464
0 0.28725961538461536 0.14302884615384615 0.014423076923076924 0.04326923076923077
0 0.29086538461538464 0.17908653846153846 0.014423076923076924 0.04326923076923077
0 0.28846153846153844 0.22235576923076922 0.019230769230769232 0.04807692307692308
0 0.3088942307692308 0.25600961538461536 0.016826923076923076 0.052884615384615384
0 0.3449519230769231 0.23918269230769232 0.019230769230769232 0.052884615384615384
0 0.37740384615384615 0.18990384615384615 0.014423076923076924 0.04326923076923077
0 0.40625 0.1814903846153846 0.014423076923076924 0.04567307692307692
0 0.35697115384615385 0.09615384615384616 0.014423076923076924 0.038461538461538464
0 0.39783653846153844 0.09375 0.01201923076923077 0.03365384615384615
0 0.42788461538461536 0.10096153846153846 0.014423076923076924 0.038461538461538464
0 0.5432692307692307 0.4987980769230769 0.03365384615384615 0.07692307692307693
0 0.4723557692307692 0.3161057692307692 0.02403846153846154 0.057692307692307696
0 0.5600961538461539 0.34134615384615385 0.02403846153846154 0.0673076923076923
0 0.6778846153846154 0.36778846153846156 0.019230769230769232 0.052884615384615384
0 0.7043269230769231 0.2980769230769231 0.02403846153846154 0.057692307692307696
0 0.7776442307692307 0.4014423076923077 0.026442307692307692 0.0625
0 0.7319711538461539 0.2247596153846154 0.016826923076923076 0.04326923076923077
0 0.7091346153846154 0.22355769230769232 0.014423076923076924 0.04326923076923077
0 0.6959134615384616 0.23677884615384615 0.016826923076923076 0.04567307692307692
0 0.7067307692307693 0.19110576923076922 0.009615384615384616 0.038461538461538464
0 0.7728365384615384 0.23197115384615385 0.016826923076923076 0.052884615384615384
0 0.8112980769230769 0.25721153846153844 0.014423076923076924 0.052884615384615384
0 0.8473557692307693 0.2956730769230769 0.021634615384615384 0.04326923076923077
0 0.6322115384615384 0.25961538461538464 0.014423076923076924 0.04807692307692308
0 0.5697115384615384 0.21995192307692307 0.019230769230769232 0.04567307692307692
0 0.5612980769230769 0.19471153846153846 0.01201923076923077 0.04326923076923077
0 0.5721153846153846 0.15384615384615385 0.009615384615384616 0.038461538461538464
0 0.59375 0.15625 0.014423076923076924 0.03365384615384615
0 0.6418269230769231 0.16105769230769232 0.014423076923076924 0.038461538461538464
0 0.4891826923076923 0.24158653846153846 0.019230769230769232 0.052884615384615384
0 0.4951923076923077 0.1971153846153846 0.019230769230769232 0.04807692307692308
0 0.46875 0.18269230769230768 0.014423076923076924 0.04326923076923077
0 0.46033653846153844 0.14302884615384615 0.014423076923076924 0.036057692307692304
0 0.49759615384615385 0.13581730769230768 0.014423076923076924 0.038461538461538464
0 0.47596153846153844 0.09735576923076923 0.009615384615384616 0.028846153846153848
0 0.47596153846153844 0.078125 0.009615384615384616 0.02403846153846154
0 0.5228365384615384 0.09134615384615384 0.01201923076923077 0.028846153846153848
0 0.5841346153846154 0.10576923076923077 0.009615384615384616 0.038461538461538464
0 0.6177884615384616 0.12860576923076922 0.014423076923076924 0.03365384615384615