0 0.04927884615384615 0.3713942307692308 0.019230769230769232 0.040865384615384616
0 0.24879807692307693 0.25600961538461536 0.01201923076923077 0.021634615384615384
0 0.2692307692307692 0.265625 0.014423076923076924 0.021634615384615384
0 0.29086538461538464 0.25841346153846156 0.014423076923076924 0.036057692307692304
0 0.31490384615384615 0.2608173076923077 0.014423076923076924 0.038461538461538464
0 0.3293269230769231 0.26802884615384615 0.014423076923076924 0.036057692307692304
0 0.31971153846153844 0.21634615384615385 0.014423076923076924 0.028846153846153848
0 0.3485576923076923 0.2283653846153846 0.014423076923076924 0.028846153846153848
0 0.35096153846153844 0.20432692307692307 0.014423076923076924 0.02403846153846154
0 0.3641826923076923 0.1935096153846154 0.014423076923076924 0.021634615384615384
0 0.38100961538461536 0.1875 0.01201923076923077 0.028846153846153848
0 0.3954326923076923 0.19591346153846154 0.016826923076923076 0.028846153846153848
0 0.38100961538461536 0.23197115384615385 0.014423076923076924 0.03125
0 0.3605769230769231 0.27283653846153844 0.019230769230769232 0.036057692307692304
0 0.3918269230769231 0.2860576923076923 0.02403846153846154 0.04326923076923077
0 0.43028846153846156 0.23317307692307693 0.019230769230769232 0.03365384615384615
0 0.4411057692307692 0.18870192307692307 0.014423076923076924 0.028846153846153848
0 0.4579326923076923 0.19951923076923078 0.014423076923076924 0.02403846153846154
0 0.4675480769230769 0.23197115384615385 0.019230769230769232 0.03365384615384615
0 0.4795673076923077 0.19230769230769232 0.019230769230769232 0.038461538461538464
0 0.4579326923076923 0.14423076923076922 0.014423076923076924 0.019230769230769232
0 0.49038461538461536 0.16826923076923078 0.014423076923076924 0.028846153846153848
0 0.4795673076923077 0.13581730769230768 0.009615384615384616 0.019230769230769232
0 0.5192307692307693 0.20552884615384615 0.019230769230769232 0.038461538461538464
0 0.5276442307692307 0.1658653846153846 0.014423076923076924 0.028846153846153848
0 0.5588942307692307 0.17307692307692307 0.016826923076923076 0.028846153846153848
0 0.5588942307692307 0.125 0.01201923076923077 0.028846153846153848
0 0.5757211538461539 0.14182692307692307 0.01201923076923077 0.02403846153846154
0 0.5877403846153846 0.11899038461538461 0.009615384615384616 0.021634615384615384
0 0.6069711538461539 0.11778846153846154 0.009615384615384616 0.02403846153846154
0 0.6057692307692307 0.14423076923076922 0.009615384615384616 0.019230769230769232
0 0.6322115384615384 0.140625 0.014423076923076924 0.026442307692307692
0 0.6310096153846154 0.11658653846153846 0.009615384615384616 0.019230769230769232
0 0.671875 0.11778846153846154 0.014423076923076924 0.02403846153846154
0 0.48197115384615385 0.29927884615384615 0.026442307692307692 0.05048076923076923
0 0.5612980769230769 0.28966346153846156 0.02403846153846154 0.052884615384615384
0 0.5673076923076923 0.22115384615384615 0.02403846153846154 0.057692307692307696
0 0.6165865384615384 0.24158653846153846 0.019230769230769232 0.04326923076923077
0 0.6286057692307693 0.19951923076923078 0.01201923076923077 0.03365384615384615
0 0.6466346153846154 0.21394230769230768 0.02403846153846154 0.04326923076923077
0 0.6550480769230769 0.26322115384615385 0.021634615384615384 0.04567307692307692
0 0.6177884615384616 0.32091346153846156 0.03365384615384615 0.04807692307692308
0 0.6790865384615384 0.19110576923076922 0.014423076923076924 0.028846153846153848
0 0.6754807692307693 0.15384615384615385 0.014423076923076924 0.028846153846153848
0 0.7019230769230769 0.15144230769230768 0.009615384615384616 0.02403846153846154
0 0.7223557692307693 0.18389423076923078 0.016826923076923076 0.03365384615384615
0 0.6959134615384616 0.23317307692307693 0.016826923076923076 0.03365384615384615
0 0.7127403846153846 0.28966346153846156 0.021634615384615384 0.04326923076923077
0 0.7512019230769231 0.22355769230769232 0.016826923076923076 0.04807692307692308
0 0.7524038461538461 0.16947115384615385 0.014423076923076924 0.028846153846153848
0 0.7391826923076923 0.14302884615384615 0.014423076923076924 0.03125
0 0.7560096153846154 0.13341346153846154 0.014423076923076924 0.026442307692307692
0 0.7776442307692307 0.14423076923076922 0.01201923076923077 0.028846153846153848
0 0.796875 0.12980769230769232 0.009615384615384616 0.028846153846153848
0 0.8245192307692307 0.14423076923076922 0.014423076923076924 0.028846153846153848
0 0.8052884615384616 0.1814903846153846 0.014423076923076924 0.036057692307692304
0 0.7716346153846154 0.203125 0.014423076923076924 0.040865384615384616
0 0.8209134615384616 0.21754807692307693 0.016826923076923076 0.036057692307692304
0 0.7632211538461539 0.29447115384615385 0.02403846153846154 0.04807692307692308
0 0.8353365384615384 0.3088942307692308 0.026442307692307692 0.052884615384615384
0 0.8485576923076923 0.25841346153846156 0.02403846153846154 0.04567307692307692
0 0.9290865384615384 0.265625 0.021634615384615384 0.052884615384615384
0 0.9134615384615384 0.24278846153846154 0.019230769230769232 0.052884615384615384
0 0.8942307692307693 0.19471153846153846 0.019230769230769232 0.03365384615384615
0 0.8822115384615384 0.17067307692307693 0.014423076923076924 0.02403846153846154
0 0.8822115384615384 0.15264423076923078 0.014423076923076924 0.021634615384615384
0 0.8401442307692307 0.18509615384615385 0.016826923076923076 0.03365384615384615
0 0.8461538461538461 0.1622596153846154 0.014423076923076924 0.026442307692307692