0 0.20432692307692307 0.359375 0.04326923076923077 0.07932692307692307
0 0.27524038461538464 0.22716346153846154 0.016826923076923076 0.03125
0 0.3004807692307692 0.22355769230769232 0.014423076923076924 0.03365384615384615
0 0.31490384615384615 0.234375 0.014423076923076924 0.028846153846153848
0 0.3713942307692308 0.25240384615384615 0.019230769230769232 0.03365384615384615
0 0.40625 0.23677884615384615 0.019230769230769232 0.04567307692307692
0 0.3329326923076923 0.17067307692307693 0.014423076923076924 0.02403846153846154
0 0.34134615384615385 0.20432692307692307 0.014423076923076924 0.02403846153846154
0 0.38341346153846156 0.20432692307692307 0.016826923076923076 0.02403846153846154
0 0.36778846153846156 0.20072115384615385 0.014423076923076924 0.026442307692307692
0 0.4098557692307692 0.20192307692307693 0.014423076923076924 0.02403846153846154
0 0.42908653846153844 0.2127403846153846 0.016826923076923076 0.03125
0 0.4735576923076923 0.21875 0.014423076923076924 0.03365384615384615
0 0.46274038461538464 0.18990384615384615 0.014423076923076924 0.028846153846153848
0 0.4110576923076923 0.16706730769230768 0.014423076923076924 0.028846153846153848
0 0.4206730769230769 0.14423076923076922 0.014423076923076924 0.019230769230769232
0 0.42908653846153844 0.171875 0.014423076923076924 0.028846153846153848
0 0.4495192307692308 0.15264423076923078 0.014423076923076924 0.02403846153846154
0 0.45913461538461536 0.13701923076923078 0.014423076923076924 0.019230769230769232
0 0.47716346153846156 0.15865384615384615 0.014423076923076924 0.019230769230769232
0 0.5024038461538461 0.14302884615384615 0.014423076923076924 0.02403846153846154
0 0.5204326923076923 0.15384615384615385 0.01201923076923077 0.028846153846153848
0 0.5024038461538461 0.18389423076923078 0.014423076923076924 0.028846153846153848
0 0.5492788461538461 0.18629807692307693 0.016826923076923076 0.036057692307692304
0 0.546875 0.15745192307692307 0.01201923076923077 0.02403846153846154
0 0.5420673076923077 0.14302884615384615 0.01201923076923077 0.019230769230769232
0 0.5360576923076923 0.12860576923076922 0.014423076923076924 0.021634615384615384
0 0.5192307692307693 0.12139423076923077 0.009615384615384616 0.021634615384615384
0 0.4951923076923077 0.11778846153846154 0.014423076923076924 0.02403846153846154
0 0.5709134615384616 0.11538461538461539 0.016826923076923076 0.028846153846153848
0 0.5757211538461539 0.16826923076923078 0.014423076923076924 0.02403846153846154
0 0.6165865384615384 0.15144230769230768 0.01201923076923077 0.02403846153846154
0 0.5901442307692307 0.12980769230769232 0.016826923076923076 0.028846153846153848
0 0.6021634615384616 0.10697115384615384 0.009615384615384616 0.02403846153846154
0 0.6141826923076923 0.12259615384615384 0.01201923076923077 0.02403846153846154
0 0.625 0.1045673076923077 0.014423076923076924 0.028846153846153848
0 0.6442307692307693 0.12740384615384615 0.014423076923076924 0.028846153846153848
0 0.6538461538461539 0.10216346153846154 0.014423076923076924 0.028846153846153848
0 0.6634615384615384 0.1310096153846154 0.009615384615384616 0.02403846153846154
0 0.6790865384615384 0.1201923076923077 0.01201923076923077 0.019230769230769232
0 0.6814903846153846 0.0985576923076923 0.009615384615384616 0.02403846153846154
0 0.6995192307692307 0.10817307692307693 0.014423076923076924 0.028846153846153848
0 0.6610576923076923 0.1875 0.014423076923076924 0.03365384615384615
0 0.4879807692307692 0.2764423076923077 0.02403846153846154 0.04807692307692308
0 0.5360576923076923 0.28725961538461536 0.02403846153846154 0.052884615384615384
0 0.5576923076923077 0.24879807692307693 0.019230769230769232 0.038461538461538464
0 0.6189903846153846 0.2548076923076923 0.021634615384615384 0.04807692307692308
0 0.6213942307692307 0.21634615384615385 0.016826923076923076 0.028846153846153848
0 0.5913461538461539 0.3245192307692308 0.019230769230769232 0.057692307692307696
0 0.6658653846153846 0.33413461538461536 0.028846153846153848 0.0625
0 0.6682692307692307 0.27524038461538464 0.02403846153846154 0.04807692307692308
0 0.7223557692307693 0.30288461538461536 0.026442307692307692 0.052884615384615384
0 0.7355769230769231 0.3858173076923077 0.03365384615384615 0.07932692307692307
0 0.8028846153846154 0.40625 0.028846153846153848 0.07211538461538461
0 0.7728365384615384 0.2932692307692308 0.021634615384615384 0.057692307692307696
0 0.7572115384615384 0.25240384615384615 0.019230769230769232 0.04326923076923077
0 0.7163461538461539 0.23197115384615385 0.019230769230769232 0.04567307692307692
0 0.6899038461538461 0.20432692307692307 0.019230769230769232 0.038461538461538464
0 0.6911057692307693 0.1658653846153846 0.019230769230769232 0.03365384615384615
0 0.7139423076923077 0.15865384615384615 0.014423076923076924 0.028846153846153848
0 0.7415865384615384 0.17067307692307693 0.014423076923076924 0.028846153846153848
0 0.7415865384615384 0.20072115384615385 0.016826923076923076 0.036057692307692304
0 0.7403846153846154 0.13221153846153846 0.019230769230769232 0.03365384615384615
0 0.7572115384615384 0.15745192307692307 0.014423076923076924 0.03365384615384615
0 0.7752403846153846 0.13701923076923078 0.016826923076923076 0.03365384615384615
0 0.7860576923076923 0.15504807692307693 0.014423076923076924 0.03365384615384615
0 0.8016826923076923 0.15625 0.016826923076923076 0.028846153846153848
0 0.7896634615384616 0.23317307692307693 0.021634615384615384 0.04326923076923077
0 0.8125 0.25240384615384615 0.019230769230769232 0.052884615384615384
0 0.8353365384615384 0.32572115384615385 0.028846153846153848 0.05048076923076923
0 0.8521634615384616 0.2536057692307692 0.019230769230769232 0.038461538461538464
0 0.8786057692307693 0.2283653846153846 0.014423076923076924 0.038461538461538464
0 0.9230769230769231 0.21514423076923078 0.009615384615384616 0.03125
0 0.9158653846153846 0.28365384615384615 0.014423076923076924 0.04807692307692308
0 0.9014423076923077 0.3449519230769231 0.019230769230769232 0.055288461538461536
0 0.8930288461538461 0.43149038461538464 0.03365384615384615 0.07932692307692307