0 0.0625 0.32572115384615385 0.052884615384615384 0.0889423076923077
0 0.14423076923076922 0.30649038461538464 0.04807692307692308 0.0985576923076923
0 0.16706730769230768 0.45552884615384615 0.05048076923076923 0.10576923076923077
0 0.24639423076923078 0.3125 0.052884615384615384 0.09615384615384616
0 0.27884615384615385 0.44711538461538464 0.057692307692307696 0.10576923076923077
0 0.34975961538461536 0.3161057692307692 0.052884615384615384 0.09375
0 0.3798076923076923 0.44711538461538464 0.057692307692307696 0.11538461538461539
0 0.44471153846153844 0.296875 0.04807692307692308 0.09375
0 0.4963942307692308 0.46153846153846156 0.04807692307692308 0.09615384615384616
0 0.5300480769230769 0.28125 0.04807692307692308 0.10096153846153846
0 0.6213942307692307 0.28365384615384615 0.04326923076923077 0.08173076923076923
0 0.59375 0.46274038461538464 0.052884615384615384 0.0889423076923077
0 0.7007211538461539 0.3317307692307692 0.04807692307692308 0.08653846153846154
0 0.7019230769230769 0.45072115384615385 0.057692307692307696 0.0985576923076923
0 0.7548076923076923 0.29927884615384615 0.04807692307692308 0.09134615384615384
0 0.7932692307692307 0.45552884615384615 0.057692307692307696 0.09615384615384616
0 0.8461538461538461 0.35336538461538464 0.04807692307692308 0.09134615384615384
0 0.9050480769230769 0.44471153846153844 0.05048076923076923 0.10096153846153846
0 0.9158653846153846 0.33774038461538464 0.04807692307692308 0.0985576923076923