0 0.07932692307692307 0.2764423076923077 0.02403846153846154 0.052884615384615384
0 0.2920673076923077 0.23918269230769232 0.016826923076923076 0.03365384615384615
0 0.2848557692307692 0.22355769230769232 0.019230769230769232 0.038461538461538464
0 0.33533653846153844 0.18990384615384615 0.019230769230769232 0.04326923076923077
0 0.35697115384615385 0.19471153846153846 0.019230769230769232 0.038461538461538464
0 0.359375 0.22235576923076922 0.019230769230769232 0.038461538461538464
0 0.38221153846153844 0.23557692307692307 0.02403846153846154 0.04807692307692308
0 0.3389423076923077 0.22596153846153846 0.019230769230769232 0.038461538461538464
0 0.38221153846153844 0.19951923076923078 0.014423076923076924 0.038461538461538464
0 0.39783653846153844 0.20673076923076922 0.016826923076923076 0.03365384615384615
0 0.38822115384615385 0.171875 0.016826923076923076 0.036057692307692304
0 0.40865384615384615 0.17067307692307693 0.009615384615384616 0.03365384615384615
0 0.4266826923076923 0.20192307692307693 0.016826923076923076 0.038461538461538464
0 0.4110576923076923 0.2403846153846154 0.02403846153846154 0.04326923076923077
0 0.4495192307692308 0.24519230769230768 0.02403846153846154 0.04807692307692308
0 0.4495192307692308 0.20072115384615385 0.02403846153846154 0.040865384615384616
0 0.4699519230769231 0.20192307692307693 0.021634615384615384 0.04326923076923077
0 0.43149038461538464 0.15865384615384615 0.016826923076923076 0.028846153846153848
0 0.453125 0.15985576923076922 0.019230769230769232 0.038461538461538464
0 0.49038461538461536 0.13581730769230768 0.009615384615384616 0.026442307692307692
0 0.49278846153846156 0.14903846153846154 0.014423076923076924 0.028846153846153848
0 0.5012019230769231 0.15384615384615385 0.014423076923076924 0.028846153846153848
0 0.5060096153846154 0.18509615384615385 0.019230769230769232 0.03365384615384615
0 0.5300480769230769 0.1778846153846154 0.021634615384615384 0.038461538461538464
0 0.5180288461538461 0.1502403846153846 0.014423076923076924 0.03125
0 0.5096153846153846 0.13221153846153846 0.009615384615384616 0.02403846153846154
0 0.5288461538461539 0.13581730769230768 0.009615384615384616 0.019230769230769232
0 0.5552884615384616 0.12620192307692307 0.014423076923076924 0.02403846153846154
0 0.5612980769230769 0.13942307692307693 0.014423076923076924 0.028846153846153848
0 0.5745192307692307 0.15985576923076922 0.014423076923076924 0.03125
0 0.5649038461538461 0.18269230769230768 0.014423076923076924 0.04326923076923077
0 0.5432692307692307 0.15865384615384615 0.019230769230769232 0.038461538461538464
0 0.5841346153846154 0.14182692307692307 0.014423076923076924 0.03365384615384615
0 0.5997596153846154 0.13822115384615385 0.01201923076923077 0.03125
0 0.6129807692307693 0.1658653846153846 0.014423076923076924 0.03365384615384615
0 0.6141826923076923 0.125 0.009615384615384616 0.02403846153846154
0 0.6213942307692307 0.12620192307692307 0.01201923076923077 0.026442307692307692
0 0.6322115384615384 0.13581730769230768 0.014423076923076924 0.03125
0 0.6478365384615384 0.12379807692307693 0.016826923076923076 0.03365384615384615
0 0.6706730769230769 0.12139423076923077 0.014423076923076924 0.02403846153846154
0 0.6646634615384616 0.10817307692307693 0.01201923076923077 0.019230769230769232
0 0.6911057692307693 0.13221153846153846 0.01201923076923077 0.03365384615384615
0 0.6935096153846154 0.11057692307692307 0.009615384615384616 0.028846153846153848
0 0.703125 0.12620192307692307 0.014423076923076924 0.026442307692307692
0 0.7151442307692307 0.11658653846153846 0.014423076923076924 0.03125
0 0.6766826923076923 0.18509615384615385 0.019230769230769232 0.03365384615384615
0 0.6634615384615384 0.14423076923076922 0.009615384615384616 0.02403846153846154
0 0.6502403846153846 0.15625 0.014423076923076924 0.03365384615384615
0 0.6009615384615384 0.22716346153846154 0.028846153846153848 0.04807692307692308
0 0.6310096153846154 0.20793269230769232 0.026442307692307692 0.04807692307692308
0 0.6478365384615384 0.24879807692307693 0.026442307692307692 0.055288461538461536
0 0.7007211538461539 0.25841346153846156 0.026442307692307692 0.05048076923076923
0 0.6911057692307693 0.22355769230769232 0.021634615384615384 0.052884615384615384
0 0.7115384615384616 0.18269230769230768 0.019230769230769232 0.04326923076923077
0 0.7259615384615384 0.18389423076923078 0.019230769230769232 0.038461538461538464
0 0.7475961538461539 0.17668269230769232 0.019230769230769232 0.038461538461538464
0 0.7079326923076923 0.3233173076923077 0.03365384615384615 0.07932692307692307
0 0.7596153846153846 0.3798076923076923 0.03365384615384615 0.0673076923076923
0 0.8052884615384616 0.296875 0.028846153846153848 0.0625
0 0.7788461538461539 0.25 0.028846153846153848 0.0625
0 0.7427884615384616 0.24158653846153846 0.02403846153846154 0.052884615384615384
0 0.765625 0.19591346153846154 0.021634615384615384 0.04326923076923077
0 0.7439903846153846 0.15144230769230768 0.016826923076923076 0.03365384615384615
0 0.7716346153846154 0.13581730769230768 0.014423076923076924 0.03125
0 0.7920673076923077 0.13581730769230768 0.014423076923076924 0.028846153846153848
0 0.7992788461538461 0.1466346153846154 0.01201923076923077 0.02403846153846154
0 0.8040865384615384 0.16826923076923078 0.01201923076923077 0.028846153846153848
0 0.8088942307692307 0.20552884615384615 0.019230769230769232 0.040865384615384616
0 0.828125 0.20192307692307693 0.016826923076923076 0.038461538461538464
0 0.8533653846153846 0.22115384615384615 0.02403846153846154 0.04326923076923077
0 0.8389423076923077 0.2644230769230769 0.02403846153846154 0.057692307692307696
0 0.8689903846153846 0.22956730769230768 0.016826923076923076 0.038461538461538464
0 0.8425480769230769 0.17668269230769232 0.014423076923076924 0.036057692307692304
0 0.8112980769230769 0.140625 0.014423076923076924 0.03125
0 0.8365384615384616 0.14543269230769232 0.009615384615384616 0.03125
0 0.8485576923076923 0.15625 0.014423076923076924 0.03365384615384615
0 0.8677884615384616 0.15504807692307693 0.014423076923076924 0.03365384615384615
0 0.8870192307692307 0.16346153846153846 0.014423076923076924 0.038461538461538464
0 0.8798076923076923 0.18870192307692307 0.014423076923076924 0.038461538461538464
0 0.9002403846153846 0.22956730769230768 0.019230769230769232 0.038461538461538464
0 0.9086538461538461 0.21033653846153846 0.019230769230769232 0.04326923076923077
0 0.9146634615384616 0.18870192307692307 0.016826923076923076 0.03125
0 0.9254807692307693 0.15504807692307693 0.014423076923076924 0.040865384615384616
0 0.9615384615384616 0.18509615384615385 0.014423076923076924 0.04326923076923077
0 0.9495192307692307 0.20673076923076922 0.014423076923076924 0.04326923076923077
0 0.9555288461538461 0.23317307692307693 0.019230769230769232 0.04326923076923077
0 0.9350961538461539 0.2608173076923077 0.02403846153846154 0.05048076923076923
0 0.9254807692307693 0.32091346153846156 0.03365384615384615 0.0625