0 0.025240384615384616 0.39903846153846156 0.026442307692307692 0.04807692307692308
0 0.22596153846153846 0.33052884615384615 0.019230769230769232 0.03365384615384615
0 0.2548076923076923 0.33774038461538464 0.019230769230769232 0.04326923076923077
0 0.28125 0.3545673076923077 0.02403846153846154 0.04326923076923077
0 0.28125 0.296875 0.014423076923076924 0.036057692307692304
0 0.328125 0.3557692307692308 0.02403846153846154 0.04326923076923077
0 0.34615384615384615 0.2824519230769231 0.009615384615384616 0.028846153846153848
0 0.36778846153846156 0.3425480769230769 0.014423076923076924 0.038461538461538464
0 0.36177884615384615 0.31490384615384615 0.016826923076923076 0.03365384615384615
0 0.39903846153846156 0.3329326923076923 0.019230769230769232 0.038461538461538464
0 0.43028846153846156 0.3317307692307692 0.02403846153846154 0.04807692307692308
0 0.4266826923076923 0.3016826923076923 0.021634615384615384 0.038461538461538464
0 0.4170673076923077 0.2764423076923077 0.016826923076923076 0.03365384615384615
0 0.39663461538461536 0.28725961538461536 0.014423076923076924 0.036057692307692304
0 0.3894230769230769 0.2668269230769231 0.014423076923076924 0.02403846153846154
0 0.37740384615384615 0.2512019230769231 0.014423076923076924 0.026442307692307692
0 0.4567307692307692 0.2956730769230769 0.019230769230769232 0.038461538461538464
0 0.44471153846153844 0.23798076923076922 0.014423076923076924 0.028846153846153848
0 0.45552884615384615 0.23317307692307693 0.016826923076923076 0.03365384615384615
0 0.48197115384615385 0.25721153846153844 0.016826923076923076 0.028846153846153848
0 0.4963942307692308 0.27163461538461536 0.021634615384615384 0.038461538461538464
0 0.5012019230769231 0.2403846153846154 0.01201923076923077 0.02403846153846154
0 0.5168269230769231 0.25961538461538464 0.014423076923076924 0.028846153846153848
0 0.5384615384615384 0.27884615384615385 0.019230769230769232 0.038461538461538464
0 0.5324519230769231 0.21754807692307693 0.014423076923076924 0.02403846153846154
0 0.5456730769230769 0.25 0.014423076923076924 0.028846153846153848
0 0.5552884615384616 0.234375 0.014423076923076924 0.02403846153846154
0 0.5504807692307693 0.21394230769230768 0.014423076923076924 0.02403846153846154
0 0.5817307692307693 0.23798076923076922 0.014423076923076924 0.03365384615384615
0 0.5829326923076923 0.21634615384615385 0.01201923076923077 0.028846153846153848
0 0.5901442307692307 0.19591346153846154 0.014423076923076924 0.028846153846153848
0 0.6057692307692307 0.21033653846153846 0.009615384615384616 0.026442307692307692
0 0.6153846153846154 0.22235576923076922 0.009615384615384616 0.026442307692307692
0 0.6225961538461539 0.2403846153846154 0.014423076923076924 0.028846153846153848
0 0.6310096153846154 0.2283653846153846 0.014423076923076924 0.02403846153846154
0 0.6346153846153846 0.2091346153846154 0.009615384615384616 0.028846153846153848
0 0.6466346153846154 0.21995192307692307 0.014423076923076924 0.03125
0 0.6610576923076923 0.22235576923076922 0.014423076923076924 0.026442307692307692
0 0.48677884615384615 0.3786057692307692 0.026442307692307692 0.06009615384615385
0 0.5012019230769231 0.31971153846153844 0.021634615384615384 0.04326923076923077
0 0.5264423076923077 0.39783653846153844 0.028846153846153848 0.052884615384615384
0 0.5204326923076923 0.36658653846153844 0.028846153846153848 0.04326923076923077
0 0.5769230769230769 0.3173076923076923 0.028846153846153848 0.04807692307692308
0 0.5841346153846154 0.36899038461538464 0.028846153846153848 0.04807692307692308
0 0.5913461538461539 0.41947115384615385 0.03365384615384615 0.057692307692307696
0 0.6454326923076923 0.4423076923076923 0.036057692307692304 0.07211538461538461
0 0.6862980769230769 0.48197115384615385 0.038461538461538464 0.08173076923076923
0 0.6274038461538461 0.3245192307692308 0.02403846153846154 0.04326923076923077
0 0.6105769230769231 0.2980769230769231 0.019230769230769232 0.038461538461538464
0 0.6490384615384616 0.2620192307692308 0.019230769230769232 0.038461538461538464
0 0.6766826923076923 0.2536057692307692 0.014423076923076924 0.03365384615384615
0 0.6983173076923077 0.2704326923076923 0.016826923076923076 0.036057692307692304
0 0.6658653846153846 0.33413461538461536 0.02403846153846154 0.052884615384615384
0 0.6394230769230769 0.3557692307692308 0.028846153846153848 0.057692307692307696
0 0.7127403846153846 0.390625 0.026442307692307692 0.05048076923076923
0 0.7608173076923077 0.390625 0.03125 0.057692307692307696
0 0.78125 0.3641826923076923 0.02403846153846154 0.04807692307692308
0 0.8257211538461539 0.4050480769230769 0.026442307692307692 0.04326923076923077
0 0.8149038461538461 0.4483173076923077 0.038461538461538464 0.0673076923076923
0 0.8052884615384616 0.5036057692307693 0.03365384615384615 0.0673076923076923
0 0.8701923076923077 0.4567307692307692 0.028846153846153848 0.0625
0 0.8834134615384616 0.3870192307692308 0.021634615384615384 0.052884615384615384
0 0.890625 0.34975961538461536 0.02403846153846154 0.05048076923076923
0 0.8846153846153846 0.30649038461538464 0.019230769230769232 0.040865384615384616
0 0.8990384615384616 0.27524038461538464 0.019230769230769232 0.03125
0 0.859375 0.27884615384615385 0.019230769230769232 0.038461538461538464
0 0.8401442307692307 0.3076923076923077 0.019230769230769232 0.04326923076923077
0 0.8317307692307693 0.3425480769230769 0.019230769230769232 0.04807692307692308
0 0.78125 0.3233173076923077 0.02403846153846154 0.038461538461538464
0 0.7860576923076923 0.29447115384615385 0.014423076923076924 0.036057692307692304
0 0.7391826923076923 0.2776442307692308 0.019230769230769232 0.040865384615384616
0 0.71875 0.2608173076923077 0.014423076923076924 0.03365384615384615
0 0.7175480769230769 0.21754807692307693 0.016826923076923076 0.03125
0 0.7463942307692307 0.24639423076923078 0.014423076923076924 0.03125
0 0.7548076923076923 0.22115384615384615 0.019230769230769232 0.03365384615384615
0 0.7788461538461539 0.23798076923076922 0.019230769230769232 0.03365384615384615
0 0.8112980769230769 0.24759615384615385 0.014423076923076924 0.038461538461538464
0 0.8233173076923077 0.2800480769230769 0.014423076923076924 0.036057692307692304
0 0.828125 0.25841346153846156 0.014423076923076924 0.026442307692307692
0 0.8425480769230769 0.24519230769230768 0.014423076923076924 0.038461538461538464