0 0.016826923076923076 0.4206730769230769 0.03365384615384615 0.11057692307692307
0 0.03365384615384615 0.3894230769230769 0.057692307692307696 0.10576923076923077
0 0.08173076923076923 0.3629807692307692 0.052884615384615384 0.08173076923076923
0 0.28125 0.3737980769230769 0.04326923076923077 0.08653846153846154
0 0.3449519230769231 0.3798076923076923 0.04326923076923077 0.0673076923076923
0 0.38341346153846156 0.3473557692307692 0.036057692307692304 0.0625
0 0.43028846153846156 0.3473557692307692 0.03365384615384615 0.057692307692307696
0 0.6057692307692307 0.5060096153846154 0.09615384615384616 0.17548076923076922
0 0.7572115384615384 0.27884615384615385 0.03365384615384615 0.04807692307692308
0 0.8064903846153846 0.4074519230769231 0.06971153846153846 0.12980769230769232
0 0.8413461538461539 0.3737980769230769 0.04326923076923077 0.08173076923076923
0 0.8810096153846154 0.3713942307692308 0.04567307692307692 0.08173076923076923
0 0.9194711538461539 0.36538461538461536 0.05048076923076923 0.08653846153846154