0 0.43990384615384615 0.2127403846153846 0.014423076923076924 0.04326923076923077
0 0.45913461538461536 0.22716346153846154 0.014423076923076924 0.04326923076923077
0 0.671875 0.12740384615384615 0.01201923076923077 0.028846153846153848
0 0.6370192307692307 0.1466346153846154 0.014423076923076924 0.03365384615384615
0 0.6514423076923077 0.15144230769230768 0.014423076923076924 0.02403846153846154
0 0.7536057692307693 0.15264423076923078 0.016826923076923076 0.019230769230769232
0 0.7716346153846154 0.15745192307692307 0.014423076923076924 0.028846153846153848
0 0.8737980769230769 0.19230769230769232 0.01201923076923077 0.028846153846153848
0 0.9423076923076923 0.20552884615384615 0.014423076923076924 0.036057692307692304
0 0.8269230769230769 0.2620192307692308 0.019230769230769232 0.04326923076923077
0 0.8942307692307693 0.22596153846153846 0.019230769230769232 0.03365384615384615
0 0.8918269230769231 0.2620192307692308 0.019230769230769232 0.03365384615384615
0 0.921875 0.2536057692307692 0.016826923076923076 0.038461538461538464
0 0.6117788461538461 0.11658653846153846 0.01201923076923077 0.026442307692307692