0 0.15384615384615385 0.28846153846153844 0.23076923076923078 0.36538461538461536
0 0.3016826923076923 0.35096153846153844 0.0673076923076923 0.125
0 0.3557692307692308 0.3293269230769231 0.014423076923076924 0.02403846153846154
0 0.33533653846153844 0.33653846153846156 0.01201923076923077 0.028846153846153848
0 0.35697115384615385 0.3581730769230769 0.019230769230769232 0.028846153846153848
0 0.3858173076923077 0.33533653846153844 0.019230769230769232 0.038461538461538464
0 0.40865384615384615 0.3605769230769231 0.019230769230769232 0.04807692307692308
0 0.4326923076923077 0.390625 0.019230769230769232 0.036057692307692304
0 0.44471153846153844 0.3605769230769231 0.014423076923076924 0.028846153846153848
0 0.45913461538461536 0.3449519230769231 0.014423076923076924 0.028846153846153848
0 0.49158653846153844 0.41346153846153844 0.028846153846153848 0.052884615384615384
0 0.5252403846153846 0.4338942307692308 0.038461538461538464 0.06009615384615385
0 0.5360576923076923 0.3629807692307692 0.014423076923076924 0.028846153846153848
0 0.5096153846153846 0.36658653846153844 0.019230769230769232 0.02403846153846154
0 0.49278846153846156 0.35216346153846156 0.014423076923076924 0.021634615384615384
0 0.5685096153846154 0.36658653846153844 0.01201923076923077 0.028846153846153848
0 0.5745192307692307 0.40865384615384615 0.019230769230769232 0.03365384615384615
0 0.6141826923076923 0.4254807692307692 0.038461538461538464 0.07211538461538461
0 0.6033653846153846 0.3737980769230769 0.019230769230769232 0.038461538461538464
0 0.6382211538461539 0.39903846153846156 0.016826923076923076 0.038461538461538464
0 0.6742788461538461 0.41947115384615385 0.019230769230769232 0.028846153846153848
0 0.8317307692307693 0.36658653846153844 0.02403846153846154 0.04567307692307692