0 0.08533653846153846 0.5576923076923077 0.04326923076923077 0.11538461538461539
0 0.24158653846153846 0.2692307692307692 0.021634615384615384 0.04807692307692308
0 0.23076923076923078 0.24158653846153846 0.019230769230769232 0.03365384615384615
0 0.2848557692307692 0.2247596153846154 0.019230769230769232 0.04326923076923077
0 0.29927884615384615 0.23798076923076922 0.016826923076923076 0.04326923076923077
0 0.31850961538461536 0.19951923076923078 0.016826923076923076 0.04807692307692308
0 0.33774038461538464 0.21514423076923078 0.019230769230769232 0.05048076923076923
0 0.3557692307692308 0.21033653846153846 0.019230769230769232 0.04326923076923077
0 0.37259615384615385 0.24879807692307693 0.019230769230769232 0.055288461538461536
0 0.4026442307692308 0.22235576923076922 0.016826923076923076 0.040865384615384616
0 0.44350961538461536 0.28846153846153844 0.02403846153846154 0.052884615384615384
0 0.37259615384615385 0.19110576923076922 0.02403846153846154 0.036057692307692304
0 0.40024038461538464 0.17668269230769232 0.016826923076923076 0.038461538461538464
0 0.4387019230769231 0.18028846153846154 0.014423076923076924 0.03365384615384615
0 0.4579326923076923 0.15384615384615385 0.014423076923076924 0.028846153846153848
0 0.4831730769230769 0.16346153846153846 0.014423076923076924 0.04326923076923077
0 0.4951923076923077 0.19471153846153846 0.019230769230769232 0.04326923076923077
0 0.48197115384615385 0.23918269230769232 0.02403846153846154 0.04807692307692308
0 0.5360576923076923 0.21995192307692307 0.019230769230769232 0.04567307692307692
0 0.5228365384615384 0.15625 0.021634615384615384 0.04326923076923077
0 0.5336538461538461 0.14903846153846154 0.019230769230769232 0.038461538461538464
0 0.4987980769230769 0.14302884615384615 0.014423076923076924 0.036057692307692304
0 0.5625 0.14182692307692307 0.014423076923076924 0.03365384615384615
0 0.5588942307692307 0.12620192307692307 0.016826923076923076 0.03125
0 0.5853365384615384 0.19110576923076922 0.016826923076923076 0.04567307692307692
0 0.5865384615384616 0.15384615384615385 0.019230769230769232 0.038461538461538464
0 0.5817307692307693 0.12620192307692307 0.019230769230769232 0.036057692307692304
0 0.6021634615384616 0.11538461538461539 0.016826923076923076 0.038461538461538464
0 0.6117788461538461 0.14182692307692307 0.01201923076923077 0.028846153846153848
0 0.6165865384615384 0.16346153846153846 0.01201923076923077 0.028846153846153848
0 0.6105769230769231 0.19951923076923078 0.019230769230769232 0.04326923076923077
0 0.5769230769230769 0.3088942307692308 0.028846153846153848 0.055288461538461536
0 0.6177884615384616 0.3485576923076923 0.028846153846153848 0.0625
0 0.6646634615384616 0.375 0.03125 0.0673076923076923
0 0.6213942307692307 0.265625 0.026442307692307692 0.0625
0 0.6742788461538461 0.21394230769230768 0.026442307692307692 0.052884615384615384
0 0.6622596153846154 0.1658653846153846 0.014423076923076924 0.03365384615384615
0 0.6382211538461539 0.11658653846153846 0.014423076923076924 0.038461538461538464
0 0.65625 0.1346153846153846 0.014423076923076924 0.038461538461538464
0 0.6694711538461539 0.13341346153846154 0.014423076923076924 0.036057692307692304
0 0.6911057692307693 0.14783653846153846 0.016826923076923076 0.036057692307692304
0 0.6947115384615384 0.13341346153846154 0.014423076923076924 0.040865384615384616
0 0.7211538461538461 0.14543269230769232 0.019230769230769232 0.038461538461538464
0 0.6971153846153846 0.1971153846153846 0.019230769230769232 0.04807692307692308
0 0.7211538461538461 0.24759615384615385 0.028846153846153848 0.052884615384615384
0 0.7524038461538461 0.27403846153846156 0.02403846153846154 0.04807692307692308
0 0.7439903846153846 0.21394230769230768 0.016826923076923076 0.04326923076923077
0 0.7536057692307693 0.17427884615384615 0.016826923076923076 0.036057692307692304
0 0.7788461538461539 0.18629807692307693 0.019230769230769232 0.04326923076923077
0 0.7848557692307693 0.15745192307692307 0.016826923076923076 0.038461538461538464
0 0.8100961538461539 0.17908653846153846 0.014423076923076924 0.040865384615384616
0 0.8185096153846154 0.21033653846153846 0.014423076923076924 0.040865384615384616
0 0.8317307692307693 0.19951923076923078 0.014423076923076924 0.03365384615384615
0 0.796875 0.23076923076923078 0.016826923076923076 0.04326923076923077
0 0.8100961538461539 0.3004807692307692 0.02403846153846154 0.057692307692307696
0 0.7307692307692307 0.3713942307692308 0.028846153846153848 0.07451923076923077
0 0.8028846153846154 0.421875 0.03365384615384615 0.08653846153846154
0 0.8617788461538461 0.47115384615384615 0.036057692307692304 0.08653846153846154
0 0.8858173076923077 0.375 0.02403846153846154 0.0625
0 0.859375 0.3161057692307692 0.019230769230769232 0.055288461538461536
0 0.8689903846153846 0.28846153846153844 0.02403846153846154 0.038461538461538464
0 0.8882211538461539 0.26322115384615385 0.019230769230769232 0.05048076923076923
0 0.8605769230769231 0.21514423076923078 0.019230769230769232 0.036057692307692304
0 0.8798076923076923 0.22596153846153846 0.019230769230769232 0.04326923076923077
0 0.9050480769230769 0.21634615384615385 0.014423076923076924 0.038461538461538464
0 0.9026442307692307 0.24278846153846154 0.016826923076923076 0.04326923076923077
0 0.9266826923076923 0.24759615384615385 0.014423076923076924 0.03365384615384615
0 0.9242788461538461 0.30649038461538464 0.019230769230769232 0.057692307692307696
0 0.9459134615384616 0.35697115384615385 0.02403846153846154 0.0625
0 0.9459134615384616 0.4206730769230769 0.02403846153846154 0.07692307692307693
0 0.9747596153846154 0.3425480769230769 0.02403846153846154 0.055288461538461536
0 0.9795673076923077 0.28966346153846156 0.016826923076923076 0.05048076923076923
0 0.9855769230769231 0.24278846153846154 0.014423076923076924 0.038461538461538464
0 0.9567307692307693 0.24278846153846154 0.019230769230769232 0.03365384615384615