0 0.016826923076923076 0.36538461538461536 0.03365384615384615 0.07211538461538461
0 0.07692307692307693 0.4375 0.07692307692307693 0.11538461538461539
0 0.11538461538461539 0.4495192307692308 0.04807692307692308 0.10096153846153846
0 0.10697115384615384 0.36658653846153844 0.06009615384615385 0.08653846153846154
0 0.18990384615384615 0.39783653846153844 0.04807692307692308 0.08653846153846154
0 0.09735576923076923 0.5504807692307693 0.09375 0.14903846153846154
0 0.07572115384615384 0.8401442307692307 0.1466346153846154 0.2644230769230769
0 0.265625 0.4879807692307692 0.06971153846153846 0.10096153846153846
0 0.2980769230769231 0.5480769230769231 0.08653846153846154 0.15384615384615385
0 0.3449519230769231 0.4074519230769231 0.052884615384615384 0.09375
0 0.36538461538461536 0.37259615384615385 0.04326923076923077 0.07692307692307693
0 0.4855769230769231 0.33052884615384615 0.038461538461538464 0.07692307692307693
0 0.5432692307692307 0.3581730769230769 0.04326923076923077 0.08173076923076923
0 0.5865384615384616 0.34375 0.038461538461538464 0.07692307692307693
0 0.6754807692307693 0.36899038461538464 0.052884615384615384 0.10336538461538461
0 0.5240384615384616 0.6754807692307693 0.11057692307692307 0.1778846153846154
0 0.7319711538461539 0.6237980769230769 0.10576923076923077 0.15625
0 0.8401442307692307 0.4254807692307692 0.06490384615384616 0.11057692307692307
0 0.8930288461538461 0.42908653846153844 0.08413461538461539 0.15384615384615385