0 0.18629807692307693 0.3786057692307692 0.040865384615384616 0.07692307692307693
0 0.2956730769230769 0.21514423076923078 0.014423076923076924 0.036057692307692304
0 0.30528846153846156 0.23798076923076922 0.014423076923076924 0.038461538461538464
0 0.32211538461538464 0.24278846153846154 0.019230769230769232 0.04326923076923077
0 0.3449519230769231 0.24759615384615385 0.016826923076923076 0.03365384615384615
0 0.35336538461538464 0.20192307692307693 0.014423076923076924 0.03365384615384615
0 0.34134615384615385 0.18269230769230768 0.009615384615384616 0.019230769230769232
0 0.37740384615384615 0.19951923076923078 0.014423076923076924 0.03365384615384615
0 0.3786057692307692 0.24278846153846154 0.019230769230769232 0.03365384615384615
0 0.41225961538461536 0.2403846153846154 0.019230769230769232 0.038461538461538464
0 0.41225961538461536 0.18990384615384615 0.01201923076923077 0.028846153846153848
0 0.41346153846153844 0.15865384615384615 0.009615384615384616 0.019230769230769232
0 0.43990384615384615 0.1658653846153846 0.014423076923076924 0.03365384615384615
0 0.46634615384615385 0.16947115384615385 0.019230769230769232 0.03365384615384615
0 0.4675480769230769 0.1466346153846154 0.016826923076923076 0.02403846153846154
0 0.48677884615384615 0.14423076923076922 0.014423076923076924 0.028846153846153848
0 0.4855769230769231 0.16947115384615385 0.019230769230769232 0.03365384615384615
0 0.4831730769230769 0.21394230769230768 0.014423076923076924 0.038461538461538464
0 0.45072115384615385 0.22115384615384615 0.016826923076923076 0.028846153846153848
0 0.4963942307692308 0.13221153846153846 0.014423076923076924 0.02403846153846154
0 0.5240384615384616 0.13341346153846154 0.014423076923076924 0.03125
0 0.5048076923076923 0.171875 0.009615384615384616 0.026442307692307692
0 0.5228365384615384 0.16947115384615385 0.016826923076923076 0.03125
0 0.5300480769230769 0.17908653846153846 0.016826923076923076 0.03125
0 0.49278846153846156 0.28125 0.02403846153846154 0.04807692307692308
0 0.546875 0.2800480769230769 0.02403846153846154 0.055288461538461536
0 0.5637019230769231 0.24639423076923078 0.02403846153846154 0.04807692307692308
0 0.59375 0.328125 0.028846153846153848 0.055288461538461536
0 0.6213942307692307 0.24278846153846154 0.02403846153846154 0.04807692307692308
0 0.6310096153846154 0.21394230769230768 0.019230769230769232 0.03365384615384615
0 0.6225961538461539 0.14903846153846154 0.014423076923076924 0.028846153846153848
0 0.5889423076923077 0.17427884615384615 0.014423076923076924 0.028846153846153848
0 0.5552884615384616 0.18269230769230768 0.014423076923076924 0.028846153846153848
0 0.5528846153846154 0.16105769230769232 0.014423076923076924 0.02403846153846154
0 0.5685096153846154 0.15144230769230768 0.01201923076923077 0.02403846153846154
0 0.5492788461538461 0.14423076923076922 0.01201923076923077 0.019230769230769232
0 0.5552884615384616 0.12980769230769232 0.014423076923076924 0.028846153846153848
0 0.5865384615384616 0.12139423076923077 0.014423076923076924 0.03365384615384615
0 0.6057692307692307 0.125 0.014423076923076924 0.028846153846153848
0 0.6237980769230769 0.12259615384615384 0.01201923076923077 0.02403846153846154
0 0.6322115384615384 0.109375 0.014423076923076924 0.026442307692307692
0 0.6658653846153846 0.10576923076923077 0.014423076923076924 0.028846153846153848
0 0.6574519230769231 0.13581730769230768 0.01201923076923077 0.02403846153846154
0 0.6911057692307693 0.12139423076923077 0.01201923076923077 0.02403846153846154
0 0.6947115384615384 0.1045673076923077 0.009615384615384616 0.019230769230769232
0 0.71875 0.1045673076923077 0.009615384615384616 0.019230769230769232
0 0.6670673076923077 0.17908653846153846 0.014423076923076924 0.028846153846153848
0 0.6935096153846154 0.19951923076923078 0.021634615384615384 0.028846153846153848
0 0.703125 0.17307692307692307 0.01201923076923077 0.02403846153846154
0 0.75 0.13701923076923078 0.014423076923076924 0.03365384615384615
0 0.6742788461538461 0.2692307692307692 0.02403846153846154 0.04807692307692308
0 0.6983173076923077 0.3088942307692308 0.028846153846153848 0.052884615384615384
0 0.7295673076923077 0.2980769230769231 0.02403846153846154 0.04807692307692308
0 0.7475961538461539 0.38822115384615385 0.028846153846153848 0.06971153846153846
0 0.7824519230769231 0.30649038461538464 0.021634615384615384 0.052884615384615384
0 0.7680288461538461 0.23076923076923078 0.019230769230769232 0.038461538461538464
0 0.7367788461538461 0.21995192307692307 0.019230769230769232 0.03365384615384615
0 0.7572115384615384 0.19591346153846154 0.014423076923076924 0.03365384615384615
0 0.734375 0.1935096153846154 0.016826923076923076 0.026442307692307692
0 0.7932692307692307 0.14182692307692307 0.009615384615384616 0.028846153846153848
0 0.7992788461538461 0.16346153846153846 0.014423076923076924 0.038461538461538464
0 0.8052884615384616 0.21394230769230768 0.014423076923076924 0.03365384615384615
0 0.8076923076923077 0.2536057692307692 0.019230769230769232 0.04807692307692308
0 0.8557692307692307 0.2920673076923077 0.019230769230769232 0.05048076923076923
0 0.8209134615384616 0.41346153846153844 0.026442307692307692 0.0673076923076923
0 0.8725961538461539 0.25961538461538464 0.019230769230769232 0.038461538461538464
0 0.8810096153846154 0.22956730769230768 0.016826923076923076 0.038461538461538464
0 0.9314903846153846 0.21754807692307693 0.016826923076923076 0.04326923076923077
0 0.9278846153846154 0.28846153846153844 0.019230769230769232 0.038461538461538464
0 0.9266826923076923 0.3329326923076923 0.02403846153846154 0.055288461538461536
0 0.9050480769230769 0.41225961538461536 0.03365384615384615 0.07451923076923077