0 0.20552884615384615 0.34375 0.04807692307692308 0.09134615384615384
0 0.30408653846153844 0.23918269230769232 0.016826923076923076 0.040865384615384616
0 0.31850961538461536 0.26322115384615385 0.019230769230769232 0.04807692307692308
0 0.33774038461538464 0.26802884615384615 0.02403846153846154 0.04326923076923077
0 0.33413461538461536 0.2127403846153846 0.014423076923076924 0.036057692307692304
0 0.35216346153846156 0.21754807692307693 0.019230769230769232 0.036057692307692304
0 0.3605769230769231 0.234375 0.019230769230769232 0.028846153846153848
0 0.3870192307692308 0.22235576923076922 0.02403846153846154 0.036057692307692304
0 0.39302884615384615 0.19591346153846154 0.02403846153846154 0.03365384615384615
0 0.43028846153846156 0.21634615384615385 0.019230769230769232 0.038461538461538464
0 0.4375 0.2764423076923077 0.028846153846153848 0.04807692307692308
0 0.4326923076923077 0.17427884615384615 0.019230769230769232 0.03365384615384615
0 0.4519230769230769 0.18389423076923078 0.019230769230769232 0.040865384615384616
0 0.46274038461538464 0.21033653846153846 0.019230769230769232 0.04326923076923077
0 0.4723557692307692 0.1875 0.016826923076923076 0.038461538461538464
0 0.4579326923076923 0.1658653846153846 0.016826923076923076 0.028846153846153848
0 0.46153846153846156 0.14543269230769232 0.019230769230769232 0.02403846153846154
0 0.4807692307692308 0.14423076923076922 0.014423076923076924 0.02403846153846154
0 0.48677884615384615 0.16466346153846154 0.016826923076923076 0.028846153846153848
0 0.5096153846153846 0.18509615384615385 0.019230769230769232 0.03365384615384615
0 0.5264423076923077 0.20192307692307693 0.02403846153846154 0.04807692307692308
0 0.49399038461538464 0.12740384615384615 0.016826923076923076 0.028846153846153848
0 0.5408653846153846 0.13581730769230768 0.019230769230769232 0.040865384615384616
0 0.5516826923076923 0.15384615384615385 0.016826923076923076 0.038461538461538464
0 0.5612980769230769 0.13942307692307693 0.01201923076923077 0.028846153846153848
0 0.5805288461538461 0.16346153846153846 0.021634615384615384 0.038461538461538464
0 0.5673076923076923 0.1141826923076923 0.019230769230769232 0.026442307692307692
0 0.5889423076923077 0.12740384615384615 0.014423076923076924 0.02403846153846154
0 0.6021634615384616 0.09735576923076923 0.016826923076923076 0.028846153846153848
0 0.6237980769230769 0.11057692307692307 0.01201923076923077 0.028846153846153848
0 0.6262019230769231 0.14543269230769232 0.019230769230769232 0.03365384615384615
0 0.6574519230769231 0.109375 0.01201923076923077 0.028846153846153848
0 0.6766826923076923 0.11538461538461539 0.019230769230769232 0.028846153846153848
0 0.7007211538461539 0.0985576923076923 0.014423076923076924 0.03365384615384615
0 0.515625 0.30528846153846156 0.03125 0.057692307692307696
0 0.5528846153846154 0.2932692307692308 0.028846153846153848 0.057692307692307696
0 0.5793269230769231 0.234375 0.028846153846153848 0.05048076923076923
0 0.6213942307692307 0.2403846153846154 0.021634615384615384 0.04807692307692308
0 0.6201923076923077 0.20793269230769232 0.028846153846153848 0.040865384615384616
0 0.6682692307692307 0.2439903846153846 0.028846153846153848 0.05048076923076923
0 0.6225961538461539 0.3317307692307692 0.03365384615384615 0.0673076923076923
0 0.6814903846153846 0.33052884615384615 0.03365384615384615 0.06971153846153846
0 0.7295673076923077 0.2668269230769231 0.028846153846153848 0.04807692307692308
0 0.7800480769230769 0.2800480769230769 0.028846153846153848 0.057692307692307696
0 0.7151442307692307 0.21634615384615385 0.02403846153846154 0.038461538461538464
0 0.6778846153846154 0.1971153846153846 0.019230769230769232 0.038461538461538464
0 0.6923076923076923 0.15625 0.019230769230769232 0.04326923076923077
0 0.7115384615384616 0.171875 0.019230769230769232 0.04326923076923077
0 0.7379807692307693 0.16826923076923078 0.014423076923076924 0.028846153846153848
0 0.75 0.19591346153846154 0.019230769230769232 0.04567307692307692
0 0.7692307692307693 0.17668269230769232 0.019230769230769232 0.036057692307692304
0 0.7307692307692307 0.13221153846153846 0.019230769230769232 0.03365384615384615
0 0.7451923076923077 0.1141826923076923 0.019230769230769232 0.036057692307692304
0 0.7584134615384616 0.13341346153846154 0.016826923076923076 0.036057692307692304
0 0.7620192307692307 0.10697115384615384 0.014423076923076924 0.03125
0 0.7800480769230769 0.12980769230769232 0.021634615384615384 0.038461538461538464
0 0.8125 0.171875 0.019230769230769232 0.04567307692307692
0 0.8161057692307693 0.13221153846153846 0.01201923076923077 0.02403846153846154
0 0.8257211538461539 0.12620192307692307 0.016826923076923076 0.026442307692307692
0 0.8413461538461539 0.13581730769230768 0.014423076923076924 0.036057692307692304
0 0.8365384615384616 0.15985576923076922 0.019230769230769232 0.036057692307692304
0 0.8569711538461539 0.18629807692307693 0.021634615384615384 0.04567307692307692
0 0.8713942307692307 0.15745192307692307 0.019230769230769232 0.04567307692307692
0 0.8798076923076923 0.14543269230769232 0.019230769230769232 0.038461538461538464
0 0.9122596153846154 0.12980769230769232 0.016826923076923076 0.028846153846153848
0 0.9110576923076923 0.1622596153846154 0.019230769230769232 0.040865384615384616
0 0.8822115384615384 0.2247596153846154 0.02403846153846154 0.04567307692307692
0 0.9134615384615384 0.21995192307692307 0.019230769230769232 0.04567307692307692
0 0.9326923076923077 0.2704326923076923 0.02403846153846154 0.055288461538461536
0 0.9302884615384616 0.19831730769230768 0.019230769230769232 0.04807692307692308
0 0.9435096153846154 0.15144230769230768 0.016826923076923076 0.03365384615384615