0 0.5204326923076923 0.703125 0.16346153846153846 0.25721153846153844
0 0.3088942307692308 0.4807692307692308 0.0673076923076923 0.14423076923076922
0 0.49158653846153844 0.4651442307692308 0.057692307692307696 0.125
0 0.6382211538461539 0.4423076923076923 0.052884615384615384 0.10576923076923077
0 0.78125 0.6646634615384616 0.1201923076923077 0.21394230769230768
0 0.7752403846153846 0.4987980769230769 0.08173076923076923 0.12980769230769232
0 0.8894230769230769 0.48677884615384615 0.08653846153846154 0.1658653846153846
0 0.9759615384615384 0.4182692307692308 0.04326923076923077 0.10576923076923077
0 0.9278846153846154 0.36177884615384615 0.03365384615384615 0.0673076923076923
0 0.9122596153846154 0.31009615384615385 0.021634615384615384 0.04326923076923077
0 0.8774038461538461 0.32572115384615385 0.028846153846153848 0.052884615384615384
0 0.8473557692307693 0.34375 0.03125 0.0673076923076923
0 0.7427884615384616 0.38100961538461536 0.04326923076923077 0.07692307692307693
0 0.7632211538461539 0.33533653846153844 0.03125 0.057692307692307696
0 0.8353365384615384 0.3161057692307692 0.03125 0.04807692307692308
0 0.6742788461538461 0.3389423076923077 0.040865384615384616 0.07692307692307693
0 0.6225961538461539 0.2956730769230769 0.02403846153846154 0.03365384615384615
0 0.5913461538461539 0.29927884615384615 0.019230769230769232 0.03365384615384615
0 0.5540865384615384 0.29086538461538464 0.021634615384615384 0.03365384615384615
0 0.5444711538461539 0.30528846153846156 0.021634615384615384 0.03365384615384615
0 0.49759615384615385 0.296875 0.02403846153846154 0.040865384615384616
0 0.4519230769230769 0.33533653846153844 0.028846153846153848 0.04567307692307692
0 0.4807692307692308 0.3737980769230769 0.04326923076923077 0.06009615384615385
0 0.3894230769230769 0.328125 0.028846153846153848 0.04807692307692308
0 0.33533653846153844 0.33533653846153844 0.03365384615384615 0.057692307692307696
0 0.30649038461538464 0.24879807692307693 0.02403846153846154 0.03365384615384615
0 0.296875 0.359375 0.038461538461538464 0.057692307692307696
0 0.24759615384615385 0.3737980769230769 0.04807692307692308 0.07932692307692307
0 0.24639423076923078 0.32091346153846156 0.028846153846153848 0.040865384615384616
0 0.20673076923076922 0.375 0.04326923076923077 0.0673076923076923
0 0.11658653846153846 0.38461538461538464 0.05048076923076923 0.07692307692307693
0 0.04927884615384615 0.3798076923076923 0.03365384615384615 0.0673076923076923
0 0.7391826923076923 0.24278846153846154 0.009615384615384616 0.02403846153846154