0 0.3557692307692308 0.6033653846153846 0.07692307692307693 0.1201923076923077
0 0.3858173076923077 0.5012019230769231 0.057692307692307696 0.08413461538461539
0 0.42908653846153844 0.47115384615384615 0.052884615384615384 0.0673076923076923
0 0.4026442307692308 0.4098557692307692 0.036057692307692304 0.06009615384615385
0 0.30649038461538464 0.3713942307692308 0.026442307692307692 0.05048076923076923
0 0.28966346153846156 0.43509615384615385 0.04326923076923077 0.057692307692307696
0 0.2644230769230769 0.38461538461538464 0.038461538461538464 0.04807692307692308
0 0.25 0.4362980769230769 0.04807692307692308 0.08173076923076923
0 0.1778846153846154 0.4483173076923077 0.057692307692307696 0.07692307692307693
0 0.16346153846153846 0.3894230769230769 0.038461538461538464 0.052884615384615384
0 0.052884615384615384 0.40625 0.04807692307692308 0.0625
0 0.052884615384615384 0.3485576923076923 0.028846153846153848 0.052884615384615384
0 0.015625 0.31009615384615385 0.03125 0.052884615384615384
0 0.040865384615384616 0.2764423076923077 0.028846153846153848 0.03365384615384615
0 0.07091346153846154 0.31009615384615385 0.028846153846153848 0.03365384615384615
0 0.13942307692307693 0.2512019230769231 0.028846153846153848 0.038461538461538464
0 0.18389423076923078 0.3485576923076923 0.03365384615384615 0.052884615384615384
0 0.14423076923076922 0.3545673076923077 0.03365384615384615 0.05048076923076923
0 0.22355769230769232 0.25961538461538464 0.019230769230769232 0.03365384615384615
0 0.21394230769230768 0.2932692307692308 0.028846153846153848 0.038461538461538464
0 0.3293269230769231 0.31009615384615385 0.02403846153846154 0.04326923076923077
0 0.3449519230769231 0.27283653846153844 0.021634615384615384 0.040865384615384616
0 0.4026442307692308 0.30288461538461536 0.026442307692307692 0.038461538461538464
0 0.37740384615384615 0.33653846153846156 0.02403846153846154 0.04807692307692308
0 0.4170673076923077 0.2704326923076923 0.021634615384615384 0.026442307692307692
0 0.44471153846153844 0.28846153846153844 0.02403846153846154 0.028846153846153848
0 0.4579326923076923 0.33653846153846156 0.026442307692307692 0.038461538461538464
0 0.4831730769230769 0.3605769230769231 0.028846153846153848 0.038461538461538464
0 0.5096153846153846 0.3581730769230769 0.02403846153846154 0.038461538461538464
0 0.5060096153846154 0.3004807692307692 0.02403846153846154 0.04326923076923077
0 0.5120192307692307 0.27524038461538464 0.02403846153846154 0.028846153846153848
0 0.4735576923076923 0.28846153846153844 0.02403846153846154 0.028846153846153848
0 0.5625 0.31850961538461536 0.028846153846153848 0.038461538461538464
0 0.5997596153846154 0.31490384615384615 0.02403846153846154 0.038461538461538464
0 0.6334134615384616 0.35216346153846156 0.02403846153846154 0.038461538461538464
0 0.6322115384615384 0.3269230769230769 0.02403846153846154 0.03365384615384615
0 0.6838942307692307 0.3485576923076923 0.028846153846153848 0.038461538461538464
0 0.7127403846153846 0.4050480769230769 0.026442307692307692 0.04326923076923077
0 0.7199519230769231 0.3713942307692308 0.026442307692307692 0.038461538461538464
0 0.7608173076923077 0.38221153846153844 0.02403846153846154 0.04326923076923077
0 0.9050480769230769 0.3545673076923077 0.05048076923076923 0.07692307692307693
0 0.6622596153846154 0.625 0.07451923076923077 0.11057692307692307
0 0.7091346153846154 0.7487980769230769 0.07692307692307693 0.15144230769230768
0 0.6658653846153846 0.41346153846153844 0.028846153846153848 0.038461538461538464
0 0.6081730769230769 0.38822115384615385 0.028846153846153848 0.04326923076923077
0 0.037259615384615384 0.5829326923076923 0.07451923076923077 0.1346153846153846