0 0.06009615384615385 0.35336538461538464 0.02403846153846154 0.04326923076923077
0 0.2704326923076923 0.2644230769230769 0.014423076923076924 0.028846153846153848
0 0.2608173076923077 0.24639423076923078 0.014423076923076924 0.03125
0 0.31850961538461536 0.24158653846153846 0.014423076923076924 0.03365384615384615
0 0.3329326923076923 0.24879807692307693 0.014423076923076924 0.03365384615384615
0 0.34975961538461536 0.25841346153846156 0.016826923076923076 0.03365384615384615
0 0.32211538461538464 0.21033653846153846 0.014423076923076924 0.026442307692307692
0 0.33533653846153844 0.21514423076923078 0.014423076923076924 0.02403846153846154
0 0.35096153846153844 0.22355769230769232 0.014423076923076924 0.028846153846153848
0 0.36177884615384615 0.18990384615384615 0.01201923076923077 0.03365384615384615
0 0.3798076923076923 0.18870192307692307 0.014423076923076924 0.036057692307692304
0 0.39663461538461536 0.2127403846153846 0.014423076923076924 0.03365384615384615
0 0.3954326923076923 0.2764423076923077 0.021634615384615384 0.04326923076923077
0 0.46274038461538464 0.2283653846153846 0.02403846153846154 0.03365384615384615
0 0.45552884615384615 0.21875 0.016826923076923076 0.03365384615384615
0 0.3894230769230769 0.2692307692307692 0.019230769230769232 0.04326923076923077
0 0.41586538461538464 0.18389423076923078 0.019230769230769232 0.03125
0 0.44350961538461536 0.18870192307692307 0.016826923076923076 0.03365384615384615
0 0.47115384615384615 0.18990384615384615 0.019230769230769232 0.02403846153846154
0 0.5072115384615384 0.18269230769230768 0.014423076923076924 0.03365384615384615
0 0.5288461538461539 0.1935096153846154 0.019230769230769232 0.03365384615384615
0 0.5528846153846154 0.15865384615384615 0.009615384615384616 0.028846153846153848
0 0.5721153846153846 0.16346153846153846 0.014423076923076924 0.03365384615384615
0 0.4567307692307692 0.14783653846153846 0.014423076923076924 0.02403846153846154
0 0.47836538461538464 0.13221153846153846 0.014423076923076924 0.02403846153846154
0 0.5625 0.11899038461538461 0.009615384615384616 0.03125
0 0.5889423076923077 0.13822115384615385 0.009615384615384616 0.03125
0 0.6069711538461539 0.1466346153846154 0.014423076923076924 0.02403846153846154
0 0.5997596153846154 0.12620192307692307 0.007211538461538462 0.021634615384615384
0 0.6033653846153846 0.1141826923076923 0.009615384615384616 0.026442307692307692
0 0.5913461538461539 0.11658653846153846 0.014423076923076924 0.021634615384615384
0 0.6346153846153846 0.13341346153846154 0.009615384615384616 0.028846153846153848
0 0.6322115384615384 0.11538461538461539 0.014423076923076924 0.019230769230769232
0 0.6754807692307693 0.11177884615384616 0.014423076923076924 0.02403846153846154
0 0.49399038461538464 0.28846153846153844 0.026442307692307692 0.04807692307692308
0 0.5516826923076923 0.24639423076923078 0.019230769230769232 0.04326923076923077
0 0.5745192307692307 0.28846153846153844 0.02403846153846154 0.04807692307692308
0 0.6189903846153846 0.30408653846153844 0.02403846153846154 0.057692307692307696
0 0.6045673076923077 0.25721153846153844 0.019230769230769232 0.03365384615384615
0 0.6189903846153846 0.20072115384615385 0.014423076923076924 0.03365384615384615
0 0.6490384615384616 0.20072115384615385 0.019230769230769232 0.036057692307692304
0 0.6394230769230769 0.18269230769230768 0.009615384615384616 0.03365384615384615
0 0.6814903846153846 0.1466346153846154 0.01201923076923077 0.02403846153846154
0 0.6923076923076923 0.17307692307692307 0.014423076923076924 0.028846153846153848
0 0.6947115384615384 0.21514423076923078 0.02403846153846154 0.040865384615384616
0 0.6682692307692307 0.25 0.019230769230769232 0.04807692307692308
0 0.7103365384615384 0.29086538461538464 0.021634615384615384 0.04326923076923077
0 0.7632211538461539 0.2608173076923077 0.02403846153846154 0.04807692307692308
0 0.7247596153846154 0.19831730769230768 0.016826923076923076 0.03365384615384615
0 0.7139423076923077 0.16105769230769232 0.014423076923076924 0.028846153846153848
0 0.7019230769230769 0.14182692307692307 0.009615384615384616 0.03365384615384615
0 0.7259615384615384 0.1141826923076923 0.009615384615384616 0.021634615384615384
0 0.7331730769230769 0.14302884615384615 0.014423076923076924 0.028846153846153848
0 0.7524038461538461 0.12379807692307693 0.014423076923076924 0.03365384615384615
0 0.7716346153846154 0.13341346153846154 0.014423076923076924 0.03365384615384615
0 0.7608173076923077 0.15985576923076922 0.01201923076923077 0.028846153846153848
0 0.75 0.21875 0.019230769230769232 0.03365384615384615
0 0.7608173076923077 0.19591346153846154 0.014423076923076924 0.03365384615384615
0 0.7908653846153846 0.1622596153846154 0.014423076923076924 0.03125
0 0.8257211538461539 0.14903846153846154 0.016826923076923076 0.028846153846153848
0 0.8377403846153846 0.14903846153846154 0.016826923076923076 0.038461538461538464
0 0.8341346153846154 0.18389423076923078 0.019230769230769232 0.03365384615384615
0 0.828125 0.21634615384615385 0.014423076923076924 0.038461538461538464
0 0.8365384615384616 0.3088942307692308 0.02403846153846154 0.05048076923076923
0 0.8353365384615384 0.2668269230769231 0.021634615384615384 0.052884615384615384
0 0.9050480769230769 0.27163461538461536 0.021634615384615384 0.04326923076923077
0 0.9098557692307693 0.22596153846153846 0.016826923076923076 0.038461538461538464
0 0.8954326923076923 0.20432692307692307 0.019230769230769232 0.03365384615384615
0 0.8762019230769231 0.171875 0.016826923076923076 0.03365384615384615
0 0.8834134615384616 0.15504807692307693 0.019230769230769232 0.03365384615384615