0 0.5288461538461539 0.22596153846153846 0.10576923076923077 0.22115384615384615
0 0.7427884615384616 0.6153846153846154 0.052884615384615384 0.10096153846153846
0 0.7019230769230769 0.5721153846153846 0.028846153846153848 0.057692307692307696
0 0.8497596153846154 0.17427884615384615 0.14903846153846154 0.3485576923076923
0 0.27524038461538464 0.7355769230769231 0.04567307692307692 0.07692307692307693
0 0.17067307692307693 0.7584134615384616 0.04807692307692308 0.09134615384615384
0 0.09615384615384616 0.7752403846153846 0.038461538461538464 0.06490384615384616
0 0.057692307692307696 0.7091346153846154 0.019230769230769232 0.038461538461538464
0 0.11538461538461539 0.6658653846153846 0.028846153846153848 0.04807692307692308
0 0.16466346153846154 0.671875 0.021634615384615384 0.04807692307692308
0 0.21754807692307693 0.6730769230769231 0.026442307692307692 0.04807692307692308
0 0.27283653846153844 0.6358173076923077 0.021634615384615384 0.04807692307692308
0 0.30528846153846156 0.6418269230769231 0.03365384615384615 0.0625
0 0.32211538461538464 0.5889423076923077 0.019230769230769232 0.03365384615384615
0 0.421875 0.6129807692307693 0.021634615384615384 0.04326923076923077
0 0.13822115384615385 0.5889423076923077 0.014423076923076924 0.028846153846153848
0 0.06009615384615385 0.6105769230769231 0.014423076923076924 0.03365384615384615
0 0.05048076923076923 0.6430288461538461 0.02403846153846154 0.03365384615384615
0 0.054086538461538464 0.6730769230769231 0.02403846153846154 0.028846153846153848
0 0.007211538461538462 0.6682692307692307 0.014423076923076924 0.052884615384615384