0 0.13581730769230768 0.49158653846153844 0.05048076923076923 0.09375
0 0.7067307692307693 0.32091346153846156 0.04807692307692308 0.0985576923076923
0 0.6237980769230769 0.2512019230769231 0.02403846153846154 0.04807692307692308
0 0.5961538461538461 0.2247596153846154 0.019230769230769232 0.05048076923076923
0 0.8028846153846154 0.21033653846153846 0.019230769230769232 0.040865384615384616
0 0.8425480769230769 0.25 0.02403846153846154 0.038461538461538464
0 0.8870192307692307 0.17427884615384615 0.014423076923076924 0.04326923076923077
0 0.9242788461538461 0.23798076923076922 0.021634615384615384 0.04326923076923077
0 0.4074519230769231 0.15384615384615385 0.014423076923076924 0.028846153846153848
0 0.3798076923076923 0.18509615384615385 0.019230769230769232 0.03365384615384615
0 0.4182692307692308 0.21033653846153846 0.019230769230769232 0.03125
0 0.4483173076923077 0.22956730769230768 0.021634615384615384 0.03125
0 0.4675480769230769 0.14783653846153846 0.01201923076923077 0.03365384615384615
0 0.5120192307692307 0.19591346153846154 0.02403846153846154 0.03125
0 0.5492788461538461 0.18269230769230768 0.019230769230769232 0.038461538461538464
0 0.5757211538461539 0.1201923076923077 0.014423076923076924 0.028846153846153848
0 0.3918269230769231 0.20793269230769232 0.02403846153846154 0.038461538461538464