0 0.5733173076923077 0.3786057692307692 0.038461538461538464 0.052884615384615384
0 0.8233173076923077 0.5697115384615384 0.07211538461538461 0.11057692307692307
0 0.9459134615384616 0.5072115384615384 0.055288461538461536 0.08653846153846154
0 0.9747596153846154 0.5588942307692307 0.04807692307692308 0.08173076923076923
0 0.6141826923076923 0.5204326923076923 0.04326923076923077 0.06009615384615385
0 0.5552884615384616 0.5408653846153846 0.04326923076923077 0.07211538461538461
0 0.5120192307692307 0.5060096153846154 0.03365384615384615 0.04567307692307692
0 0.4651442307692308 0.5564903846153846 0.057692307692307696 0.06971153846153846
0 0.3125 0.5661057692307693 0.0673076923076923 0.09134615384615384
0 0.3545673076923077 0.4891826923076923 0.036057692307692304 0.04567307692307692
0 0.28725961538461536 0.48197115384615385 0.036057692307692304 0.055288461538461536
0 0.27163461538461536 0.53125 0.038461538461538464 0.052884615384615384
0 0.2764423076923077 0.671875 0.09615384615384616 0.1466346153846154
0 0.10576923076923077 0.5985576923076923 0.08653846153846154 0.12980769230769232
0 0.1466346153846154 0.5516826923076923 0.04807692307692308 0.06971153846153846
0 0.17427884615384615 0.4951923076923077 0.04807692307692308 0.0673076923076923
0 0.11177884615384616 0.4951923076923077 0.036057692307692304 0.052884615384615384
0 0.06850961538461539 0.4831730769230769 0.04567307692307692 0.07211538461538461
0 0.025240384615384616 0.5348557692307693 0.05048076923076923 0.0889423076923077