0 0.15384615384615385 0.7415865384615384 0.028846153846153848 0.06490384615384616
0 0.08774038461538461 0.8329326923076923 0.04567307692307692 0.0673076923076923
0 0.2608173076923077 0.8389423076923077 0.05048076923076923 0.07211538461538461
0 0.3088942307692308 0.7427884615384616 0.03365384615384615 0.0625
0 0.43990384615384615 0.7992788461538461 0.03365384615384615 0.057692307692307696
0 0.453125 0.9134615384615384 0.038461538461538464 0.0673076923076923
0 0.48197115384615385 0.5841346153846154 0.028846153846153848 0.0625
0 0.6201923076923077 0.8161057692307693 0.038461538461538464 0.06490384615384616
0 0.6538461538461539 0.9194711538461539 0.04807692307692308 0.07692307692307693
0 0.7872596153846154 0.8629807692307693 0.04326923076923077 0.07211538461538461
0 0.8954326923076923 0.7824519230769231 0.038461538461538464 0.06490384615384616
0 0.9663461538461539 0.8665865384615384 0.04807692307692308 0.07692307692307693