0 0.12620192307692307 0.5264423076923077 0.12740384615384615 0.1875
0 0.2247596153846154 0.6310096153846154 0.1778846153846154 0.22115384615384615
0 0.375 0.7163461538461539 0.23076923076923078 0.3269230769230769
0 0.046875 0.46875 0.09375 0.17307692307692307
0 0.09615384615384616 0.4182692307692308 0.09134615384615384 0.11538461538461539
0 0.06610576923076923 0.3605769230769231 0.0625 0.08173076923076923
0 0.2283653846153846 0.36658653846153844 0.07211538461538461 0.0889423076923077
0 0.30408653846153844 0.3870192307692308 0.06009615384615385 0.10096153846153846
0 0.38461538461538464 0.4326923076923077 0.07692307692307693 0.10576923076923077
0 0.5264423076923077 0.421875 0.07211538461538461 0.125
0 0.6646634615384616 0.4411057692307692 0.0889423076923077 0.12980769230769232
0 0.7548076923076923 0.47836538461538464 0.11538461538461539 0.14903846153846154
0 0.7824519230769231 0.8605769230769231 0.27403846153846156 0.2644230769230769
0 0.9711538461538461 0.5432692307692307 0.052884615384615384 0.16346153846153846