0 0.17067307692307693 0.3713942307692308 0.03365384615384615 0.07692307692307693
0 0.23076923076923078 0.3918269230769231 0.028846153846153848 0.052884615384615384
0 0.2692307692307692 0.296875 0.028846153846153848 0.06971153846153846
0 0.30649038461538464 0.2439903846153846 0.021634615384615384 0.040865384615384616
0 0.34134615384615385 0.20432692307692307 0.019230769230769232 0.03365384615384615
0 0.3389423076923077 0.24158653846153846 0.02403846153846154 0.04326923076923077
0 0.3161057692307692 0.359375 0.036057692307692304 0.08413461538461539
0 0.36899038461538464 0.3425480769230769 0.040865384615384616 0.0889423076923077
0 0.3918269230769231 0.22716346153846154 0.028846153846153848 0.04567307692307692
0 0.41346153846153844 0.19591346153846154 0.02403846153846154 0.04326923076923077
0 0.5793269230769231 0.30288461538461536 0.02403846153846154 0.04807692307692308