0 0.20192307692307693 0.47596153846153844 0.04326923076923077 0.07692307692307693
0 0.3112980769230769 0.49399038461538464 0.04807692307692308 0.09375
0 0.12860576923076922 0.2403846153846154 0.019230769230769232 0.028846153846153848
0 0.328125 0.15865384615384615 0.026442307692307692 0.04326923076923077
0 0.41947115384615385 0.12259615384615384 0.01201923076923077 0.03365384615384615
0 0.44711538461538464 0.17067307692307693 0.014423076923076924 0.03365384615384615
0 0.46634615384615385 0.17908653846153846 0.019230769230769232 0.028846153846153848
0 0.4891826923076923 0.14903846153846154 0.014423076923076924 0.028846153846153848
0 0.5168269230769231 0.14783653846153846 0.014423076923076924 0.03365384615384615
0 0.5372596153846154 0.15865384615384615 0.01201923076923077 0.028846153846153848
0 0.5649038461538461 0.15745192307692307 0.014423076923076924 0.026442307692307692
0 0.7608173076923077 0.1141826923076923 0.016826923076923076 0.04326923076923077
0 0.4254807692307692 0.15264423076923078 0.014423076923076924 0.021634615384615384