0 0.19951923076923078 0.609375 0.09134615384615384 0.15625
0 0.30408653846153844 0.4182692307692308 0.06490384615384616 0.11538461538461539
0 0.3701923076923077 0.45913461538461536 0.04807692307692308 0.09134615384615384
0 0.4831730769230769 0.2764423076923077 0.04326923076923077 0.10096153846153846
0 0.5108173076923077 0.296875 0.026442307692307692 0.04567307692307692
0 0.5444711538461539 0.3016826923076923 0.019230769230769232 0.040865384615384616
0 0.5372596153846154 0.37740384615384615 0.026442307692307692 0.052884615384615384
0 0.6117788461538461 0.4423076923076923 0.04807692307692308 0.09134615384615384
0 0.5889423076923077 0.3798076923076923 0.03365384615384615 0.0673076923076923
0 0.6129807692307693 0.36177884615384615 0.03365384615384615 0.057692307692307696
0 0.6622596153846154 0.328125 0.021634615384615384 0.036057692307692304
0 0.7608173076923077 0.4699519230769231 0.0673076923076923 0.12980769230769232
0 0.7932692307692307 0.36778846153846156 0.03365384615384615 0.052884615384615384
0 0.8617788461538461 0.29447115384615385 0.05048076923076923 0.08413461538461539
0 0.9543269230769231 0.36177884615384615 0.03365384615384615 0.0625
0 0.43149038461538464 0.35216346153846156 0.038461538461538464 0.06009615384615385