0 0.25 0.453125 0.03365384615384615 0.052884615384615384
0 0.06850961538461539 0.6418269230769231 0.055288461538461536 0.07211538461538461
0 0.24158653846153846 0.8641826923076923 0.17067307692307693 0.23317307692307693
0 0.30408653846153844 0.6838942307692307 0.09134615384615384 0.14182692307692307
0 0.28125 0.6189903846153846 0.057692307692307696 0.06490384615384616
0 0.30408653846153844 0.6009615384615384 0.04567307692307692 0.0673076923076923
0 0.3629807692307692 0.5757211538461539 0.028846153846153848 0.05048076923076923
0 0.38221153846153844 0.6069711538461539 0.038461538461538464 0.06009615384615385
0 0.4170673076923077 0.6322115384615384 0.052884615384615384 0.07211538461538461
0 0.4735576923076923 0.6862980769230769 0.07211538461538461 0.11298076923076923
0 0.6033653846153846 0.8377403846153846 0.10576923076923077 0.16826923076923078
0 0.6490384615384616 0.6935096153846154 0.07692307692307693 0.11298076923076923
0 0.5925480769230769 0.5973557692307693 0.04807692307692308 0.06490384615384616
0 0.5300480769230769 0.6382211538461539 0.04326923076923077 0.055288461538461536
0 0.4963942307692308 0.6129807692307693 0.038461538461538464 0.038461538461538464
0 0.4543269230769231 0.5721153846153846 0.038461538461538464 0.04807692307692308
0 0.5408653846153846 0.5649038461538461 0.038461538461538464 0.057692307692307696
0 0.6310096153846154 0.5757211538461539 0.03365384615384615 0.04326923076923077
0 0.7079326923076923 0.5877403846153846 0.04567307692307692 0.06490384615384616
0 0.6887019230769231 0.6334134615384616 0.05048076923076923 0.06490384615384616
0 0.8245192307692307 0.6730769230769231 0.07211538461538461 0.10576923076923077
0 0.953125 0.7067307692307693 0.09134615384615384 0.15384615384615385
0 0.890625 0.640625 0.06490384615384616 0.10096153846153846
0 0.8882211538461539 0.5925480769230769 0.040865384615384616 0.04807692307692308
0 0.8701923076923077 0.5649038461538461 0.03365384615384615 0.04326923076923077
0 0.8233173076923077 0.6286057692307693 0.04567307692307692 0.055288461538461536
0 0.7920673076923077 0.5985576923076923 0.040865384615384616 0.04807692307692308
0 0.7992788461538461 0.5709134615384616 0.03365384615384615 0.04326923076923077
0 0.9326923076923077 0.5685096153846154 0.038461538461538464 0.05048076923076923
0 0.9603365384615384 0.5901442307692307 0.040865384615384616 0.055288461538461536
0 0.9831730769230769 0.5576923076923077 0.028846153846153848 0.0625