0 0.8713942307692307 0.18870192307692307 0.01201923076923077 0.036057692307692304
0 0.8942307692307693 0.21875 0.009615384615384616 0.03365384615384615
0 0.8942307692307693 0.2548076923076923 0.019230769230769232 0.038461538461538464
0 0.9182692307692307 0.24879807692307693 0.019230769230769232 0.040865384615384616
0 0.9411057692307693 0.19471153846153846 0.01201923076923077 0.03365384615384615
0 0.8269230769230769 0.25841346153846156 0.019230769230769232 0.05048076923076923
0 0.7536057692307693 0.1466346153846154 0.01201923076923077 0.028846153846153848
0 0.7704326923076923 0.14783653846153846 0.01201923076923077 0.028846153846153848
0 0.609375 0.10697115384615384 0.009615384615384616 0.02403846153846154
0 0.6274038461538461 0.13221153846153846 0.014423076923076924 0.028846153846153848
0 0.6538461538461539 0.12139423076923077 0.009615384615384616 0.02403846153846154
0 0.6610576923076923 0.14302884615384615 0.014423076923076924 0.03125
0 0.42908653846153844 0.19831730769230768 0.016826923076923076 0.04326923076923077
0 0.453125 0.20192307692307693 0.019230769230769232 0.038461538461538464