0 0.6334134615384616 0.09735576923076923 0.009615384615384616 0.026442307692307692
0 0.6634615384615384 0.11177884615384616 0.009615384615384616 0.026442307692307692
0 0.6911057692307693 0.11057692307692307 0.01201923076923077 0.028846153846153848
0 0.7415865384615384 0.1201923076923077 0.016826923076923076 0.03365384615384615
0 0.7872596153846154 0.11778846153846154 0.01201923076923077 0.019230769230769232
0 0.8076923076923077 0.11899038461538461 0.014423076923076924 0.028846153846153848
0 0.8245192307692307 0.12259615384615384 0.014423076923076924 0.02403846153846154
0 0.5576923076923077 0.1141826923076923 0.019230769230769232 0.026442307692307692
0 0.8689903846153846 0.1346153846153846 0.014423076923076924 0.03365384615384615
0 0.9086538461538461 0.140625 0.014423076923076924 0.03125
0 0.8942307692307693 0.15745192307692307 0.009615384615384616 0.036057692307692304
0 0.9182692307692307 0.15384615384615385 0.009615384615384616 0.028846153846153848
0 0.4483173076923077 0.15264423076923078 0.016826923076923076 0.03125
0 0.47836538461538464 0.14302884615384615 0.014423076923076924 0.026442307692307692
0 0.5048076923076923 0.13701923076923078 0.009615384615384616 0.02403846153846154
0 0.5288461538461539 0.14423076923076922 0.019230769230769232 0.028846153846153848
0 0.3137019230769231 0.2283653846153846 0.016826923076923076 0.02403846153846154
0 0.33774038461538464 0.21754807692307693 0.016826923076923076 0.038461538461538464
0 0.35096153846153844 0.22716346153846154 0.019230769230769232 0.038461538461538464
0 0.4230769230769231 0.18509615384615385 0.019230769230769232 0.03365384615384615
0 0.40865384615384615 0.19831730769230768 0.019230769230769232 0.036057692307692304
0 0.37740384615384615 0.23918269230769232 0.02403846153846154 0.04567307692307692
0 0.3942307692307692 0.28125 0.019230769230769232 0.04326923076923077
0 0.453125 0.21634615384615385 0.019230769230769232 0.038461538461538464
0 0.4831730769230769 0.19831730769230768 0.02403846153846154 0.05048076923076923
0 0.5012019230769231 0.21995192307692307 0.019230769230769232 0.05048076923076923
0 0.5336538461538461 0.17427884615384615 0.019230769230769232 0.040865384615384616
0 0.5576923076923077 0.14783653846153846 0.019230769230769232 0.03365384615384615
0 0.5757211538461539 0.15625 0.014423076923076924 0.038461538461538464
0 0.5805288461538461 0.11899038461538461 0.016826923076923076 0.038461538461538464
0 0.5913461538461539 0.11538461538461539 0.019230769230769232 0.038461538461538464
0 0.6069711538461539 0.1346153846153846 0.019230769230769232 0.038461538461538464
0 0.6165865384615384 0.11899038461538461 0.019230769230769232 0.036057692307692304
0 0.6382211538461539 0.1346153846153846 0.016826923076923076 0.028846153846153848
0 0.6814903846153846 0.1658653846153846 0.016826923076923076 0.038461538461538464
0 0.6237980769230769 0.20192307692307693 0.02403846153846154 0.04807692307692308
0 0.5588942307692307 0.25240384615384615 0.02403846153846154 0.052884615384615384
0 0.5444711538461539 0.29927884615384615 0.021634615384615384 0.06490384615384616
0 0.6009615384615384 0.34615384615384615 0.02403846153846154 0.057692307692307696
0 0.5985576923076923 0.24879807692307693 0.019230769230769232 0.04807692307692308
0 0.6634615384615384 0.26802884615384615 0.019230769230769232 0.05048076923076923
0 0.6754807692307693 0.23557692307692307 0.02403846153846154 0.04807692307692308
0 0.6814903846153846 0.19591346153846154 0.02403846153846154 0.038461538461538464
0 0.71875 0.1346153846153846 0.014423076923076924 0.038461538461538464
0 0.171875 0.4723557692307692 0.038461538461538464 0.07211538461538461
0 0.7055288461538461 0.22355769230769232 0.019230769230769232 0.052884615384615384
0 0.7271634615384616 0.19230769230769232 0.02403846153846154 0.04807692307692308
0 0.7475961538461539 0.25721153846153844 0.02403846153846154 0.052884615384615384
0 0.7716346153846154 0.21754807692307693 0.02403846153846154 0.03365384615384615
0 0.8052884615384616 0.18990384615384615 0.02403846153846154 0.0625
0 0.8257211538461539 0.21875 0.021634615384615384 0.03365384615384615
0 0.8425480769230769 0.18990384615384615 0.019230769230769232 0.03365384615384615
0 0.8509615384615384 0.24519230769230768 0.02403846153846154 0.057692307692307696
0 0.8689903846153846 0.23557692307692307 0.026442307692307692 0.057692307692307696
0 0.9242788461538461 0.2091346153846154 0.014423076923076924 0.03365384615384615
0 0.9146634615384616 0.2403846153846154 0.019230769230769232 0.04326923076923077
0 0.7668269230769231 0.2932692307692308 0.02403846153846154 0.04807692307692308
0 0.8028846153846154 0.24278846153846154 0.019230769230769232 0.04807692307692308
0 0.8197115384615384 0.29447115384615385 0.02403846153846154 0.05048076923076923
0 0.9170673076923077 0.31009615384615385 0.019230769230769232 0.0625
0 0.8185096153846154 0.3954326923076923 0.038461538461538464 0.07451923076923077
0 0.8870192307692307 0.44350961538461536 0.03365384615384615 0.08173076923076923
0 0.8870192307692307 0.1875 0.014423076923076924 0.038461538461538464
0 0.7211538461538461 0.16466346153846154 0.02403846153846154 0.038461538461538464
0 0.5168269230769231 0.16466346153846154 0.02403846153846154 0.04807692307692308
0 0.4723557692307692 0.17548076923076922 0.02403846153846154 0.04326923076923077
0 0.3641826923076923 0.2512019230769231 0.021634615384615384 0.03365384615384615
0 0.3389423076923077 0.2548076923076923 0.02403846153846154 0.038461538461538464
0 0.32091346153846156 0.25721153846153844 0.02403846153846154 0.038461538461538464
0 0.8197115384615384 0.15985576923076922 0.009615384615384616 0.021634615384615384
0 0.7776442307692307 0.16947115384615385 0.016826923076923076 0.03125
0 0.7524038461538461 0.140625 0.014423076923076924 0.02403846153846154
0 0.6262019230769231 0.09735576923076923 0.01201923076923077 0.019230769230769232
0 0.8497596153846154 0.16466346153846154 0.014423076923076924 0.036057692307692304
0 0.859375 0.14903846153846154 0.01201923076923077 0.038461538461538464