0 0.4050480769230769 0.3016826923076923 0.021634615384615384 0.04326923076923077
0 0.34975961538461536 0.25961538461538464 0.019230769230769232 0.03365384615384615
0 0.34134615384615385 0.22596153846153846 0.019230769230769232 0.028846153846153848
0 0.3125 0.23076923076923078 0.014423076923076924 0.028846153846153848
0 0.39903846153846156 0.20072115384615385 0.019230769230769232 0.036057692307692304
0 0.4387019230769231 0.25 0.02403846153846154 0.038461538461538464
0 0.41947115384615385 0.22235576923076922 0.016826923076923076 0.03365384615384615
0 0.48197115384615385 0.20552884615384615 0.019230769230769232 0.040865384615384616
0 0.46875 0.16346153846153846 0.014423076923076924 0.03365384615384615
0 0.5240384615384616 0.19471153846153846 0.019230769230769232 0.03365384615384615
0 0.5240384615384616 0.15144230769230768 0.014423076923076924 0.028846153846153848
0 0.5612980769230769 0.17548076923076922 0.016826923076923076 0.03365384615384615
0 0.5612980769230769 0.14302884615384615 0.01201923076923077 0.03125
0 0.5865384615384616 0.15144230769230768 0.014423076923076924 0.03365384615384615
0 0.5877403846153846 0.0673076923076923 0.014423076923076924 0.028846153846153848
0 0.5504807692307693 0.29447115384615385 0.02403846153846154 0.040865384615384616
0 0.5841346153846154 0.2512019230769231 0.02403846153846154 0.04326923076923077
0 0.6514423076923077 0.2608173076923077 0.02403846153846154 0.05048076923076923
0 0.6646634615384616 0.2091346153846154 0.016826923076923076 0.03365384615384615
0 0.6598557692307693 0.17307692307692307 0.016826923076923076 0.028846153846153848
0 0.6995192307692307 0.25240384615384615 0.02403846153846154 0.03365384615384615
0 0.7331730769230769 0.2644230769230769 0.02403846153846154 0.04807692307692308
0 0.7536057692307693 0.22596153846153846 0.016826923076923076 0.038461538461538464
0 0.7980769230769231 0.27403846153846156 0.028846153846153848 0.04807692307692308
0 0.8137019230769231 0.23677884615384615 0.019230769230769232 0.04326923076923077
0 0.7740384615384616 0.20072115384615385 0.014423076923076924 0.03365384615384615
0 0.7572115384615384 0.1778846153846154 0.014423076923076924 0.03365384615384615
0 0.7295673076923077 0.16346153846153846 0.019230769230769232 0.038461538461538464
0 0.765625 0.12740384615384615 0.01201923076923077 0.03365384615384615
0 0.8004807692307693 0.12980769230769232 0.014423076923076924 0.03365384615384615
0 0.8293269230769231 0.08653846153846154 0.014423076923076924 0.028846153846153848
0 0.8040865384615384 0.171875 0.01201923076923077 0.03365384615384615
0 0.8425480769230769 0.18870192307692307 0.01201923076923077 0.03365384615384615
0 0.8257211538461539 0.21634615384615385 0.016826923076923076 0.03365384615384615
0 0.8641826923076923 0.22716346153846154 0.016826923076923076 0.05048076923076923
0 0.875 0.21995192307692307 0.014423076923076924 0.04326923076923077
0 0.8665865384615384 0.14182692307692307 0.01201923076923077 0.03365384615384615
0 0.9290865384615384 0.09735576923076923 0.01201923076923077 0.028846153846153848
0 0.8966346153846154 0.27163461538461536 0.03365384615384615 0.0625