0 0.014423076923076924 0.23557692307692307 0.028846153846153848 0.038461538461538464
0 0.009615384615384616 0.1875 0.014423076923076924 0.019230769230769232
0 0.02283653846153846 0.20192307692307693 0.016826923076923076 0.019230769230769232
0 0.037259615384615384 0.21514423076923078 0.021634615384615384 0.02403846153846154
0 0.06009615384615385 0.25240384615384615 0.03365384615384615 0.057692307692307696
0 0.08173076923076923 0.21995192307692307 0.02403846153846154 0.038461538461538464
0 0.04567307692307692 0.19230769230769232 0.019230769230769232 0.028846153846153848
0 0.028846153846153848 0.17427884615384615 0.019230769230769232 0.026442307692307692
0 0.07692307692307693 0.18629807692307693 0.019230769230769232 0.02403846153846154
0 0.09975961538461539 0.19591346153846154 0.021634615384615384 0.02403846153846154
0 0.08774038461538461 0.17067307692307693 0.016826923076923076 0.019230769230769232
0 0.11177884615384616 0.22355769230769232 0.026442307692307692 0.03365384615384615
0 0.11298076923076923 0.2776442307692308 0.04326923076923077 0.06009615384615385
0 0.15745192307692307 0.2704326923076923 0.04326923076923077 0.06971153846153846
0 0.1778846153846154 0.27884615384615385 0.028846153846153848 0.057692307692307696
0 0.19591346153846154 0.2704326923076923 0.036057692307692304 0.06490384615384616
0 0.22235576923076922 0.2920673076923077 0.04807692307692308 0.07932692307692307
0 0.2956730769230769 0.28725961538461536 0.052884615384615384 0.08413461538461539
0 0.35096153846153844 0.31490384615384615 0.057692307692307696 0.10096153846153846
0 0.45552884615384615 0.32211538461538464 0.07451923076923077 0.11538461538461539
0 0.5072115384615384 0.2512019230769231 0.04326923076923077 0.07451923076923077
0 0.47716346153846156 0.21514423076923078 0.036057692307692304 0.057692307692307696
0 0.4362980769230769 0.21033653846153846 0.026442307692307692 0.057692307692307696
0 0.3894230769230769 0.22355769230769232 0.04326923076923077 0.0625
0 0.3713942307692308 0.23197115384615385 0.038461538461538464 0.0625
0 0.33052884615384615 0.2127403846153846 0.028846153846153848 0.052884615384615384
0 0.29927884615384615 0.2127403846153846 0.026442307692307692 0.038461538461538464
0 0.2704326923076923 0.22956730769230768 0.036057692307692304 0.057692307692307696
0 0.2920673076923077 0.18269230769230768 0.019230769230769232 0.028846153846153848
0 0.31971153846153844 0.17427884615384615 0.02403846153846154 0.026442307692307692
0 0.27163461538461536 0.17908653846153846 0.014423076923076924 0.02403846153846154
0 0.25841346153846156 0.17908653846153846 0.016826923076923076 0.03125
0 0.23197115384615385 0.18990384615384615 0.021634615384615384 0.02403846153846154
0 0.22716346153846154 0.17307692307692307 0.021634615384615384 0.02403846153846154
0 0.2091346153846154 0.18990384615384615 0.02403846153846154 0.03365384615384615
0 0.19951923076923078 0.21995192307692307 0.02403846153846154 0.03365384615384615
0 0.14302884615384615 0.21394230769230768 0.019230769230769232 0.038461538461538464
0 0.17307692307692307 0.21875 0.019230769230769232 0.03365384615384615
0 0.18028846153846154 0.203125 0.02403846153846154 0.028846153846153848
0 0.1778846153846154 0.171875 0.019230769230769232 0.03125
0 0.15985576923076922 0.1935096153846154 0.019230769230769232 0.028846153846153848
0 0.12139423076923077 0.20552884615384615 0.021634615384615384 0.03365384615384615
0 0.12139423076923077 0.18389423076923078 0.021634615384615384 0.028846153846153848
0 0.12740384615384615 0.16826923076923078 0.02403846153846154 0.02403846153846154
0 0.23918269230769232 0.13221153846153846 0.021634615384615384 0.03365384615384615
0 0.2620192307692308 0.10817307692307693 0.02403846153846154 0.028846153846153848
0 0.30649038461538464 0.12740384615384615 0.021634615384615384 0.03365384615384615
0 0.35697115384615385 0.16706730769230768 0.016826923076923076 0.03125
0 0.36778846153846156 0.15625 0.019230769230769232 0.03365384615384615
0 0.35697115384615385 0.12860576923076922 0.016826923076923076 0.026442307692307692
0 0.3701923076923077 0.12259615384615384 0.019230769230769232 0.03365384615384615
0 0.39783653846153844 0.109375 0.021634615384615384 0.036057692307692304
0 0.41586538461538464 0.125 0.019230769230769232 0.028846153846153848
0 0.4387019230769231 0.12620192307692307 0.021634615384615384 0.03125
0 0.4699519230769231 0.10336538461538461 0.021634615384615384 0.03365384615384615
0 0.6237980769230769 0.4098557692307692 0.08173076923076923 0.12980769230769232
0 0.7620192307692307 0.375 0.09134615384615384 0.14423076923076922
0 0.8413461538461539 0.38100961538461536 0.08173076923076923 0.18028846153846154
0 0.9182692307692307 0.390625 0.15384615384615385 0.2548076923076923
0 0.828125 0.28365384615384615 0.06009615384615385 0.10096153846153846
0 0.75 0.26322115384615385 0.057692307692307696 0.09375
0 0.6454326923076923 0.25600961538461536 0.052884615384615384 0.07932692307692307
0 0.5685096153846154 0.2608173076923077 0.05048076923076923 0.07932692307692307
0 0.5805288461538461 0.18990384615384615 0.038461538461538464 0.0625
0 0.5492788461538461 0.21033653846153846 0.03365384615384615 0.04807692307692308
0 0.5252403846153846 0.19831730769230768 0.021634615384615384 0.04326923076923077
0 0.5012019230769231 0.17307692307692307 0.021634615384615384 0.038461538461538464
0 0.515625 0.1658653846153846 0.019230769230769232 0.03365384615384615
0 0.49759615384615385 0.12139423076923077 0.014423076923076924 0.026442307692307692
0 0.5288461538461539 0.12259615384615384 0.019230769230769232 0.03365384615384615
0 0.5480769230769231 0.10697115384615384 0.019230769230769232 0.028846153846153848
0 0.5504807692307693 0.16105769230769232 0.02403846153846154 0.03365384615384615
0 0.5372596153846154 0.16706730769230768 0.019230769230769232 0.03125
0 0.5721153846153846 0.11057692307692307 0.019230769230769232 0.04326923076923077
0 0.5889423076923077 0.09495192307692307 0.014423076923076924 0.02403846153846154
0 0.5877403846153846 0.046875 0.014423076923076924 0.02403846153846154
0 0.6105769230769231 0.1045673076923077 0.019230769230769232 0.038461538461538464
0 0.5973557692307693 0.12620192307692307 0.019230769230769232 0.026442307692307692
0 0.6262019230769231 0.17548076923076922 0.038461538461538464 0.052884615384615384
0 0.6502403846153846 0.21033653846153846 0.04326923076923077 0.057692307692307696
0 0.6947115384615384 0.20793269230769232 0.04326923076923077 0.06971153846153846
0 0.6754807692307693 0.16346153846153846 0.03365384615384615 0.04807692307692308
0 0.6346153846153846 0.10697115384615384 0.019230769230769232 0.04567307692307692
0 0.6850961538461539 0.09254807692307693 0.02403846153846154 0.038461538461538464
0 0.6586538461538461 0.056490384615384616 0.014423076923076924 0.028846153846153848
0 0.7271634615384616 0.09014423076923077 0.026442307692307692 0.04326923076923077
0 0.6911057692307693 0.055288461538461536 0.014423076923076924 0.02403846153846154
0 0.7043269230769231 0.046875 0.014423076923076924 0.02403846153846154
0 0.7295673076923077 0.042067307692307696 0.016826923076923076 0.028846153846153848
0 0.7019230769230769 0.14182692307692307 0.028846153846153848 0.052884615384615384
0 0.7259615384615384 0.16947115384615385 0.028846153846153848 0.04807692307692308
0 0.7716346153846154 0.17307692307692307 0.038461538461538464 0.0673076923076923
0 0.7908653846153846 0.21514423076923078 0.04326923076923077 0.07211538461538461
0 0.8677884615384616 0.2127403846153846 0.03365384615384615 0.0673076923076923
0 0.9050480769230769 0.18269230769230768 0.05048076923076923 0.09615384615384616
0 0.8497596153846154 0.15144230769230768 0.04326923076923077 0.0673076923076923
0 0.8233173076923077 0.15504807692307693 0.026442307692307692 0.05048076923076923
0 0.8137019230769231 0.09735576923076923 0.03365384615384615 0.052884615384615384
0 0.7848557692307693 0.078125 0.02403846153846154 0.04326923076923077
0 0.7728365384615384 0.10576923076923077 0.019230769230769232 0.028846153846153848
0 0.7439903846153846 0.0625 0.019230769230769232 0.028846153846153848
0 0.7668269230769231 0.038461538461538464 0.014423076923076924 0.028846153846153848
0 0.8473557692307693 0.08052884615384616 0.014423076923076924 0.02403846153846154
0 0.8617788461538461 0.10576923076923077 0.021634615384615384 0.038461538461538464
0 0.8846153846153846 0.08052884615384616 0.028846153846153848 0.04567307692307692
0 0.8653846153846154 0.08173076923076923 0.009615384615384616 0.028846153846153848
0 0.9230769230769231 0.13581730769230768 0.028846153846153848 0.038461538461538464
0 0.9471153846153846 0.14423076923076922 0.028846153846153848 0.04807692307692308
0 0.9867788461538461 0.15264423076923078 0.02403846153846154 0.04567307692307692
0 0.9867788461538461 0.09975961538461539 0.021634615384615384 0.04567307692307692
0 0.9603365384615384 0.07091346153846154 0.019230769230769232 0.038461538461538464
0 0.9495192307692307 0.10576923076923077 0.02403846153846154 0.038461538461538464
0 0.9411057692307693 0.07572115384615384 0.019230769230769232 0.028846153846153848
0 0.9266826923076923 0.08052884615384616 0.014423076923076924 0.02403846153846154
0 0.9194711538461539 0.10576923076923077 0.021634615384615384 0.028846153846153848
0 0.90625 0.06971153846153846 0.014423076923076924 0.03365384615384615