0 0.06490384615384616 0.44711538461538464 0.12980769230769232 0.28365384615384615
0 0.1141826923076923 0.3713942307692308 0.03365384615384615 0.06490384615384616
0 0.15144230769230768 0.39783653846153844 0.04326923076923077 0.0889423076923077
0 0.20552884615384615 0.43149038461538464 0.06971153846153846 0.125
0 0.24759615384615385 0.4879807692307692 0.04326923076923077 0.1201923076923077
0 0.22956730769230768 0.6442307692307693 0.07932692307692307 0.15865384615384615
0 0.28725961538461536 0.4326923076923077 0.04326923076923077 0.07692307692307693
0 0.28846153846153844 0.38341346153846156 0.028846153846153848 0.04807692307692308
0 0.3161057692307692 0.41225961538461536 0.028846153846153848 0.06490384615384616
0 0.34375 0.4387019230769231 0.04326923076923077 0.0889423076923077
0 0.36538461538461536 0.3858173076923077 0.028846153846153848 0.052884615384615384
0 0.4026442307692308 0.4206730769230769 0.03365384615384615 0.0625
0 0.4579326923076923 0.4230769230769231 0.036057692307692304 0.07211538461538461
0 0.49158653846153844 0.4326923076923077 0.028846153846153848 0.057692307692307696
0 0.5324519230769231 0.44350961538461536 0.038461538461538464 0.06490384615384616
0 0.5300480769230769 0.49158653846153844 0.04326923076923077 0.08653846153846154
0 0.5853365384615384 0.44471153846153844 0.03365384615384615 0.07692307692307693
0 0.6418269230769231 0.46033653846153844 0.03365384615384615 0.057692307692307696
0 0.6538461538461539 0.5 0.038461538461538464 0.0673076923076923
0 0.6790865384615384 0.4362980769230769 0.03125 0.057692307692307696
0 0.6802884615384616 0.3713942307692308 0.03365384615384615 0.06490384615384616
0 0.7716346153846154 0.265625 0.04326923076923077 0.11298076923076923
0 0.8786057692307693 0.3425480769230769 0.03125 0.0625
0 0.23557692307692307 0.40024038461538464 0.028846153846153848 0.055288461538461536
0 0.20793269230769232 0.3641826923076923 0.03365384615384615 0.04567307692307692