0 0.06971153846153846 0.2704326923076923 0.02403846153846154 0.04807692307692308
0 0.421875 0.22355769230769232 0.016826923076923076 0.03365384615384615
0 0.47115384615384615 0.171875 0.019230769230769232 0.03365384615384615
0 0.49158653846153844 0.17427884615384615 0.021634615384615384 0.04326923076923077
0 0.4579326923076923 0.23557692307692307 0.016826923076923076 0.028846153846153848
0 0.5588942307692307 0.17908653846153846 0.016826923076923076 0.038461538461538464
0 0.5721153846153846 0.19230769230769232 0.019230769230769232 0.04807692307692308
0 0.6454326923076923 0.125 0.01201923076923077 0.028846153846153848
0 0.6875 0.1778846153846154 0.019230769230769232 0.038461538461538464
0 0.6442307692307693 0.22235576923076922 0.02403846153846154 0.040865384615384616
0 0.6454326923076923 0.27163461538461536 0.019230769230769232 0.04326923076923077
0 0.6478365384615384 0.33413461538461536 0.026442307692307692 0.052884615384615384
0 0.7007211538461539 0.30288461538461536 0.021634615384615384 0.04807692307692308
0 0.6947115384615384 0.22956730769230768 0.019230769230769232 0.038461538461538464
0 0.9555288461538461 0.2439903846153846 0.019230769230769232 0.038461538461538464