0 0.18509615384615385 0.4519230769230769 0.052884615384615384 0.08653846153846154
0 0.31009615384615385 0.23918269230769232 0.02403846153846154 0.04807692307692308
0 0.34134615384615385 0.2091346153846154 0.02403846153846154 0.038461538461538464
0 0.890625 0.46153846153846156 0.04326923076923077 0.10096153846153846
0 0.4098557692307692 0.1658653846153846 0.021634615384615384 0.02403846153846154
0 0.4411057692307692 0.15144230769230768 0.016826923076923076 0.03365384615384615
0 0.41586538461538464 0.2127403846153846 0.02403846153846154 0.03365384615384615
0 0.42788461538461536 0.17908653846153846 0.019230769230769232 0.028846153846153848
0 0.4423076923076923 0.23197115384615385 0.02403846153846154 0.040865384615384616
0 0.47716346153846156 0.23197115384615385 0.026442307692307692 0.038461538461538464
0 0.47115384615384615 0.13221153846153846 0.02403846153846154 0.02403846153846154
0 0.4579326923076923 0.17548076923076922 0.021634615384615384 0.038461538461538464
0 0.4735576923076923 0.18389423076923078 0.02403846153846154 0.04326923076923077
0 0.49158653846153844 0.14182692307692307 0.016826923076923076 0.038461538461538464
0 0.5120192307692307 0.14783653846153846 0.014423076923076924 0.03365384615384615
0 0.5324519230769231 0.11538461538461539 0.014423076923076924 0.028846153846153848
0 0.5432692307692307 0.125 0.019230769230769232 0.028846153846153848
0 0.5444711538461539 0.20072115384615385 0.021634615384615384 0.038461538461538464
0 0.53125 0.16346153846153846 0.014423076923076924 0.03365384615384615
0 0.5625 0.15745192307692307 0.019230769230769232 0.04326923076923077
0 0.5985576923076923 0.1622596153846154 0.02403846153846154 0.04567307692307692
0 0.6225961538461539 0.14543269230769232 0.02403846153846154 0.03365384615384615
0 0.6538461538461539 0.14903846153846154 0.019230769230769232 0.04807692307692308
0 0.49158653846153844 0.30649038461538464 0.028846153846153848 0.057692307692307696
0 0.5625 0.2668269230769231 0.028846153846153848 0.0625
0 0.5829326923076923 0.29086538461538464 0.03365384615384615 0.07211538461538461
0 0.609375 0.22235576923076922 0.026442307692307692 0.04326923076923077
0 0.6610576923076923 0.23197115384615385 0.02403846153846154 0.038461538461538464
0 0.6237980769230769 0.3004807692307692 0.038461538461538464 0.07692307692307693
0 0.6694711538461539 0.28725961538461536 0.03365384615384615 0.04567307692307692
0 0.6802884615384616 0.3425480769230769 0.03365384615384615 0.07211538461538461
0 0.6634615384615384 0.19230769230769232 0.019230769230769232 0.04807692307692308
0 0.75 0.08653846153846154 0.019230769230769232 0.038461538461538464
0 0.6923076923076923 0.171875 0.02403846153846154 0.03365384615384615
0 0.71875 0.17307692307692307 0.02403846153846154 0.028846153846153848
0 0.7103365384615384 0.24158653846153846 0.028846153846153848 0.06009615384615385
0 0.7355769230769231 0.1875 0.019230769230769232 0.04807692307692308
0 0.7524038461538461 0.16346153846153846 0.014423076923076924 0.04326923076923077
0 0.7752403846153846 0.1875 0.021634615384615384 0.038461538461538464
0 0.7932692307692307 0.10216346153846154 0.019230769230769232 0.038461538461538464
0 0.7884615384615384 0.21754807692307693 0.02403846153846154 0.04326923076923077
0 0.7980769230769231 0.18269230769230768 0.028846153846153848 0.04326923076923077
0 0.8088942307692307 0.20432692307692307 0.019230769230769232 0.038461538461538464
0 0.8293269230769231 0.17548076923076922 0.014423076923076924 0.038461538461538464
0 0.8052884615384616 0.3016826923076923 0.02403846153846154 0.07211538461538461
0 0.8449519230769231 0.2247596153846154 0.016826923076923076 0.038461538461538464
0 0.8413461538461539 0.31490384615384615 0.028846153846153848 0.0625
0 0.859375 0.19110576923076922 0.021634615384615384 0.036057692307692304
0 0.8846153846153846 0.24278846153846154 0.02403846153846154 0.057692307692307696
0 0.8858173076923077 0.20072115384615385 0.016826923076923076 0.04326923076923077
0 0.9026442307692307 0.19951923076923078 0.019230769230769232 0.04326923076923077
0 0.9314903846153846 0.25 0.026442307692307692 0.057692307692307696
0 0.9242788461538461 0.30649038461538464 0.02403846153846154 0.05048076923076923
0 0.9074519230769231 0.375 0.038461538461538464 0.057692307692307696
0 0.8665865384615384 0.30408653846153844 0.026442307692307692 0.04807692307692308