0 0.2091346153846154 0.3581730769230769 0.04326923076923077 0.08173076923076923
0 0.3293269230769231 0.18990384615384615 0.014423076923076924 0.03365384615384615
0 0.328125 0.2247596153846154 0.019230769230769232 0.036057692307692304
0 0.35096153846153844 0.20673076923076922 0.014423076923076924 0.028846153846153848
0 0.4110576923076923 0.2091346153846154 0.014423076923076924 0.028846153846153848
0 0.41947115384615385 0.17908653846153846 0.016826923076923076 0.036057692307692304
0 0.4423076923076923 0.15745192307692307 0.009615384615384616 0.026442307692307692
0 0.46274038461538464 0.1466346153846154 0.009615384615384616 0.03365384615384615
0 0.47115384615384615 0.13581730769230768 0.009615384615384616 0.028846153846153848
0 0.5120192307692307 0.1201923076923077 0.009615384615384616 0.02403846153846154
0 0.5012019230769231 0.14423076923076922 0.01201923076923077 0.02403846153846154
0 0.5516826923076923 0.125 0.009615384615384616 0.02403846153846154
0 0.5913461538461539 0.1201923076923077 0.009615384615384616 0.038461538461538464
0 0.609375 0.10576923076923077 0.01201923076923077 0.028846153846153848
0 0.6033653846153846 0.13341346153846154 0.02403846153846154 0.04326923076923077
0 0.5649038461538461 0.14903846153846154 0.014423076923076924 0.028846153846153848
0 0.546875 0.19230769230769232 0.016826923076923076 0.038461538461538464
0 0.45552884615384615 0.20552884615384615 0.021634615384615384 0.036057692307692304
0 0.48677884615384615 0.21995192307692307 0.019230769230769232 0.03365384615384615
0 0.5769230769230769 0.23798076923076922 0.019230769230769232 0.04326923076923077
0 0.6310096153846154 0.15144230769230768 0.01201923076923077 0.03365384615384615
0 0.640625 0.12379807692307693 0.01201923076923077 0.02403846153846154
0 0.6430288461538461 0.11177884615384616 0.014423076923076924 0.026442307692307692
0 0.6634615384615384 0.11658653846153846 0.009615384615384616 0.02403846153846154
0 0.6862980769230769 0.12620192307692307 0.019230769230769232 0.03125
0 0.6983173076923077 0.13221153846153846 0.016826923076923076 0.04326923076923077
0 0.6237980769230769 0.2091346153846154 0.021634615384615384 0.04807692307692308
0 0.5180288461538461 0.27884615384615385 0.026442307692307692 0.04807692307692308
0 0.5913461538461539 0.3137019230769231 0.03365384615384615 0.06490384615384616
0 0.6634615384615384 0.3317307692307692 0.038461538461538464 0.0673076923076923
0 0.6358173076923077 0.25 0.021634615384615384 0.038461538461538464
0 0.65625 0.29086538461538464 0.02403846153846154 0.03365384615384615
0 0.6646634615384616 0.22716346153846154 0.019230769230769232 0.040865384615384616
0 0.6694711538461539 0.18028846153846154 0.019230769230769232 0.03365384615384615
0 0.703125 0.20192307692307693 0.019230769230769232 0.038461538461538464
0 0.7079326923076923 0.1622596153846154 0.028846153846153848 0.055288461538461536
0 0.7403846153846154 0.17908653846153846 0.019230769230769232 0.04326923076923077
0 0.7548076923076923 0.1310096153846154 0.019230769230769232 0.03365384615384615
0 0.765625 0.15264423076923078 0.019230769230769232 0.038461538461538464
0 0.7788461538461539 0.14182692307692307 0.019230769230769232 0.04326923076923077
0 0.7211538461538461 0.2439903846153846 0.02403846153846154 0.055288461538461536
0 0.7235576923076923 0.37259615384615385 0.03365384615384615 0.07211538461538461
0 0.8185096153846154 0.359375 0.026442307692307692 0.04807692307692308
0 0.7992788461538461 0.27884615384615385 0.021634615384615384 0.04807692307692308
0 0.7908653846153846 0.2127403846153846 0.019230769230769232 0.036057692307692304
0 0.796875 0.16826923076923078 0.014423076923076924 0.038461538461538464
0 0.8293269230769231 0.18028846153846154 0.014423076923076924 0.02403846153846154
0 0.8425480769230769 0.15865384615384615 0.01201923076923077 0.028846153846153848
0 0.8762019230769231 0.16105769230769232 0.016826923076923076 0.03365384615384615
0 0.9134615384615384 0.171875 0.009615384615384616 0.03365384615384615
0 0.9206730769230769 0.17307692307692307 0.014423076923076924 0.028846153846153848
0 0.9459134615384616 0.1814903846153846 0.01201923076923077 0.03365384615384615
0 0.84375 0.21875 0.014423076923076924 0.03365384615384615
0 0.8341346153846154 0.30408653846153844 0.02403846153846154 0.052884615384615384
0 0.8774038461538461 0.2620192307692308 0.02403846153846154 0.04326923076923077
0 0.8810096153846154 0.22355769230769232 0.016826923076923076 0.03365384615384615
0 0.9170673076923077 0.24639423076923078 0.016826923076923076 0.04326923076923077
0 0.9338942307692307 0.2403846153846154 0.016826923076923076 0.04807692307692308
0 0.9507211538461539 0.22355769230769232 0.016826923076923076 0.038461538461538464
0 0.9266826923076923 0.28846153846153844 0.02403846153846154 0.04326923076923077
0 0.9110576923076923 0.3401442307692308 0.02403846153846154 0.057692307692307696
0 0.8966346153846154 0.4326923076923077 0.028846153846153848 0.07692307692307693
0 0.8677884615384616 0.1935096153846154 0.014423076923076924 0.036057692307692304
0 0.8125 0.1971153846153846 0.014423076923076924 0.038461538461538464
0 0.5132211538461539 0.16105769230769232 0.01201923076923077 0.02403846153846154
0 0.5324519230769231 0.15625 0.016826923076923076 0.028846153846153848
0 0.5865384615384616 0.171875 0.019230769230769232 0.038461538461538464
0 0.5985576923076923 0.14783653846153846 0.014423076923076924 0.036057692307692304
0 0.5084134615384616 0.13822115384615385 0.01201923076923077 0.019230769230769232
0 0.5240384615384616 0.12740384615384615 0.009615384615384616 0.03365384615384615
0 0.7776442307692307 0.1875 0.019230769230769232 0.038461538461538464
0 0.8485576923076923 0.18990384615384615 0.019230769230769232 0.038461538461538464