0 0.15865384615384615 0.34975961538461536 0.04807692307692308 0.07932692307692307
0 0.25841346153846156 0.2800480769230769 0.019230769230769232 0.04326923076923077
0 0.296875 0.27283653846153844 0.021634615384615384 0.036057692307692304
0 0.31490384615384615 0.24519230769230768 0.02403846153846154 0.038461538461538464
0 0.3269230769230769 0.21394230769230768 0.019230769230769232 0.03365384615384615
0 0.3485576923076923 0.21514423076923078 0.014423076923076924 0.03365384615384615
0 0.36538461538461536 0.21754807692307693 0.014423076923076924 0.036057692307692304
0 0.3713942307692308 0.2403846153846154 0.014423076923076924 0.04807692307692308
0 0.38341346153846156 0.22596153846153846 0.016826923076923076 0.028846153846153848
0 0.3870192307692308 0.19831730769230768 0.019230769230769232 0.036057692307692304
0 0.41466346153846156 0.16826923076923078 0.014423076923076924 0.019230769230769232
0 0.42788461538461536 0.1875 0.019230769230769232 0.028846153846153848
0 0.43509615384615385 0.21995192307692307 0.014423076923076924 0.04567307692307692
0 0.4495192307692308 0.19110576923076922 0.019230769230769232 0.040865384615384616
0 0.4579326923076923 0.17427884615384615 0.016826923076923076 0.036057692307692304
0 0.4567307692307692 0.22596153846153846 0.019230769230769232 0.038461538461538464
0 0.4723557692307692 0.16105769230769232 0.016826923076923076 0.03365384615384615
0 0.4807692307692308 0.1875 0.009615384615384616 0.038461538461538464
0 0.49278846153846156 0.17067307692307693 0.014423076923076924 0.03365384615384615
0 0.5 0.1875 0.014423076923076924 0.038461538461538464
0 0.5216346153846154 0.20793269230769232 0.019230769230769232 0.036057692307692304
0 0.47836538461538464 0.25 0.02403846153846154 0.028846153846153848
0 0.49038461538461536 0.1310096153846154 0.009615384615384616 0.026442307692307692
0 0.5288461538461539 0.1310096153846154 0.009615384615384616 0.03125
0 0.5540865384615384 0.15745192307692307 0.014423076923076924 0.036057692307692304
0 0.5817307692307693 0.08413461538461539 0.009615384615384616 0.02403846153846154
0 0.6021634615384616 0.12259615384615384 0.016826923076923076 0.02403846153846154
0 0.5793269230769231 0.1201923076923077 0.014423076923076924 0.028846153846153848
0 0.5745192307692307 0.18509615384615385 0.019230769230769232 0.03365384615384615
0 0.5829326923076923 0.16346153846153846 0.016826923076923076 0.028846153846153848
0 0.6213942307692307 0.15264423076923078 0.021634615384615384 0.03125
0 0.6358173076923077 0.10096153846153846 0.014423076923076924 0.02403846153846154
0 0.6514423076923077 0.09975961538461539 0.014423076923076924 0.026442307692307692
0 0.6766826923076923 0.06850961538461539 0.016826923076923076 0.03125
0 0.6298076923076923 0.2091346153846154 0.019230769230769232 0.038461538461538464
0 0.5733173076923077 0.24519230769230768 0.021634615384615384 0.038461538461538464
0 0.49038461538461536 0.3004807692307692 0.03365384615384615 0.04326923076923077
0 0.5396634615384616 0.3473557692307692 0.028846153846153848 0.04807692307692308
0 0.5985576923076923 0.35216346153846156 0.028846153846153848 0.06490384615384616
0 0.6730769230769231 0.36538461538461536 0.028846153846153848 0.057692307692307696
0 0.6141826923076923 0.265625 0.026442307692307692 0.04807692307692308
0 0.6658653846153846 0.3004807692307692 0.02403846153846154 0.052884615384615384
0 0.671875 0.2127403846153846 0.021634615384615384 0.04326923076923077
0 0.6730769230769231 0.18028846153846154 0.019230769230769232 0.038461538461538464
0 0.6947115384615384 0.15264423076923078 0.014423076923076924 0.03365384615384615
0 0.7007211538461539 0.18870192307692307 0.019230769230769232 0.036057692307692304
0 0.6971153846153846 0.21754807692307693 0.019230769230769232 0.04326923076923077
0 0.7524038461538461 0.19591346153846154 0.019230769230769232 0.04326923076923077
0 0.7355769230769231 0.15625 0.019230769230769232 0.03365384615384615
0 0.7548076923076923 0.16105769230769232 0.014423076923076924 0.03365384615384615
0 0.7235576923076923 0.0625 0.014423076923076924 0.028846153846153848
0 0.7848557692307693 0.12740384615384615 0.01201923076923077 0.03365384615384615
0 0.8028846153846154 0.14423076923076922 0.009615384615384616 0.028846153846153848
0 0.8293269230769231 0.16346153846153846 0.014423076923076924 0.028846153846153848
0 0.8149038461538461 0.13701923076923078 0.014423076923076924 0.02403846153846154
0 0.8413461538461539 0.14182692307692307 0.014423076923076924 0.03365384615384615
0 0.796875 0.18389423076923078 0.021634615384615384 0.04807692307692308
0 0.8557692307692307 0.15384615384615385 0.014423076923076924 0.028846153846153848
0 0.8689903846153846 0.14783653846153846 0.014423076923076924 0.036057692307692304
0 0.875 0.13341346153846154 0.014423076923076924 0.03125
0 0.9050480769230769 0.13942307692307693 0.01201923076923077 0.028846153846153848
0 0.9014423076923077 0.15625 0.014423076923076924 0.02403846153846154
0 0.8990384615384616 0.171875 0.019230769230769232 0.026442307692307692
0 0.8918269230769231 0.18269230769230768 0.014423076923076924 0.038461538461538464
0 0.9350961538461539 0.20192307692307693 0.014423076923076924 0.038461538461538464
0 0.9411057692307693 0.15985576923076922 0.014423076923076924 0.03125
0 0.8521634615384616 0.1778846153846154 0.014423076923076924 0.028846153846153848
0 0.8834134615384616 0.2439903846153846 0.021634615384615384 0.038461538461538464
0 0.9254807692307693 0.2848557692307692 0.02403846153846154 0.055288461538461536
0 0.8197115384615384 0.2548076923076923 0.02403846153846154 0.057692307692307696
0 0.7536057692307693 0.265625 0.026442307692307692 0.04807692307692308
0 0.7271634615384616 0.29086538461538464 0.026442307692307692 0.057692307692307696
0 0.796875 0.3161057692307692 0.02403846153846154 0.06009615384615385
0 0.5072115384615384 0.14783653846153846 0.014423076923076924 0.021634615384615384
0 0.7920673076923077 0.1201923076923077 0.014423076923076924 0.028846153846153848