0 0.27163461538461536 0.46274038461538464 0.07692307692307693 0.15144230769230768
0 0.5264423076923077 0.3137019230769231 0.038461538461538464 0.07211538461538461
0 0.5985576923076923 0.26802884615384615 0.04326923076923077 0.06971153846153846
0 0.5588942307692307 0.203125 0.036057692307692304 0.05048076923076923
0 0.6466346153846154 0.18028846153846154 0.04326923076923077 0.07692307692307693
0 0.7163461538461539 0.08173076923076923 0.038461538461538464 0.0673076923076923
0 0.7608173076923077 0.04567307692307692 0.036057692307692304 0.0625
0 0.7920673076923077 0.10216346153846154 0.026442307692307692 0.05048076923076923
0 0.8509615384615384 0.02403846153846154 0.028846153846153848 0.04807692307692308
0 0.8846153846153846 0.07932692307692307 0.038461538461538464 0.07211538461538461
0 0.9278846153846154 0.07211538461538461 0.038461538461538464 0.057692307692307696
0 0.9651442307692307 0.18870192307692307 0.03125 0.06009615384615385
0 0.9867788461538461 0.0733173076923077 0.021634615384615384 0.05048076923076923
0 0.8004807692307693 0.19951923076923078 0.03365384615384615 0.07211538461538461
0 0.7740384615384616 0.2704326923076923 0.028846153846153848 0.06971153846153846
0 0.7608173076923077 0.40625 0.04807692307692308 0.07211538461538461
0 0.7620192307692307 0.5252403846153846 0.057692307692307696 0.08173076923076923
0 0.5877403846153846 0.43990384615384615 0.040865384615384616 0.07211538461538461
0 0.9350961538461539 0.49399038461538464 0.04807692307692308 0.07451923076923077
0 0.90625 0.4050480769230769 0.04326923076923077 0.07932692307692307
0 0.9471153846153846 0.31850961538461536 0.028846153846153848 0.07211538461538461
0 0.9867788461538461 0.25240384615384615 0.021634615384615384 0.057692307692307696