0 0.09134615384615384 0.5288461538461539 0.057692307692307696 0.07692307692307693
0 0.07211538461538461 0.4675480769230769 0.04807692307692308 0.06971153846153846
0 0.19951923076923078 0.5132211538461539 0.052884615384615384 0.08413461538461539
0 0.21634615384615385 0.4951923076923077 0.038461538461538464 0.0673076923076923
0 0.2668269230769231 0.4651442307692308 0.04326923076923077 0.06009615384615385
0 0.34615384615384615 0.5360576923076923 0.052884615384615384 0.07211538461538461
0 0.46153846153846156 0.34975961538461536 0.038461538461538464 0.06971153846153846
0 0.4795673076923077 0.4951923076923077 0.06009615384615385 0.08653846153846154
0 0.5564903846153846 0.53125 0.05048076923076923 0.09134615384615384
0 0.6766826923076923 0.3870192307692308 0.03365384615384615 0.0673076923076923
0 0.7980769230769231 0.3786057692307692 0.038461538461538464 0.07211538461538461
0 0.9459134615384616 0.5961538461538461 0.06009615384615385 0.09615384615384616