0 0.20192307692307693 0.4387019230769231 0.038461538461538464 0.0985576923076923
0 0.2536057692307692 0.43149038461538464 0.04326923076923077 0.0985576923076923
0 0.3112980769230769 0.27524038461538464 0.019230769230769232 0.038461538461538464
0 0.3641826923076923 0.25721153846153844 0.019230769230769232 0.04326923076923077
0 0.4170673076923077 0.22115384615384615 0.019230769230769232 0.028846153846153848
0 0.43509615384615385 0.2608173076923077 0.019230769230769232 0.052884615384615384
0 0.4495192307692308 0.21394230769230768 0.014423076923076924 0.03365384615384615
0 0.44591346153846156 0.17908653846153846 0.016826923076923076 0.03365384615384615
0 0.47115384615384615 0.18990384615384615 0.014423076923076924 0.028846153846153848
0 0.4543269230769231 0.14783653846153846 0.014423076923076924 0.026442307692307692
0 0.4675480769230769 0.1466346153846154 0.014423076923076924 0.03365384615384615
0 0.5276442307692307 0.13581730769230768 0.01201923076923077 0.03125
0 0.5576923076923077 0.13942307692307693 0.014423076923076924 0.028846153846153848
0 0.5757211538461539 0.14423076923076922 0.016826923076923076 0.028846153846153848
0 0.53125 0.1935096153846154 0.019230769230769232 0.03365384615384615
0 0.47596153846153844 0.328125 0.028846153846153848 0.07451923076923077
0 0.6502403846153846 0.25240384615384615 0.019230769230769232 0.052884615384615384
0 0.71875 0.2764423076923077 0.02403846153846154 0.0625
0 0.7788461538461539 0.28125 0.02403846153846154 0.052884615384615384
0 0.8798076923076923 0.20432692307692307 0.019230769230769232 0.04326923076923077
0 0.8100961538461539 0.11778846153846154 0.014423076923076924 0.028846153846153848
0 0.6826923076923077 0.14423076923076922 0.014423076923076924 0.03365384615384615
0 0.7115384615384616 0.13822115384615385 0.014423076923076924 0.028846153846153848
0 0.7247596153846154 0.1502403846153846 0.01201923076923077 0.036057692307692304
0 0.7439903846153846 0.12139423076923077 0.014423076923076924 0.03365384615384615
0 0.7632211538461539 0.15384615384615385 0.014423076923076924 0.038461538461538464
0 0.7944711538461539 0.1778846153846154 0.016826923076923076 0.038461538461538464