0 0.04447115384615385 0.6538461538461539 0.07211538461538461 0.14423076923076922
0 0.07211538461538461 0.5372596153846154 0.038461538461538464 0.08413461538461539
0 0.016826923076923076 0.4254807692307692 0.03365384615384615 0.0625
0 0.12860576923076922 0.5336538461538461 0.04567307692307692 0.0673076923076923
0 0.1658653846153846 0.53125 0.03365384615384615 0.0625
0 0.18870192307692307 0.45072115384615385 0.03365384615384615 0.04807692307692308
0 0.21153846153846154 0.6334134615384616 0.057692307692307696 0.09375
0 0.22235576923076922 0.5336538461538461 0.040865384615384616 0.057692307692307696
0 0.27884615384615385 0.5180288461538461 0.028846153846153848 0.057692307692307696
0 0.33774038461538464 0.6213942307692307 0.07692307692307693 0.125
0 0.3293269230769231 0.5408653846153846 0.03365384615384615 0.052884615384615384
0 0.38100961538461536 0.5240384615384616 0.028846153846153848 0.052884615384615384
0 0.38341346153846156 0.4362980769230769 0.028846153846153848 0.04567307692307692
0 0.41947115384615385 0.5180288461538461 0.026442307692307692 0.038461538461538464
0 0.4230769230769231 0.5865384615384616 0.04807692307692308 0.09134615384615384
0 0.47115384615384615 0.6069711538461539 0.0673076923076923 0.10096153846153846
0 0.4735576923076923 0.5192307692307693 0.02403846153846154 0.04326923076923077
0 0.5588942307692307 0.5516826923076923 0.05048076923076923 0.057692307692307696
0 0.5444711538461539 0.6045673076923077 0.04807692307692308 0.08413461538461539
0 0.6189903846153846 0.5252403846153846 0.026442307692307692 0.04807692307692308
0 0.6334134615384616 0.5697115384615384 0.03365384615384615 0.0625
0 0.6574519230769231 0.5240384615384616 0.026442307692307692 0.04807692307692308
0 0.6682692307692307 0.41346153846153844 0.028846153846153848 0.04326923076923077
0 0.6887019230769231 0.5336538461538461 0.026442307692307692 0.04807692307692308
0 0.9014423076923077 0.6538461538461539 0.08653846153846154 0.14903846153846154
0 0.9639423076923077 0.5721153846153846 0.0625 0.11538461538461539
0 0.9170673076923077 0.5336538461538461 0.038461538461538464 0.07692307692307693