0 0.07932692307692307 0.4831730769230769 0.04326923076923077 0.11057692307692307
0 0.16466346153846154 0.30649038461538464 0.02403846153846154 0.040865384615384616
0 0.19471153846153846 0.296875 0.028846153846153848 0.055288461538461536
0 0.23918269230769232 0.24639423076923078 0.021634615384615384 0.04807692307692308
0 0.2776442307692308 0.265625 0.019230769230769232 0.040865384615384616
0 0.2956730769230769 0.24278846153846154 0.02403846153846154 0.04807692307692308
0 0.28125 0.21394230769230768 0.019230769230769232 0.04326923076923077
0 0.3245192307692308 0.21394230769230768 0.019230769230769232 0.04326923076923077
0 0.34615384615384615 0.2644230769230769 0.019230769230769232 0.057692307692307696
0 0.33774038461538464 0.20432692307692307 0.021634615384615384 0.038461538461538464
0 0.36538461538461536 0.19230769230769232 0.019230769230769232 0.038461538461538464
0 0.3713942307692308 0.24759615384615385 0.019230769230769232 0.04326923076923077
0 0.40865384615384615 0.19951923076923078 0.019230769230769232 0.04326923076923077
0 0.4098557692307692 0.16706730769230768 0.016826923076923076 0.036057692307692304
0 0.4266826923076923 0.16105769230769232 0.016826923076923076 0.04326923076923077
0 0.41586538461538464 0.3245192307692308 0.03365384615384615 0.057692307692307696
0 0.4495192307692308 0.25240384615384615 0.02403846153846154 0.057692307692307696
0 0.4651442307692308 0.15985576923076922 0.014423076923076924 0.03365384615384615
0 0.47115384615384615 0.1622596153846154 0.019230769230769232 0.05048076923076923
0 0.46875 0.21394230769230768 0.02403846153846154 0.04807692307692308
0 0.49759615384615385 0.17427884615384615 0.02403846153846154 0.04807692307692308
0 0.5060096153846154 0.15745192307692307 0.019230769230769232 0.040865384615384616
0 0.5132211538461539 0.23317307692307693 0.019230769230769232 0.04807692307692308
0 0.5432692307692307 0.16706730769230768 0.019230769230769232 0.04567307692307692
0 0.5360576923076923 0.13701923076923078 0.014423076923076924 0.03365384615384615
0 0.5649038461538461 0.1346153846153846 0.014423076923076924 0.038461538461538464
0 0.5564903846153846 0.19951923076923078 0.016826923076923076 0.04326923076923077
0 0.5661057692307693 0.17067307692307693 0.016826923076923076 0.04326923076923077
0 0.5829326923076923 0.1201923076923077 0.016826923076923076 0.03365384615384615
0 0.5925480769230769 0.15504807692307693 0.019230769230769232 0.040865384615384616
0 0.5889423076923077 0.1935096153846154 0.014423076923076924 0.038461538461538464
0 0.6081730769230769 0.19951923076923078 0.019230769230769232 0.04807692307692308
0 0.6165865384615384 0.12740384615384615 0.014423076923076924 0.04326923076923077
0 0.6334134615384616 0.15144230769230768 0.014423076923076924 0.04326923076923077
0 0.6442307692307693 0.125 0.009615384615384616 0.038461538461538464
0 0.6778846153846154 0.1310096153846154 0.014423076923076924 0.03365384615384615
0 0.6742788461538461 0.1622596153846154 0.016826923076923076 0.038461538461538464
0 0.7043269230769231 0.15625 0.014423076923076924 0.03365384615384615
0 0.6454326923076923 0.18028846153846154 0.014423076923076924 0.04326923076923077
0 0.6418269230769231 0.2668269230769231 0.02403846153846154 0.0625
0 0.6971153846153846 0.21394230769230768 0.019230769230769232 0.04326923076923077
0 0.7223557692307693 0.22235576923076922 0.019230769230769232 0.04567307692307692
0 0.7319711538461539 0.23197115384615385 0.016826923076923076 0.052884615384615384
0 0.7151442307692307 0.26802884615384615 0.021634615384615384 0.05048076923076923
0 0.7427884615384616 0.296875 0.02403846153846154 0.05048076923076923
0 0.7487980769230769 0.20552884615384615 0.016826923076923076 0.04326923076923077
0 0.7668269230769231 0.1875 0.014423076923076924 0.038461538461538464
0 0.7728365384615384 0.21394230769230768 0.021634615384615384 0.04326923076923077
0 0.8040865384615384 0.18870192307692307 0.016826923076923076 0.03365384615384615
0 0.8100961538461539 0.2283653846153846 0.019230769230769232 0.04326923076923077
0 0.8233173076923077 0.21754807692307693 0.014423076923076924 0.040865384615384616
0 0.7848557692307693 0.2644230769230769 0.019230769230769232 0.057692307692307696
0 0.8100961538461539 0.3088942307692308 0.02403846153846154 0.0625
0 0.6033653846153846 0.296875 0.02403846153846154 0.057692307692307696
0 0.5576923076923077 0.34975961538461536 0.028846153846153848 0.057692307692307696
0 0.5877403846153846 0.38461538461538464 0.028846153846153848 0.0673076923076923
0 0.6478365384615384 0.41586538461538464 0.03365384615384615 0.0625
0 0.7199519230769231 0.4098557692307692 0.03365384615384615 0.06971153846153846
0 0.7872596153846154 0.4831730769230769 0.03365384615384615 0.09134615384615384
0 0.8629807692307693 0.23557692307692307 0.014423076923076924 0.038461538461538464
0 0.8870192307692307 0.27884615384615385 0.014423076923076924 0.04807692307692308
0 0.8798076923076923 0.24879807692307693 0.014423076923076924 0.03365384615384615
0 0.9026442307692307 0.2403846153846154 0.014423076923076924 0.038461538461538464
0 0.8990384615384616 0.2644230769230769 0.019230769230769232 0.04326923076923077
0 0.9326923076923077 0.27884615384615385 0.009615384615384616 0.04807692307692308
0 0.8641826923076923 0.32572115384615385 0.019230769230769232 0.05048076923076923
0 0.8545673076923077 0.35096153846153844 0.019230769230769232 0.04807692307692308
0 0.8762019230769231 0.45072115384615385 0.02403846153846154 0.06971153846153846
0 0.8569711538461539 0.5216346153846154 0.026442307692307692 0.09134615384615384
0 0.9567307692307693 0.4807692307692308 0.019230769230769232 0.07692307692307693
0 0.9483173076923077 0.40384615384615385 0.021634615384615384 0.0673076923076923
0 0.9387019230769231 0.3449519230769231 0.021634615384615384 0.06009615384615385
0 0.953125 0.25240384615384615 0.016826923076923076 0.04326923076923077
0 0.9879807692307693 0.296875 0.014423076923076924 0.052884615384615384
0 0.9783653846153846 0.32211538461538464 0.014423076923076924 0.04807692307692308
0 0.9675480769230769 0.3329326923076923 0.016826923076923076 0.055288461538461536
0 0.9723557692307693 0.3786057692307692 0.021634615384615384 0.057692307692307696