0 0.2776442307692308 0.23918269230769232 0.019230769230769232 0.036057692307692304
0 0.296875 0.23317307692307693 0.019230769230769232 0.03365384615384615
0 0.2956730769230769 0.25841346153846156 0.014423076923076924 0.040865384615384616
0 0.359375 0.25240384615384615 0.019230769230769232 0.04326923076923077
0 0.38100961538461536 0.26802884615384615 0.016826923076923076 0.040865384615384616
0 0.38461538461538464 0.21875 0.019230769230769232 0.03365384615384615
0 0.37740384615384615 0.1935096153846154 0.014423076923076924 0.03125
0 0.36899038461538464 0.1814903846153846 0.019230769230769232 0.03365384615384615
0 0.4050480769230769 0.15985576923076922 0.014423076923076924 0.03125
0 0.4230769230769231 0.17067307692307693 0.019230769230769232 0.028846153846153848
0 0.4326923076923077 0.15504807692307693 0.009615384615384616 0.03125
0 0.4411057692307692 0.14423076923076922 0.016826923076923076 0.028846153846153848
0 0.4675480769230769 0.1466346153846154 0.016826923076923076 0.02403846153846154
0 0.4807692307692308 0.17067307692307693 0.019230769230769232 0.04326923076923077
0 0.45552884615384615 0.19591346153846154 0.026442307692307692 0.055288461538461536
0 0.4387019230769231 0.22355769230769232 0.019230769230769232 0.03365384615384615
0 0.5024038461538461 0.17548076923076922 0.014423076923076924 0.038461538461538464
0 0.5252403846153846 0.19471153846153846 0.021634615384615384 0.038461538461538464
0 0.5144230769230769 0.1502403846153846 0.019230769230769232 0.036057692307692304
0 0.5084134615384616 0.11538461538461539 0.016826923076923076 0.03365384615384615
0 0.5432692307692307 0.11298076923076923 0.019230769230769232 0.03365384615384615
0 0.5432692307692307 0.16346153846153846 0.019230769230769232 0.038461538461538464
0 0.5637019230769231 0.17307692307692307 0.016826923076923076 0.038461538461538464
0 0.5673076923076923 0.12860576923076922 0.014423076923076924 0.028846153846153848
0 0.5625 0.10697115384615384 0.009615384615384616 0.021634615384615384
0 0.5841346153846154 0.13221153846153846 0.014423076923076924 0.02403846153846154
0 0.5913461538461539 0.11538461538461539 0.019230769230769232 0.028846153846153848
0 0.5877403846153846 0.09495192307692307 0.014423076923076924 0.021634615384615384
0 0.6069711538461539 0.15264423076923078 0.019230769230769232 0.03365384615384615
0 0.6105769230769231 0.13221153846153846 0.009615384615384616 0.02403846153846154
0 0.6153846153846154 0.09134615384615384 0.009615384615384616 0.028846153846153848
0 0.6382211538461539 0.09254807692307693 0.01201923076923077 0.026442307692307692
0 0.6466346153846154 0.1045673076923077 0.014423076923076924 0.03125
0 0.6550480769230769 0.12139423076923077 0.014423076923076924 0.028846153846153848
0 0.6550480769230769 0.15865384615384615 0.02403846153846154 0.04807692307692308
0 0.6658653846153846 0.10216346153846154 0.014423076923076924 0.026442307692307692
0 0.6971153846153846 0.09495192307692307 0.014423076923076924 0.028846153846153848
0 0.6790865384615384 0.15384615384615385 0.019230769230769232 0.038461538461538464
0 0.6947115384615384 0.171875 0.02403846153846154 0.040865384615384616
0 0.6742788461538461 0.19471153846153846 0.019230769230769232 0.04326923076923077
0 0.6322115384615384 0.19230769230769232 0.02403846153846154 0.038461538461538464
0 0.625 0.24278846153846154 0.028846153846153848 0.052884615384615384
0 0.5576923076923077 0.2512019230769231 0.028846153846153848 0.04807692307692308
0 0.49759615384615385 0.29927884615384615 0.03365384615384615 0.052884615384615384
0 0.5384615384615384 0.3269230769230769 0.028846153846153848 0.057692307692307696
0 0.6069711538461539 0.31490384615384615 0.03365384615384615 0.0625
0 0.6766826923076923 0.28725961538461536 0.03365384615384615 0.06009615384615385
0 0.7163461538461539 0.24759615384615385 0.02403846153846154 0.052884615384615384
0 0.7439903846153846 0.328125 0.038461538461538464 0.0673076923076923
0 0.8016826923076923 0.36778846153846156 0.040865384615384616 0.0673076923076923
0 0.9014423076923077 0.3473557692307692 0.03365384615384615 0.08173076923076923
0 0.78125 0.25841346153846156 0.03365384615384615 0.06009615384615385
0 0.8401442307692307 0.2980769230769231 0.03125 0.057692307692307696
0 0.8112980769230769 0.23076923076923078 0.02403846153846154 0.04807692307692308
0 0.7824519230769231 0.19831730769230768 0.021634615384615384 0.04807692307692308
0 0.7560096153846154 0.20552884615384615 0.02403846153846154 0.04807692307692308
0 0.7295673076923077 0.1814903846153846 0.02403846153846154 0.04567307692307692
0 0.7259615384615384 0.22235576923076922 0.02403846153846154 0.05048076923076923
0 0.7307692307692307 0.11298076923076923 0.019230769230769232 0.03365384615384615
0 0.7524038461538461 0.12259615384615384 0.014423076923076924 0.04326923076923077
0 0.7668269230769231 0.12379807692307693 0.014423076923076924 0.03365384615384615
0 0.7860576923076923 0.14302884615384615 0.019230769230769232 0.04567307692307692
0 0.8125 0.1466346153846154 0.019230769230769232 0.038461538461538464
0 0.8377403846153846 0.1310096153846154 0.01201923076923077 0.03125
0 0.8389423076923077 0.11057692307692307 0.014423076923076924 0.028846153846153848
0 0.8557692307692307 0.15985576923076922 0.019230769230769232 0.04567307692307692
0 0.8329326923076923 0.19951923076923078 0.026442307692307692 0.052884615384615384
0 0.8629807692307693 0.24158653846153846 0.02403846153846154 0.057692307692307696
0 0.9194711538461539 0.27163461538461536 0.028846153846153848 0.057692307692307696
0 0.9254807692307693 0.23317307692307693 0.019230769230769232 0.04326923076923077
0 0.9266826923076923 0.19951923076923078 0.016826923076923076 0.03365384615384615
0 0.8846153846153846 0.19230769230769232 0.019230769230769232 0.038461538461538464
0 0.8737980769230769 0.17908653846153846 0.01201923076923077 0.03365384615384615
0 0.8665865384615384 0.13581730769230768 0.01201923076923077 0.028846153846153848
0 0.8725961538461539 0.11778846153846154 0.014423076923076924 0.028846153846153848
0 0.8942307692307693 0.1310096153846154 0.009615384615384616 0.028846153846153848
0 0.9002403846153846 0.14783653846153846 0.019230769230769232 0.038461538461538464
0 0.890625 0.16346153846153846 0.016826923076923076 0.03365384615384615
0 0.9290865384615384 0.14302884615384615 0.016826923076923076 0.03125