0 0.04807692307692308 0.36899038461538464 0.028846153846153848 0.04807692307692308
0 0.2620192307692308 0.24639423076923078 0.014423076923076924 0.038461538461538464
0 0.27163461538461536 0.2608173076923077 0.019230769230769232 0.036057692307692304
0 0.3245192307692308 0.24158653846153846 0.014423076923076924 0.038461538461538464
0 0.34975961538461536 0.2608173076923077 0.021634615384615384 0.04326923076923077
0 0.34134615384615385 0.24639423076923078 0.019230769230769232 0.03365384615384615
0 0.3245192307692308 0.2091346153846154 0.014423076923076924 0.03365384615384615
0 0.3425480769230769 0.20552884615384615 0.014423076923076924 0.03365384615384615
0 0.35336538461538464 0.22355769230769232 0.014423076923076924 0.03365384615384615
0 0.35697115384615385 0.19110576923076922 0.014423076923076924 0.03365384615384615
0 0.3798076923076923 0.18629807692307693 0.019230769230769232 0.036057692307692304
0 0.39903846153846156 0.2127403846153846 0.019230769230769232 0.038461538461538464
0 0.3858173076923077 0.25600961538461536 0.021634615384615384 0.04326923076923077
0 0.4050480769230769 0.25721153846153844 0.02403846153846154 0.04807692307692308
0 0.4182692307692308 0.18629807692307693 0.014423076923076924 0.038461538461538464
0 0.44711538461538464 0.18870192307692307 0.019230769230769232 0.036057692307692304
0 0.4543269230769231 0.2247596153846154 0.014423076923076924 0.04326923076923077
0 0.4675480769230769 0.2283653846153846 0.02403846153846154 0.04326923076923077
0 0.4831730769230769 0.19230769230769232 0.02403846153846154 0.038461538461538464
0 0.47475961538461536 0.1622596153846154 0.019230769230769232 0.036057692307692304
0 0.4579326923076923 0.1502403846153846 0.014423076923076924 0.03125
0 0.4831730769230769 0.1310096153846154 0.014423076923076924 0.026442307692307692
0 0.49278846153846156 0.15144230769230768 0.014423076923076924 0.028846153846153848
0 0.5096153846153846 0.15865384615384615 0.014423076923076924 0.03365384615384615
0 0.5108173076923077 0.1875 0.019230769230769232 0.038461538461538464
0 0.5324519230769231 0.18509615384615385 0.019230769230769232 0.04326923076923077
0 0.5492788461538461 0.15625 0.014423076923076924 0.03365384615384615
0 0.5637019230769231 0.14543269230769232 0.01201923076923077 0.026442307692307692
0 0.5769230769230769 0.15985576923076922 0.019230769230769232 0.038461538461538464
0 0.5576923076923077 0.11778846153846154 0.019230769230769232 0.028846153846153848
0 0.5 0.28725961538461536 0.028846153846153848 0.055288461538461536
0 0.5528846153846154 0.234375 0.02403846153846154 0.057692307692307696
0 0.5829326923076923 0.28365384615384615 0.028846153846153848 0.057692307692307696
0 0.5985576923076923 0.27524038461538464 0.02403846153846154 0.05048076923076923
0 0.5877403846153846 0.14423076923076922 0.016826923076923076 0.028846153846153848
0 0.6021634615384616 0.1310096153846154 0.01201923076923077 0.026442307692307692
0 0.5961538461538461 0.11778846153846154 0.009615384615384616 0.02403846153846154
0 0.6069711538461539 0.11177884615384616 0.01201923076923077 0.026442307692307692
0 0.6177884615384616 0.14182692307692307 0.014423076923076924 0.02403846153846154
0 0.6394230769230769 0.13581730769230768 0.014423076923076924 0.03125
0 0.6418269230769231 0.1141826923076923 0.014423076923076924 0.026442307692307692
0 0.6754807692307693 0.109375 0.014423076923076924 0.03125
0 0.6790865384615384 0.14302884615384615 0.014423076923076924 0.03125
0 0.6466346153846154 0.1778846153846154 0.02403846153846154 0.03365384615384615
0 0.6490384615384616 0.1971153846153846 0.019230769230769232 0.038461538461538464
0 0.6165865384615384 0.20432692307692307 0.019230769230769232 0.04326923076923077
0 0.6730769230769231 0.25 0.02403846153846154 0.04807692307692308
0 0.6298076923076923 0.3004807692307692 0.03365384615384615 0.0625
0 0.7151442307692307 0.28966346153846156 0.026442307692307692 0.06490384615384616
0 0.7055288461538461 0.2247596153846154 0.019230769230769232 0.05048076923076923
0 0.6995192307692307 0.17548076923076922 0.014423076923076924 0.038461538461538464
0 0.7175480769230769 0.1658653846153846 0.019230769230769232 0.038461538461538464
0 0.7043269230769231 0.13942307692307693 0.019230769230769232 0.038461538461538464
0 0.734375 0.11778846153846154 0.016826923076923076 0.03365384615384615
0 0.7307692307692307 0.1971153846153846 0.019230769230769232 0.04807692307692308
0 0.7548076923076923 0.23317307692307693 0.02403846153846154 0.052884615384615384
0 0.7692307692307693 0.25841346153846156 0.028846153846153848 0.052884615384615384
0 0.765625 0.20072115384615385 0.021634615384615384 0.04807692307692308
0 0.7427884615384616 0.17307692307692307 0.014423076923076924 0.038461538461538464
0 0.7620192307692307 0.15745192307692307 0.019230769230769232 0.040865384615384616
0 0.7620192307692307 0.12379807692307693 0.014423076923076924 0.026442307692307692
0 0.7764423076923077 0.1346153846153846 0.014423076923076924 0.038461538461538464
0 0.796875 0.16105769230769232 0.016826923076923076 0.04326923076923077
0 0.8329326923076923 0.203125 0.021634615384615384 0.055288461538461536
0 0.8461538461538461 0.14783653846153846 0.019230769230769232 0.038461538461538464
0 0.8317307692307693 0.15144230769230768 0.014423076923076924 0.03365384615384615
0 0.8822115384615384 0.16706730769230768 0.014423076923076924 0.03365384615384615
0 0.8894230769230769 0.1502403846153846 0.014423076923076924 0.03125
0 0.9002403846153846 0.18509615384615385 0.014423076923076924 0.03365384615384615
0 0.8882211538461539 0.20793269230769232 0.016826923076923076 0.04326923076923077
0 0.8413461538461539 0.2692307692307692 0.02403846153846154 0.04807692307692308
0 0.8461538461538461 0.3161057692307692 0.028846153846153848 0.06971153846153846
0 0.9146634615384616 0.2548076923076923 0.019230769230769232 0.04807692307692308
0 0.9134615384615384 0.21514423076923078 0.019230769230769232 0.038461538461538464