0 0.3485576923076923 0.6310096153846154 0.04326923076923077 0.07451923076923077
0 0.6935096153846154 0.6526442307692307 0.038461538461538464 0.06009615384615385
0 0.026442307692307692 0.46634615384615385 0.04326923076923077 0.057692307692307696
0 0.0733173076923077 0.515625 0.03125 0.04326923076923077
0 0.10096153846153846 0.47115384615384615 0.028846153846153848 0.038461538461538464
0 0.14423076923076922 0.4675480769230769 0.028846153846153848 0.04807692307692308
0 0.14783653846153846 0.4326923076923077 0.02403846153846154 0.038461538461538464
0 0.16947115384615385 0.45072115384615385 0.028846153846153848 0.038461538461538464
0 0.21033653846153846 0.4699519230769231 0.036057692307692304 0.04807692307692308
0 0.2247596153846154 0.4375 0.028846153846153848 0.038461538461538464
0 0.25961538461538464 0.49278846153846156 0.03365384615384615 0.052884615384615384
0 0.2692307692307692 0.44471153846153844 0.02403846153846154 0.04326923076923077
0 0.3088942307692308 0.4699519230769231 0.036057692307692304 0.052884615384615384
0 0.32211538461538464 0.43509615384615385 0.028846153846153848 0.04326923076923077
0 0.359375 0.4735576923076923 0.036057692307692304 0.04326923076923077
0 0.36778846153846156 0.4266826923076923 0.03365384615384615 0.04807692307692308
0 0.3786057692307692 0.3954326923076923 0.026442307692307692 0.036057692307692304
0 0.34134615384615385 0.39783653846153844 0.02403846153846154 0.036057692307692304
0 0.2860576923076923 0.3942307692307692 0.02403846153846154 0.038461538461538464
0 0.23557692307692307 0.390625 0.028846153846153848 0.036057692307692304
0 0.23317307692307693 0.3581730769230769 0.02403846153846154 0.03365384615384615
0 0.22956730769230768 0.3173076923076923 0.028846153846153848 0.03365384615384615
0 0.18509615384615385 0.35336538461538464 0.02403846153846154 0.028846153846153848
0 0.16947115384615385 0.3269230769230769 0.028846153846153848 0.038461538461538464
0 0.14182692307692307 0.36778846153846156 0.02403846153846154 0.038461538461538464
0 0.09254807692307693 0.36177884615384615 0.026442307692307692 0.040865384615384616
0 0.10817307692307693 0.33413461538461536 0.03365384615384615 0.038461538461538464
0 0.2704326923076923 0.3473557692307692 0.02403846153846154 0.040865384615384616
0 0.29447115384615385 0.33774038461538464 0.021634615384615384 0.040865384615384616
0 0.3245192307692308 0.3389423076923077 0.028846153846153848 0.038461538461538464
0 0.34615384615384615 0.32211538461538464 0.02403846153846154 0.03365384615384615
0 0.37740384615384615 0.3401442307692308 0.02403846153846154 0.040865384615384616
0 0.4026442307692308 0.32091346153846156 0.021634615384615384 0.040865384615384616
0 0.42908653846153844 0.33653846153846156 0.028846153846153848 0.038461538461538464
0 0.45072115384615385 0.31490384615384615 0.021634615384615384 0.038461538461538464
0 0.42788461538461536 0.38461538461538464 0.02403846153846154 0.038461538461538464
0 0.4110576923076923 0.4411057692307692 0.02403846153846154 0.04326923076923077
0 0.4230769230769231 0.46875 0.038461538461538464 0.052884615384615384
0 0.4807692307692308 0.48197115384615385 0.038461538461538464 0.052884615384615384
0 0.4675480769230769 0.4254807692307692 0.028846153846153848 0.04326923076923077
0 0.48677884615384615 0.38822115384615385 0.026442307692307692 0.04567307692307692
0 0.47475961538461536 0.3581730769230769 0.02403846153846154 0.038461538461538464
0 0.49759615384615385 0.33653846153846156 0.02403846153846154 0.038461538461538464
0 0.5288461538461539 0.35336538461538464 0.019230769230769232 0.038461538461538464
0 0.5372596153846154 0.3762019230769231 0.02403846153846154 0.036057692307692304
0 0.5240384615384616 0.4254807692307692 0.038461538461538464 0.052884615384615384
0 0.5408653846153846 0.484375 0.03365384615384615 0.057692307692307696
0 0.6141826923076923 0.49278846153846156 0.036057692307692304 0.0625
0 0.6862980769230769 0.49038461538461536 0.03365384615384615 0.057692307692307696
0 0.7644230769230769 0.484375 0.03365384615384615 0.057692307692307696
0 0.7836538461538461 0.4206730769230769 0.03365384615384615 0.052884615384615384
0 0.8449519230769231 0.47716346153846156 0.03125 0.052884615384615384
0 0.8533653846153846 0.43509615384615385 0.03365384615384615 0.052884615384615384
0 0.9230769230769231 0.4963942307692308 0.03365384615384615 0.057692307692307696
0 0.9122596153846154 0.4411057692307692 0.03125 0.04326923076923077
0 0.9158653846153846 0.4026442307692308 0.02403846153846154 0.040865384615384616
0 0.9723557692307693 0.42427884615384615 0.03365384615384615 0.0625
0 0.9795673076923077 0.35096153846153844 0.03125 0.057692307692307696
0 0.9495192307692307 0.3317307692307692 0.03365384615384615 0.057692307692307696
0 0.875 0.39302884615384615 0.019230769230769232 0.036057692307692304
0 0.8509615384615384 0.38100961538461536 0.028846153846153848 0.05048076923076923
0 0.8930288461538461 0.3581730769230769 0.028846153846153848 0.038461538461538464
0 0.8822115384615384 0.3389423076923077 0.02403846153846154 0.038461538461538464
0 0.8185096153846154 0.3786057692307692 0.028846153846153848 0.04567307692307692
0 0.8233173076923077 0.33413461538461536 0.026442307692307692 0.03365384615384615
0 0.796875 0.3557692307692308 0.021634615384615384 0.03365384615384615
0 0.7800480769230769 0.3389423076923077 0.026442307692307692 0.038461538461538464
0 0.7596153846153846 0.3762019230769231 0.02403846153846154 0.040865384615384616
0 0.7463942307692307 0.35216346153846156 0.02403846153846154 0.036057692307692304
0 0.7247596153846154 0.31971153846153844 0.028846153846153848 0.038461538461538464
0 0.7115384615384616 0.34375 0.028846153846153848 0.04326923076923077
0 0.7067307692307693 0.421875 0.03365384615384615 0.052884615384615384
0 0.6923076923076923 0.390625 0.019230769230769232 0.03125
0 0.6694711538461539 0.3557692307692308 0.028846153846153848 0.038461538461538464
0 0.6598557692307693 0.33533653846153844 0.021634615384615384 0.021634615384615384
0 0.6442307692307693 0.4362980769230769 0.02403846153846154 0.04326923076923077
0 0.6394230769230769 0.3954326923076923 0.028846153846153848 0.036057692307692304
0 0.5961538461538461 0.42908653846153844 0.028846153846153848 0.04807692307692308
0 0.5865384615384616 0.3894230769230769 0.028846153846153848 0.03365384615384615
0 0.5805288461538461 0.35336538461538464 0.02403846153846154 0.038461538461538464
0 0.6057692307692307 0.33774038461538464 0.028846153846153848 0.040865384615384616
0 0.6298076923076923 0.3473557692307692 0.02403846153846154 0.04567307692307692
0 0.5504807692307693 0.328125 0.02403846153846154 0.036057692307692304