0 0.1346153846153846 0.2860576923076923 0.019230769230769232 0.038461538461538464
0 0.36899038461538464 0.22716346153846154 0.026442307692307692 0.06009615384615385
0 0.40865384615384615 0.19591346153846154 0.019230769230769232 0.040865384615384616
0 0.4326923076923077 0.2536057692307692 0.02403846153846154 0.05048076923076923
0 0.39903846153846156 0.33653846153846156 0.038461538461538464 0.057692307692307696
0 0.49158653846153844 0.28365384615384615 0.028846153846153848 0.057692307692307696
0 0.4543269230769231 0.22235576923076922 0.02403846153846154 0.04807692307692308
0 0.47836538461538464 0.18509615384615385 0.02403846153846154 0.038461538461538464
0 0.4891826923076923 0.1502403846153846 0.014423076923076924 0.036057692307692304
0 0.4987980769230769 0.18509615384615385 0.021634615384615384 0.04326923076923077
0 0.6286057692307693 0.24158653846153846 0.02403846153846154 0.052884615384615384
0 0.5709134615384616 0.13341346153846154 0.019230769230769232 0.03125
0 0.6935096153846154 0.18870192307692307 0.019230769230769232 0.05048076923076923