0 0.08173076923076923 0.5817307692307693 0.057692307692307696 0.08653846153846154
0 0.2860576923076923 0.234375 0.014423076923076924 0.026442307692307692
0 0.30288461538461536 0.24879807692307693 0.014423076923076924 0.02403846153846154
0 0.3161057692307692 0.24759615384615385 0.014423076923076924 0.03365384615384615
0 0.3449519230769231 0.265625 0.014423076923076924 0.026442307692307692
0 0.3641826923076923 0.2764423076923077 0.019230769230769232 0.03365384615384615
0 0.38822115384615385 0.28365384615384615 0.021634615384615384 0.038461538461538464
0 0.3701923076923077 0.24639423076923078 0.014423076923076924 0.028846153846153848
0 0.3557692307692308 0.22235576923076922 0.019230769230769232 0.03125
0 0.3329326923076923 0.2247596153846154 0.01201923076923077 0.021634615384615384
0 0.328125 0.2091346153846154 0.014423076923076924 0.02403846153846154
0 0.36899038461538464 0.19831730769230768 0.016826923076923076 0.026442307692307692
0 0.3870192307692308 0.18629807692307693 0.014423076923076924 0.026442307692307692
0 0.4014423076923077 0.21153846153846154 0.014423076923076924 0.028846153846153848
0 0.4026442307692308 0.18629807692307693 0.014423076923076924 0.026442307692307692
0 0.44350961538461536 0.18389423076923078 0.01201923076923077 0.021634615384615384
0 0.45552884615384615 0.21754807692307693 0.016826923076923076 0.03365384615384615
0 0.47836538461538464 0.22956730769230768 0.014423076923076924 0.04326923076923077
0 0.46274038461538464 0.15745192307692307 0.01201923076923077 0.02403846153846154
0 0.46153846153846156 0.13822115384615385 0.009615384615384616 0.016826923076923076
0 0.4879807692307692 0.1310096153846154 0.014423076923076924 0.016826923076923076
0 0.49399038461538464 0.19230769230769232 0.019230769230769232 0.038461538461538464
0 0.5264423076923077 0.19951923076923078 0.014423076923076924 0.03365384615384615
0 0.5084134615384616 0.16346153846153846 0.01201923076923077 0.028846153846153848
0 0.4831730769230769 0.15985576923076922 0.014423076923076924 0.019230769230769232
0 0.5348557692307693 0.1622596153846154 0.01201923076923077 0.026442307692307692
0 0.5697115384615384 0.16826923076923078 0.014423076923076924 0.028846153846153848
0 0.5516826923076923 0.1466346153846154 0.01201923076923077 0.02403846153846154
0 0.5637019230769231 0.12379807692307693 0.01201923076923077 0.026442307692307692
0 0.5805288461538461 0.14182692307692307 0.01201923076923077 0.028846153846153848
0 0.5925480769230769 0.12139423076923077 0.01201923076923077 0.026442307692307692
0 0.6201923076923077 0.1466346153846154 0.019230769230769232 0.03365384615384615
0 0.6201923076923077 0.11658653846153846 0.009615384615384616 0.021634615384615384
0 0.640625 0.12980769230769232 0.01201923076923077 0.028846153846153848
0 0.640625 0.11177884615384616 0.01201923076923077 0.021634615384615384
0 0.6826923076923077 0.11538461538461539 0.009615384615384616 0.028846153846153848
0 0.5108173076923077 0.2800480769230769 0.021634615384615384 0.04567307692307692
0 0.5685096153846154 0.2824519230769231 0.02403846153846154 0.052884615384615384
0 0.5564903846153846 0.23677884615384615 0.016826923076923076 0.03125
0 0.6117788461538461 0.25721153846153844 0.019230769230769232 0.03365384615384615
0 0.6382211538461539 0.29447115384615385 0.02403846153846154 0.052884615384615384
0 0.6274038461538461 0.21033653846153846 0.014423076923076924 0.036057692307692304
0 0.6622596153846154 0.19951923076923078 0.016826923076923076 0.03365384615384615
0 0.6742788461538461 0.24879807692307693 0.019230769230769232 0.04807692307692308
0 0.7115384615384616 0.2800480769230769 0.019230769230769232 0.052884615384615384
0 0.7704326923076923 0.28365384615384615 0.021634615384615384 0.04807692307692308
0 0.7740384615384616 0.22355769230769232 0.019230769230769232 0.04807692307692308
0 0.6983173076923077 0.21153846153846154 0.016826923076923076 0.038461538461538464
0 0.6899038461538461 0.1466346153846154 0.014423076923076924 0.02403846153846154
0 0.7103365384615384 0.17668269230769232 0.01201923076923077 0.028846153846153848
0 0.7259615384615384 0.1658653846153846 0.014423076923076924 0.028846153846153848
0 0.7223557692307693 0.1310096153846154 0.01201923076923077 0.03365384615384615
0 0.8425480769230769 0.30528846153846156 0.026442307692307692 0.052884615384615384
0 0.8665865384615384 0.23317307692307693 0.02403846153846154 0.04326923076923077
0 0.890625 0.20072115384615385 0.016826923076923076 0.036057692307692304
0 0.9122596153846154 0.23557692307692307 0.016826923076923076 0.04326923076923077
0 0.9278846153846154 0.2704326923076923 0.019230769230769232 0.04807692307692308
0 0.8293269230769231 0.21394230769230768 0.019230769230769232 0.038461538461538464
0 0.8473557692307693 0.203125 0.01201923076923077 0.03125
0 0.859375 0.14903846153846154 0.01201923076923077 0.028846153846153848
0 0.8942307692307693 0.16105769230769232 0.019230769230769232 0.03365384615384615
0 0.8052884615384616 0.17908653846153846 0.014423076923076924 0.03125
0 0.8341346153846154 0.15264423076923078 0.014423076923076924 0.021634615384615384
0 0.8137019230769231 0.12259615384615384 0.01201923076923077 0.02403846153846154
0 0.8016826923076923 0.140625 0.01201923076923077 0.026442307692307692
0 0.7752403846153846 0.15745192307692307 0.01201923076923077 0.021634615384615384
0 0.7740384615384616 0.18629807692307693 0.019230769230769232 0.021634615384615384
0 0.7391826923076923 0.1971153846153846 0.016826923076923076 0.028846153846153848
0 0.7596153846153846 0.13822115384615385 0.009615384615384616 0.021634615384615384
0 0.7752403846153846 0.12740384615384615 0.01201923076923077 0.02403846153846154
0 0.7463942307692307 0.1141826923076923 0.01201923076923077 0.026442307692307692