0 0.10096153846153846 0.22115384615384615 0.009615384615384616 0.028846153846153848
0 0.18509615384615385 0.35216346153846156 0.03365384615384615 0.08413461538461539
0 0.20793269230769232 0.32091346153846156 0.03365384615384615 0.07451923076923077
0 0.36538461538461536 0.19471153846153846 0.019230769230769232 0.028846153846153848
0 0.4098557692307692 0.10336538461538461 0.01201923076923077 0.028846153846153848
0 0.41586538461538464 0.09495192307692307 0.009615384615384616 0.019230769230769232
0 0.421875 0.0889423076923077 0.007211538461538462 0.014423076923076924
0 0.4050480769230769 0.20793269230769232 0.026442307692307692 0.052884615384615384
0 0.4483173076923077 0.17307692307692307 0.014423076923076924 0.028846153846153848
0 0.46634615384615385 0.1778846153846154 0.014423076923076924 0.03365384615384615
0 0.9387019230769231 0.18870192307692307 0.01201923076923077 0.021634615384615384
0 0.9338942307692307 0.16706730769230768 0.01201923076923077 0.028846153846153848
0 0.9471153846153846 0.17067307692307693 0.009615384615384616 0.02403846153846154
0 0.9110576923076923 0.18028846153846154 0.014423076923076924 0.028846153846153848
0 0.8713942307692307 0.1502403846153846 0.01201923076923077 0.040865384615384616
0 0.8485576923076923 0.1466346153846154 0.014423076923076924 0.03365384615384615
0 0.8798076923076923 0.15625 0.009615384615384616 0.02403846153846154
0 0.7740384615384616 0.12620192307692307 0.009615384615384616 0.026442307692307692
0 0.7884615384615384 0.3870192307692308 0.04326923076923077 0.10576923076923077
0 0.6033653846153846 0.11778846153846154 0.019230769230769232 0.038461538461538464
0 0.6850961538461539 0.06610576923076923 0.014423076923076924 0.021634615384615384
0 0.6526442307692307 0.07091346153846154 0.01201923076923077 0.021634615384615384
0 0.6358173076923077 0.06971153846153846 0.01201923076923077 0.02403846153846154
0 0.6117788461538461 0.07091346153846154 0.01201923076923077 0.021634615384615384
0 0.59375 0.05889423076923077 0.014423076923076924 0.021634615384615384
0 0.5588942307692307 0.0733173076923077 0.01201923076923077 0.016826923076923076
0 0.5456730769230769 0.0625 0.009615384615384616 0.014423076923076924
0 0.5300480769230769 0.06370192307692307 0.007211538461538462 0.016826923076923076
0 0.640625 0.2127403846153846 0.016826923076923076 0.028846153846153848