0 0.06610576923076923 0.39302884615384615 0.038461538461538464 0.07211538461538461
0 0.25600961538461536 0.27884615384615385 0.016826923076923076 0.038461538461538464
0 0.2824519230769231 0.265625 0.019230769230769232 0.026442307692307692
0 0.3004807692307692 0.2644230769230769 0.014423076923076924 0.04807692307692308
0 0.3076923076923077 0.234375 0.019230769230769232 0.03125
0 0.3233173076923077 0.24639423076923078 0.019230769230769232 0.03125
0 0.3401442307692308 0.27524038461538464 0.021634615384615384 0.04326923076923077
0 0.40024038461538464 0.28365384615384615 0.02403846153846154 0.04807692307692308
0 0.3701923076923077 0.2127403846153846 0.019230769230769232 0.03125
0 0.38100961538461536 0.21514423076923078 0.016826923076923076 0.038461538461538464
0 0.3858173076923077 0.19591346153846154 0.016826923076923076 0.03125
0 0.4074519230769231 0.17427884615384615 0.016826923076923076 0.03125
0 0.40625 0.2283653846153846 0.014423076923076924 0.03365384615384615
0 0.42788461538461536 0.18990384615384615 0.014423076923076924 0.03365384615384615
0 0.44350961538461536 0.19471153846153846 0.016826923076923076 0.03365384615384615
0 0.4411057692307692 0.22355769230769232 0.016826923076923076 0.038461538461538464
0 0.4639423076923077 0.23076923076923078 0.02403846153846154 0.038461538461538464
0 0.46274038461538464 0.19471153846153846 0.014423076923076924 0.03365384615384615
0 0.4831730769230769 0.19471153846153846 0.019230769230769232 0.03365384615384615
0 0.4567307692307692 0.16826923076923078 0.014423076923076924 0.028846153846153848
0 0.46274038461538464 0.15384615384615385 0.019230769230769232 0.028846153846153848
0 0.4831730769230769 0.1622596153846154 0.02403846153846154 0.03125
0 0.4855769230769231 0.12980769230769232 0.009615384615384616 0.019230769230769232
0 0.515625 0.16346153846153846 0.016826923076923076 0.028846153846153848
0 0.5168269230769231 0.13581730769230768 0.014423076923076924 0.026442307692307692
0 0.5264423076923077 0.13942307692307693 0.014423076923076924 0.028846153846153848
0 0.5384615384615384 0.15625 0.014423076923076924 0.03365384615384615
0 0.5324519230769231 0.20072115384615385 0.019230769230769232 0.038461538461538464
0 0.5516826923076923 0.13822115384615385 0.014423076923076924 0.03125
0 0.5600961538461539 0.11177884615384616 0.014423076923076924 0.026442307692307692
0 0.5721153846153846 0.16346153846153846 0.019230769230769232 0.04326923076923077
0 0.5805288461538461 0.13221153846153846 0.009615384615384616 0.02403846153846154
0 0.59375 0.1466346153846154 0.019230769230769232 0.03365384615384615
0 0.6057692307692307 0.12740384615384615 0.009615384615384616 0.028846153846153848
0 0.5961538461538461 0.09975961538461539 0.014423076923076924 0.028846153846153848
0 0.6213942307692307 0.09975961538461539 0.014423076923076924 0.02403846153846154
0 0.6334134615384616 0.12259615384615384 0.01201923076923077 0.019230769230769232
0 0.6466346153846154 0.0985576923076923 0.014423076923076924 0.02403846153846154
0 0.6670673076923077 0.12379807692307693 0.014423076923076924 0.028846153846153848
0 0.6814903846153846 0.10096153846153846 0.014423076923076924 0.028846153846153848
0 0.6850961538461539 0.14302884615384615 0.014423076923076924 0.03365384615384615
0 0.7091346153846154 0.14302884615384615 0.014423076923076924 0.036057692307692304
0 0.7043269230769231 0.18269230769230768 0.019230769230769232 0.038461538461538464
0 0.6430288461538461 0.18509615384615385 0.02403846153846154 0.03365384615384615
0 0.6394230769230769 0.23076923076923078 0.019230769230769232 0.04807692307692308
0 0.5997596153846154 0.20432692307692307 0.021634615384615384 0.03365384615384615
0 0.5709134615384616 0.24278846153846154 0.02403846153846154 0.04326923076923077
0 0.609375 0.2512019230769231 0.026442307692307692 0.04807692307692308
0 0.6586538461538461 0.25600961538461536 0.02403846153846154 0.04807692307692308
0 0.6911057692307693 0.22355769230769232 0.019230769230769232 0.04326923076923077
0 0.7175480769230769 0.2800480769230769 0.026442307692307692 0.052884615384615384
0 0.6670673076923077 0.35336538461538464 0.03125 0.0625
0 0.6069711538461539 0.328125 0.026442307692307692 0.06490384615384616
0 0.5540865384615384 0.28966346153846156 0.028846153846153848 0.052884615384615384
0 0.4831730769230769 0.30649038461538464 0.02403846153846154 0.04807692307692308
0 0.734375 0.12379807692307693 0.014423076923076924 0.03125
0 0.7475961538461539 0.10576923076923077 0.014423076923076924 0.028846153846153848
0 0.7415865384615384 0.1502403846153846 0.014423076923076924 0.026442307692307692
0 0.7367788461538461 0.17307692307692307 0.016826923076923076 0.03365384615384615
0 0.7307692307692307 0.19951923076923078 0.019230769230769232 0.04326923076923077
0 0.7439903846153846 0.25240384615384615 0.021634615384615384 0.052884615384615384
0 0.7824519230769231 0.2824519230769231 0.028846153846153848 0.057692307692307696
0 0.8149038461538461 0.2548076923076923 0.02403846153846154 0.04807692307692308
0 0.7560096153846154 0.171875 0.014423076923076924 0.036057692307692304
0 0.7980769230769231 0.1875 0.019230769230769232 0.038461538461538464
0 0.7644230769230769 0.13221153846153846 0.009615384615384616 0.02403846153846154
0 0.7728365384615384 0.12139423076923077 0.01201923076923077 0.026442307692307692
0 0.7860576923076923 0.13822115384615385 0.014423076923076924 0.03125
0 0.8004807692307693 0.13701923076923078 0.014423076923076924 0.02403846153846154
0 0.828125 0.14302884615384615 0.014423076923076924 0.03365384615384615
0 0.8473557692307693 0.14903846153846154 0.016826923076923076 0.038461538461538464
0 0.8629807692307693 0.12980769230769232 0.014423076923076924 0.028846153846153848
0 0.8653846153846154 0.15865384615384615 0.014423076923076924 0.038461538461538464
0 0.8918269230769231 0.12980769230769232 0.014423076923076924 0.028846153846153848
0 0.890625 0.1622596153846154 0.01201923076923077 0.026442307692307692
0 0.9206730769230769 0.15625 0.014423076923076924 0.02403846153846154
0 0.9182692307692307 0.17548076923076922 0.014423076923076924 0.028846153846153848
0 0.9206730769230769 0.20793269230769232 0.014423076923076924 0.038461538461538464
0 0.8798076923076923 0.19831730769230768 0.014423076923076924 0.038461538461538464
0 0.8401442307692307 0.18509615384615385 0.016826923076923076 0.04326923076923077
0 0.8353365384615384 0.17067307692307693 0.016826923076923076 0.03365384615384615
0 0.8617788461538461 0.22115384615384615 0.016826923076923076 0.04807692307692308
0 0.9146634615384616 0.28365384615384615 0.02403846153846154 0.052884615384615384