0 0.23076923076923078 0.4050480769230769 0.04807692307692308 0.10576923076923077
0 0.24519230769230768 0.17307692307692307 0.009615384615384616 0.028846153846153848
0 0.38100961538461536 0.46875 0.06009615384615385 0.1201923076923077
0 0.4423076923076923 0.25721153846153844 0.019230769230769232 0.04326923076923077
0 0.43149038461538464 0.2091346153846154 0.014423076923076924 0.03365384615384615
0 0.40384615384615385 0.20432692307692307 0.019230769230769232 0.03365384615384615
0 0.4831730769230769 0.23197115384615385 0.02403846153846154 0.036057692307692304
0 0.4651442307692308 0.22716346153846154 0.019230769230769232 0.03125
0 0.5709134615384616 0.20552884615384615 0.021634615384615384 0.040865384615384616
0 0.6081730769230769 0.27163461538461536 0.02403846153846154 0.052884615384615384
0 0.5913461538461539 0.10697115384615384 0.014423076923076924 0.026442307692307692
0 0.6105769230769231 0.09975961538461539 0.009615384615384616 0.02403846153846154
0 0.6358173076923077 0.12139423076923077 0.009615384615384616 0.021634615384615384
0 0.6622596153846154 0.11658653846153846 0.01201923076923077 0.026442307692307692