0 0.16947115384615385 0.4831730769230769 0.04807692307692308 0.07692307692307693
0 0.9050480769230769 0.13942307692307693 0.016826923076923076 0.03365384615384615
0 0.6490384615384616 0.09975961538461539 0.019230769230769232 0.028846153846153848
0 0.6646634615384616 0.10697115384615384 0.019230769230769232 0.03125
0 0.6947115384615384 0.109375 0.014423076923076924 0.028846153846153848
0 0.7475961538461539 0.11899038461538461 0.014423076923076924 0.03125
0 0.7944711538461539 0.11778846153846154 0.016826923076923076 0.03365384615384615
0 0.8088942307692307 0.125 0.01201923076923077 0.028846153846153848
0 0.8413461538461539 0.12740384615384615 0.019230769230769232 0.03365384615384615
0 0.8713942307692307 0.140625 0.01201923076923077 0.028846153846153848
0 0.8341346153846154 0.14182692307692307 0.019230769230769232 0.028846153846153848
0 0.5661057692307693 0.12259615384615384 0.016826923076923076 0.02403846153846154
0 0.5829326923076923 0.13341346153846154 0.021634615384615384 0.03125
0 0.7247596153846154 0.13581730769230768 0.019230769230769232 0.03125
0 0.6262019230769231 0.12139423076923077 0.014423076923076924 0.028846153846153848
0 0.6466346153846154 0.13822115384615385 0.014423076923076924 0.028846153846153848
0 0.7415865384615384 0.15144230769230768 0.019230769230769232 0.03365384615384615
0 0.765625 0.15144230769230768 0.016826923076923076 0.038461538461538464
0 0.7824519230769231 0.15264423076923078 0.016826923076923076 0.03365384615384615
0 0.8076923076923077 0.16826923076923078 0.019230769230769232 0.028846153846153848
0 0.8233173076923077 0.16826923076923078 0.016826923076923076 0.038461538461538464
0 0.8545673076923077 0.17067307692307693 0.026442307692307692 0.04326923076923077
0 0.8942307692307693 0.19230769230769232 0.019230769230769232 0.028846153846153848
0 0.9134615384615384 0.22115384615384615 0.019230769230769232 0.038461538461538464
0 0.8665865384615384 0.21754807692307693 0.019230769230769232 0.04326923076923077
0 0.8269230769230769 0.23076923076923078 0.019230769230769232 0.04326923076923077
0 0.7295673076923077 0.1875 0.02403846153846154 0.038461538461538464
0 0.7680288461538461 0.2247596153846154 0.02403846153846154 0.04567307692307692
0 0.6875 0.18629807692307693 0.019230769230769232 0.03125
0 0.49278846153846156 0.13341346153846154 0.014423076923076924 0.026442307692307692
0 0.5084134615384616 0.13581730769230768 0.016826923076923076 0.026442307692307692
0 0.5336538461538461 0.13942307692307693 0.019230769230769232 0.028846153846153848
0 0.6069711538461539 0.1466346153846154 0.019230769230769232 0.03365384615384615
0 0.5600961538461539 0.15144230769230768 0.019230769230769232 0.03365384615384615
0 0.5829326923076923 0.16706730769230768 0.016826923076923076 0.026442307692307692
0 0.44711538461538464 0.15504807692307693 0.014423076923076924 0.028846153846153848
0 0.46875 0.15384615384615385 0.014423076923076924 0.028846153846153848
0 0.5036057692307693 0.18990384615384615 0.019230769230769232 0.038461538461538464
0 0.5396634615384616 0.1875 0.02403846153846154 0.04326923076923077
0 0.6153846153846154 0.22596153846153846 0.02403846153846154 0.04807692307692308
0 0.4110576923076923 0.1971153846153846 0.014423076923076924 0.03365384615384615
0 0.4495192307692308 0.19230769230769232 0.014423076923076924 0.03365384615384615
0 0.4987980769230769 0.22596153846153846 0.02403846153846154 0.04326923076923077
0 0.5564903846153846 0.24278846153846154 0.026442307692307692 0.04807692307692308
0 0.6153846153846154 0.2668269230769231 0.019230769230769232 0.04326923076923077
0 0.6658653846153846 0.2608173076923077 0.02403846153846154 0.05048076923076923
0 0.7536057692307693 0.2439903846153846 0.02403846153846154 0.04567307692307692
0 0.6959134615384616 0.23197115384615385 0.02403846153846154 0.04567307692307692
0 0.7752403846153846 0.3016826923076923 0.026442307692307692 0.04807692307692308
0 0.8161057692307693 0.25961538461538464 0.02403846153846154 0.038461538461538464
0 0.8413461538461539 0.30288461538461536 0.03365384615384615 0.057692307692307696
0 0.9050480769230769 0.34975961538461536 0.019230769230769232 0.052884615384615384
0 0.8653846153846154 0.25721153846153844 0.02403846153846154 0.052884615384615384
0 0.9194711538461539 0.2932692307692308 0.02403846153846154 0.04326923076923077
0 0.8377403846153846 0.34975961538461536 0.028846153846153848 0.0625
0 0.8774038461538461 0.4338942307692308 0.04326923076923077 0.0889423076923077
0 0.6117788461538461 0.328125 0.036057692307692304 0.057692307692307696
0 0.5372596153846154 0.28365384615384615 0.02403846153846154 0.052884615384615384
0 0.44471153846153844 0.2247596153846154 0.019230769230769232 0.028846153846153848
0 0.34134615384615385 0.22115384615384615 0.019230769230769232 0.038461538461538464
0 0.3557692307692308 0.21995192307692307 0.019230769230769232 0.038461538461538464
0 0.3112980769230769 0.23557692307692307 0.019230769230769232 0.038461538461538464
0 0.28966346153846156 0.2692307692307692 0.019230769230769232 0.038461538461538464
0 0.3293269230769231 0.29086538461538464 0.02403846153846154 0.038461538461538464
0 0.3581730769230769 0.2956730769230769 0.02403846153846154 0.03365384615384615
0 0.421875 0.25721153846153844 0.02403846153846154 0.03365384615384615
0 0.9423076923076923 0.17307692307692307 0.014423076923076924 0.03365384615384615
0 0.9254807692307693 0.2127403846153846 0.014423076923076924 0.028846153846153848
0 0.6670673076923077 0.1346153846153846 0.021634615384615384 0.028846153846153848
0 0.40024038461538464 0.23677884615384615 0.019230769230769232 0.03365384615384615
0 0.375 0.234375 0.019230769230769232 0.040865384615384616
0 0.4519230769230769 0.171875 0.009615384615384616 0.03125
0 0.6634615384615384 0.21514423076923078 0.019230769230769232 0.040865384615384616
0 0.5865384615384616 0.11538461538461539 0.009615384615384616 0.028846153846153848