0 0.07692307692307693 0.2764423076923077 0.10576923076923077 0.16826923076923078
0 0.16706730769230768 0.24639423076923078 0.10817307692307693 0.17548076923076922
0 0.47596153846153844 0.33052884615384615 0.1875 0.3317307692307692
0 0.14182692307692307 0.7283653846153846 0.16826923076923078 0.2644230769230769
0 0.21514423076923078 0.8689903846153846 0.19230769230769232 0.25240384615384615
0 0.6237980769230769 0.6959134615384616 0.17307692307692307 0.2956730769230769
0 0.6057692307692307 0.3004807692307692 0.11057692307692307 0.20192307692307693
0 0.8125 0.4807692307692308 0.1346153846153846 0.22115384615384615
0 0.8377403846153846 0.7752403846153846 0.18509615384615385 0.3125
0 0.9254807692307693 0.7896634615384616 0.13942307692307693 0.23317307692307693
0 0.7944711538461539 0.42788461538461536 0.12980769230769232 0.22596153846153846