0 0.21634615384615385 0.3557692307692308 0.04807692307692308 0.09615384615384616
0 0.2920673076923077 0.25240384615384615 0.016826923076923076 0.03365384615384615
0 0.35216346153846156 0.22235576923076922 0.016826923076923076 0.03125
0 0.43509615384615385 0.2776442307692308 0.02403846153846154 0.040865384615384616
0 0.35096153846153844 0.2692307692307692 0.02403846153846154 0.04326923076923077
0 0.390625 0.21875 0.016826923076923076 0.028846153846153848
0 0.3918269230769231 0.19471153846153846 0.019230769230769232 0.028846153846153848
0 0.42788461538461536 0.21875 0.019230769230769232 0.03365384615384615
0 0.4483173076923077 0.2283653846153846 0.016826923076923076 0.03365384615384615
0 0.43028846153846156 0.171875 0.014423076923076924 0.036057692307692304
0 0.45552884615384615 0.1502403846153846 0.014423076923076924 0.028846153846153848
0 0.4723557692307692 0.19831730769230768 0.016826923076923076 0.03125
0 0.4495192307692308 0.19471153846153846 0.014423076923076924 0.028846153846153848
0 0.4879807692307692 0.16466346153846154 0.014423076923076924 0.021634615384615384
0 0.5072115384615384 0.16947115384615385 0.014423076923076924 0.026442307692307692
0 0.5216346153846154 0.14543269230769232 0.014423076923076924 0.028846153846153848
0 0.49158653846153844 0.1346153846153846 0.009615384615384616 0.019230769230769232
0 0.5036057692307693 0.203125 0.014423076923076924 0.028846153846153848
0 0.5384615384615384 0.203125 0.019230769230769232 0.028846153846153848
0 0.5540865384615384 0.1658653846153846 0.014423076923076924 0.03365384615384615
0 0.5721153846153846 0.16346153846153846 0.009615384615384616 0.028846153846153848
0 0.5432692307692307 0.1310096153846154 0.009615384615384616 0.021634615384615384
0 0.5637019230769231 0.12259615384615384 0.01201923076923077 0.02403846153846154
0 0.5841346153846154 0.15384615384615385 0.019230769230769232 0.038461538461538464
0 0.5925480769230769 0.06009615384615385 0.01201923076923077 0.02403846153846154
0 0.6430288461538461 0.05889423076923077 0.009615384615384616 0.019230769230769232
0 0.6911057692307693 0.056490384615384616 0.01201923076923077 0.028846153846153848
0 0.6213942307692307 0.11778846153846154 0.01201923076923077 0.02403846153846154
0 0.6141826923076923 0.1346153846153846 0.01201923076923077 0.019230769230769232
0 0.48677884615384615 0.32211538461538464 0.02403846153846154 0.038461538461538464
0 0.5588942307692307 0.29086538461538464 0.021634615384615384 0.052884615384615384
0 0.5733173076923077 0.25841346153846156 0.016826923076923076 0.036057692307692304
0 0.6153846153846154 0.2548076923076923 0.019230769230769232 0.04807692307692308
0 0.6213942307692307 0.21153846153846154 0.019230769230769232 0.038461538461538464
0 0.6201923076923077 0.32211538461538464 0.028846153846153848 0.057692307692307696
0 0.6838942307692307 0.32572115384615385 0.02403846153846154 0.052884615384615384
0 0.6706730769230769 0.265625 0.02403846153846154 0.05048076923076923
0 0.7199519230769231 0.2860576923076923 0.02403846153846154 0.04807692307692308
0 0.7836538461538461 0.31490384615384615 0.028846153846153848 0.04807692307692308
0 0.6790865384615384 0.21514423076923078 0.021634615384615384 0.03365384615384615
0 0.7211538461538461 0.21634615384615385 0.019230769230769232 0.038461538461538464
0 0.7055288461538461 0.18629807692307693 0.014423076923076924 0.03125
0 0.6887019230769231 0.1622596153846154 0.014423076923076924 0.03365384615384615
0 0.6971153846153846 0.11057692307692307 0.009615384615384616 0.028846153846153848
0 0.7151442307692307 0.14423076923076922 0.016826923076923076 0.03365384615384615
0 0.7403846153846154 0.16947115384615385 0.019230769230769232 0.03125
0 0.7427884615384616 0.1310096153846154 0.014423076923076924 0.028846153846153848
0 0.7620192307692307 0.1502403846153846 0.014423076923076924 0.03125
0 0.7632211538461539 0.11658653846153846 0.01201923076923077 0.021634615384615384
0 0.7704326923076923 0.06610576923076923 0.01201923076923077 0.026442307692307692
0 0.8389423076923077 0.07091346153846154 0.014423076923076924 0.03125
0 0.8076923076923077 0.13221153846153846 0.009615384615384616 0.03365384615384615
0 0.7836538461538461 0.12620192307692307 0.009615384615384616 0.02403846153846154
0 0.7560096153846154 0.1875 0.02403846153846154 0.038461538461538464
0 0.8088942307692307 0.18629807692307693 0.016826923076923076 0.038461538461538464
0 0.8269230769230769 0.16947115384615385 0.009615384615384616 0.03365384615384615
0 0.8569711538461539 0.18990384615384615 0.016826923076923076 0.04326923076923077
0 0.8822115384615384 0.2247596153846154 0.02403846153846154 0.05048076923076923
0 0.8930288461538461 0.1971153846153846 0.014423076923076924 0.038461538461538464
0 0.9290865384615384 0.18509615384615385 0.016826923076923076 0.03365384615384615
0 0.9170673076923077 0.13341346153846154 0.01201923076923077 0.03365384615384615
0 0.8786057692307693 0.12740384615384615 0.014423076923076924 0.028846153846153848
0 0.4651442307692308 0.1622596153846154 0.016826923076923076 0.03365384615384615