0 0.1935096153846154 0.7848557692307693 0.22115384615384615 0.30288461538461536
0 0.24519230769230768 0.4519230769230769 0.1346153846153846 0.18269230769230768
0 0.21634615384615385 0.38341346153846156 0.09615384615384616 0.1466346153846154
0 0.19591346153846154 0.31971153846153844 0.07692307692307693 0.11057692307692307
0 0.1466346153846154 0.26322115384615385 0.04326923076923077 0.07451923076923077
0 0.34375 0.25 0.03365384615384615 0.057692307692307696
0 0.36778846153846156 0.24879807692307693 0.038461538461538464 0.06971153846153846
0 0.3894230769230769 0.2800480769230769 0.04326923076923077 0.08653846153846154
0 0.5084134615384616 0.30649038461538464 0.05048076923076923 0.07451923076923077
0 0.5612980769230769 0.3088942307692308 0.055288461538461536 0.0889423076923077
0 0.6286057692307693 0.3545673076923077 0.07451923076923077 0.12259615384615384
0 0.7403846153846154 0.43509615384615385 0.08653846153846154 0.15865384615384615
0 0.9519230769230769 0.5817307692307693 0.09134615384615384 0.22115384615384615
0 0.7824519230769231 0.32211538461538464 0.04807692307692308 0.08653846153846154
0 0.8834134615384616 0.2980769230769231 0.04326923076923077 0.0673076923076923