0 0.10817307692307693 0.4266826923076923 0.07692307692307693 0.11778846153846154
0 0.1622596153846154 0.3641826923076923 0.04807692307692308 0.057692307692307696
0 0.1502403846153846 0.33052884615384615 0.038461538461538464 0.05048076923076923
0 0.23918269230769232 0.40625 0.07211538461538461 0.08653846153846154
0 0.3137019230769231 0.4423076923076923 0.0673076923076923 0.10576923076923077
0 0.3125 0.34134615384615385 0.04326923076923077 0.0673076923076923
0 0.28966346153846156 0.32572115384615385 0.036057692307692304 0.055288461538461536
0 0.4423076923076923 0.38341346153846156 0.057692307692307696 0.08653846153846154
0 0.515625 0.3870192307692308 0.06009615384615385 0.08653846153846154
0 0.5348557692307693 0.20673076923076922 0.03365384615384615 0.07692307692307693
0 0.4495192307692308 0.5540865384615384 0.10096153846153846 0.16826923076923078
0 0.6201923076923077 0.765625 0.14423076923076922 0.23317307692307693
0 0.7055288461538461 0.47475961538461536 0.0889423076923077 0.1346153846153846
0 0.8088942307692307 0.4579326923076923 0.057692307692307696 0.0985576923076923
0 0.8377403846153846 0.20432692307692307 0.057692307692307696 0.09134615384615384
0 0.9603365384615384 0.48677884615384615 0.07451923076923077 0.13701923076923078