0 0.9050480769230769 0.8533653846153846 0.17548076923076922 0.28365384615384615
0 0.7175480769230769 0.37259615384615385 0.1346153846153846 0.22596153846153846
0 0.5733173076923077 0.5637019230769231 0.07211538461538461 0.1346153846153846
0 0.6382211538461539 0.49759615384615385 0.0625 0.1201923076923077
0 0.35336538461538464 0.2956730769230769 0.11057692307692307 0.21634615384615385
0 0.44350961538461536 0.4423076923076923 0.052884615384615384 0.10096153846153846
0 0.5048076923076923 0.38341346153846156 0.038461538461538464 0.0673076923076923
0 0.5576923076923077 0.38341346153846156 0.028846153846153848 0.052884615384615384
0 0.5709134615384616 0.3473557692307692 0.028846153846153848 0.05048076923076923
0 0.5072115384615384 0.3269230769230769 0.028846153846153848 0.057692307692307696
0 0.8665865384615384 0.41947115384615385 0.038461538461538464 0.06490384615384616
0 0.9038461538461539 0.35336538461538464 0.02403846153846154 0.04326923076923077
0 0.9411057692307693 0.35096153846153844 0.03365384615384615 0.057692307692307696
0 0.9723557692307693 0.3762019230769231 0.03125 0.06009615384615385
0 0.9555288461538461 0.546875 0.08653846153846154 0.20673076923076922
0 0.25961538461538464 0.41947115384615385 0.04807692307692308 0.07211538461538461
0 0.2127403846153846 0.41947115384615385 0.038461538461538464 0.07211538461538461
0 0.1814903846153846 0.44350961538461536 0.04326923076923077 0.0673076923076923
0 0.18028846153846154 0.5492788461538461 0.09615384615384616 0.15144230769230768
0 0.06129807692307692 0.734375 0.12259615384615384 0.25240384615384615
0 0.019230769230769232 0.43028846153846156 0.038461538461538464 0.08653846153846154
0 0.040865384615384616 0.39663461538461536 0.038461538461538464 0.052884615384615384
0 0.06850961538461539 0.37740384615384615 0.03125 0.057692307692307696
0 0.09495192307692307 0.4098557692307692 0.04567307692307692 0.0673076923076923
0 0.14543269230769232 0.37259615384615385 0.04567307692307692 0.0673076923076923