0 0.28125 0.6189903846153846 0.02403846153846154 0.036057692307692304
0 0.2668269230769231 0.8365384615384616 0.052884615384615384 0.07692307692307693
0 0.31490384615384615 0.7836538461538461 0.038461538461538464 0.052884615384615384
0 0.2536057692307692 0.7752403846153846 0.028846153846153848 0.038461538461538464
0 0.21634615384615385 0.7956730769230769 0.038461538461538464 0.04326923076923077
0 0.17067307692307693 0.78125 0.02403846153846154 0.04326923076923077
0 0.2091346153846154 0.9098557692307693 0.052884615384615384 0.09134615384615384
0 0.12740384615384615 0.9471153846153846 0.07211538461538461 0.09615384615384616
0 0.1466346153846154 0.8533653846153846 0.04326923076923077 0.0625
0 0.1141826923076923 0.7932692307692307 0.03365384615384615 0.038461538461538464
0 0.10096153846153846 0.7824519230769231 0.028846153846153848 0.04326923076923077
0 0.03125 0.8137019230769231 0.03365384615384615 0.04567307692307692
0 0.037259615384615384 0.8954326923076923 0.0625 0.08173076923076923
0 0.640625 0.7764423076923077 0.03125 0.052884615384615384
0 0.6658653846153846 0.8197115384615384 0.03365384615384615 0.052884615384615384
0 0.6983173076923077 0.8413461538461539 0.057692307692307696 0.0673076923076923
0 0.7283653846153846 0.7752403846153846 0.028846153846153848 0.04567307692307692
0 0.7668269230769231 0.7716346153846154 0.03365384615384615 0.057692307692307696
0 0.7788461538461539 0.8846153846153846 0.057692307692307696 0.09134615384615384
0 0.828125 0.7776442307692307 0.036057692307692304 0.057692307692307696
0 0.8497596153846154 0.7668269230769231 0.03365384615384615 0.052884615384615384
0 0.9194711538461539 0.7524038461538461 0.03125 0.04326923076923077
0 0.921875 0.8894230769230769 0.052884615384615384 0.07692307692307693
0 0.9615384615384616 0.8353365384615384 0.04326923076923077 0.06490384615384616
0 0.9855769230769231 0.7884615384615384 0.02403846153846154 0.04807692307692308
0 0.9855769230769231 0.7548076923076923 0.02403846153846154 0.038461538461538464