0 0.16826923076923078 0.46274038461538464 0.125 0.2403846153846154
0 0.23197115384615385 0.45072115384615385 0.07692307692307693 0.2283653846153846
0 0.11057692307692307 0.31490384615384615 0.10576923076923077 0.1875
0 0.040865384615384616 0.1622596153846154 0.08173076923076923 0.17548076923076922
0 0.14423076923076922 0.1971153846153846 0.08653846153846154 0.15384615384615385
0 0.12980769230769232 0.08533653846153846 0.08653846153846154 0.11778846153846154
0 0.038461538461538464 0.025240384615384616 0.057692307692307696 0.05048076923076923
0 0.18269230769230768 0.046875 0.0673076923076923 0.08653846153846154
0 0.25961538461538464 0.0673076923076923 0.07692307692307693 0.125
0 0.24639423076923078 0.17067307692307693 0.08413461538461539 0.14423076923076922
0 0.21875 0.33052884615384615 0.09134615384615384 0.13221153846153846
0 0.33533653846153844 0.30649038461538464 0.08173076923076923 0.16826923076923078
0 0.3269230769230769 0.17307692307692307 0.07692307692307693 0.1346153846153846
0 0.46634615384615385 0.16826923076923078 0.08173076923076923 0.14903846153846154
0 0.4026442307692308 0.44711538461538464 0.11538461538461539 0.22115384615384615
0 0.49278846153846156 0.47596153846153844 0.09134615384615384 0.19230769230769232
0 0.6394230769230769 0.4855769230769231 0.10096153846153846 0.1778846153846154
0 0.7091346153846154 0.41346153846153844 0.09134615384615384 0.20192307692307693
0 0.6237980769230769 0.31971153846153844 0.08413461538461539 0.16826923076923078
0 0.5865384615384616 0.18509615384615385 0.0673076923076923 0.12980769230769232
0 0.5252403846153846 0.0733173076923077 0.057692307692307696 0.11057692307692307
0 0.7247596153846154 0.14903846153846154 0.06971153846153846 0.125
0 0.7019230769230769 0.2668269230769231 0.0673076923076923 0.1201923076923077
0 0.8617788461538461 0.3918269230769231 0.09615384615384616 0.1971153846153846
0 0.9387019230769231 0.4074519230769231 0.08653846153846154 0.18990384615384615
0 0.8894230769230769 0.29447115384615385 0.08173076923076923 0.12740384615384615
0 0.8257211538461539 0.0889423076923077 0.06009615384615385 0.1201923076923077
0 0.9675480769230769 0.203125 0.06009615384615385 0.11538461538461539
0 0.9663461538461539 0.10096153846153846 0.057692307692307696 0.11538461538461539
0 0.9555288461538461 0.03485576923076923 0.04567307692307692 0.0625
0 0.8762019230769231 0.03365384615384615 0.05048076923076923 0.0673076923076923
0 0.7800480769230769 0.028846153846153848 0.038461538461538464 0.057692307692307696
0 0.7295673076923077 0.054086538461538464 0.0673076923076923 0.10336538461538461