0 0.06971153846153846 0.3473557692307692 0.02403846153846154 0.05048076923076923
0 0.2668269230769231 0.24759615384615385 0.014423076923076924 0.038461538461538464
0 0.2764423076923077 0.265625 0.02403846153846154 0.03365384615384615
0 0.328125 0.21033653846153846 0.014423076923076924 0.036057692307692304
0 0.3473557692307692 0.20432692307692307 0.016826923076923076 0.03365384615384615
0 0.36658653846153844 0.19110576923076922 0.014423076923076924 0.036057692307692304
0 0.3870192307692308 0.1875 0.014423076923076924 0.03365384615384615
0 0.3581730769230769 0.22596153846153846 0.014423076923076924 0.03365384615384615
0 0.35216346153846156 0.2644230769230769 0.021634615384615384 0.04807692307692308
0 0.3954326923076923 0.25240384615384615 0.016826923076923076 0.03365384615384615
0 0.4098557692307692 0.2668269230769231 0.02403846153846154 0.04326923076923077
0 0.4026442307692308 0.21033653846153846 0.016826923076923076 0.03365384615384615
0 0.421875 0.18389423076923078 0.016826923076923076 0.036057692307692304
0 0.4519230769230769 0.18389423076923078 0.019230769230769232 0.03365384615384615
0 0.46274038461538464 0.14903846153846154 0.014423076923076924 0.028846153846153848
0 0.48197115384615385 0.15264423076923078 0.01201923076923077 0.028846153846153848
0 0.4891826923076923 0.12980769230769232 0.014423076923076924 0.028846153846153848
0 0.4951923076923077 0.14543269230769232 0.009615384615384616 0.028846153846153848
0 0.47596153846153844 0.18990384615384615 0.014423076923076924 0.03365384615384615
0 0.4723557692307692 0.22716346153846154 0.02403846153846154 0.038461538461538464
0 0.4579326923076923 0.22716346153846154 0.016826923076923076 0.03365384615384615
0 0.5108173076923077 0.18028846153846154 0.019230769230769232 0.03365384615384615
0 0.5144230769230769 0.16466346153846154 0.019230769230769232 0.03365384615384615
0 0.5444711538461539 0.18509615384615385 0.019230769230769232 0.04326923076923077
0 0.5540865384615384 0.15625 0.016826923076923076 0.03365384615384615
0 0.5733173076923077 0.1141826923076923 0.01201923076923077 0.028846153846153848
0 0.5697115384615384 0.14182692307692307 0.014423076923076924 0.03365384615384615
0 0.5829326923076923 0.16466346153846154 0.016826923076923076 0.03125
0 0.59375 0.140625 0.014423076923076924 0.03125
0 0.6009615384615384 0.11538461538461539 0.009615384615384616 0.028846153846153848
0 0.6141826923076923 0.11778846153846154 0.014423076923076924 0.038461538461538464
0 0.6262019230769231 0.13581730769230768 0.016826923076923076 0.03125
0 0.6478365384615384 0.11057692307692307 0.016826923076923076 0.028846153846153848
0 0.6442307692307693 0.13341346153846154 0.019230769230769232 0.036057692307692304
0 0.6802884615384616 0.10576923076923077 0.014423076923076924 0.03365384615384615
0 0.7391826923076923 0.11177884615384616 0.014423076923076924 0.026442307692307692
0 0.7668269230769231 0.1201923076923077 0.014423076923076924 0.028846153846153848
0 0.7836538461538461 0.13341346153846154 0.014423076923076924 0.038461538461538464
0 0.8413461538461539 0.1466346153846154 0.019230769230769232 0.03365384615384615
0 0.8545673076923077 0.14783653846153846 0.019230769230769232 0.038461538461538464
0 0.8990384615384616 0.14903846153846154 0.009615384615384616 0.028846153846153848
0 0.8930288461538461 0.16947115384615385 0.016826923076923076 0.036057692307692304
0 0.8040865384615384 0.15865384615384615 0.014423076923076924 0.03365384615384615
0 0.7692307692307693 0.15504807692307693 0.014423076923076924 0.03365384615384615
0 0.7127403846153846 0.140625 0.014423076923076924 0.03125
0 0.6887019230769231 0.14423076923076922 0.014423076923076924 0.03365384615384615
0 0.7019230769230769 0.17548076923076922 0.019230769230769232 0.04326923076923077
0 0.7247596153846154 0.16706730769230768 0.019230769230769232 0.03365384615384615
0 0.7403846153846154 0.18870192307692307 0.019230769230769232 0.04326923076923077
0 0.7728365384615384 0.20072115384615385 0.021634615384615384 0.052884615384615384
0 0.8413461538461539 0.20432692307692307 0.019230769230769232 0.04807692307692308
0 0.9002403846153846 0.19951923076923078 0.01201923076923077 0.03365384615384615
0 0.9170673076923077 0.21875 0.019230769230769232 0.03365384615384615
0 0.9230769230769231 0.24879807692307693 0.019230769230769232 0.04567307692307692
0 0.8557692307692307 0.30528846153846156 0.028846153846153848 0.052884615384615384
0 0.8509615384615384 0.27163461538461536 0.02403846153846154 0.052884615384615384
0 0.7764423076923077 0.25721153846153844 0.02403846153846154 0.052884615384615384
0 0.7271634615384616 0.2608173076923077 0.02403846153846154 0.05048076923076923
0 0.7091346153846154 0.2091346153846154 0.014423076923076924 0.038461538461538464
0 0.6838942307692307 0.24879807692307693 0.019230769230769232 0.04567307692307692
0 0.65625 0.1935096153846154 0.014423076923076924 0.03365384615384615
0 0.6538461538461539 0.17307692307692307 0.019230769230769232 0.03365384615384615
0 0.6225961538461539 0.203125 0.014423076923076924 0.038461538461538464
0 0.5600961538461539 0.23798076923076922 0.02403846153846154 0.038461538461538464
0 0.6129807692307693 0.25600961538461536 0.014423076923076924 0.03125
0 0.5877403846153846 0.2848557692307692 0.021634615384615384 0.04326923076923077
0 0.6346153846153846 0.3016826923076923 0.028846153846153848 0.052884615384615384
0 0.5024038461538461 0.2860576923076923 0.02403846153846154 0.052884615384615384