0 0.8713942307692307 0.7536057692307693 0.04326923076923077 0.06971153846153846
0 0.8689903846153846 0.7007211538461539 0.036057692307692304 0.05048076923076923
0 0.7692307692307693 0.6862980769230769 0.038461538461538464 0.06009615384615385
0 0.7079326923076923 0.6850961538461539 0.03365384615384615 0.052884615384615384
0 0.6262019230769231 0.7223557692307693 0.028846153846153848 0.06009615384615385
0 0.5913461538461539 0.7151442307692307 0.04326923076923077 0.07451923076923077
0 0.546875 0.7355769230769231 0.03125 0.052884615384615384
0 0.5276442307692307 0.7403846153846154 0.03365384615384615 0.0673076923076923
0 0.47596153846153844 0.7439903846153846 0.03365384615384615 0.0673076923076923
0 0.49038461538461536 0.7403846153846154 0.028846153846153848 0.057692307692307696
0 0.4182692307692308 0.7524038461538461 0.038461538461538464 0.057692307692307696
0 0.43509615384615385 0.7439903846153846 0.02403846153846154 0.06490384615384616
0 0.36778846153846156 0.7608173076923077 0.03365384615384615 0.06009615384615385
0 0.36778846153846156 0.7259615384615384 0.03365384615384615 0.0625
0 0.33052884615384615 0.7860576923076923 0.02403846153846154 0.052884615384615384
0 0.28365384615384615 0.7475961538461539 0.038461538461538464 0.0625
0 0.3004807692307692 0.7572115384615384 0.028846153846153848 0.052884615384615384
0 0.23918269230769232 0.7584134615384616 0.036057692307692304 0.0625
0 0.203125 0.7944711538461539 0.04326923076923077 0.07211538461538461
0 0.15504807692307693 0.8064903846153846 0.03125 0.06009615384615385
0 0.09615384615384616 0.7836538461538461 0.038461538461538464 0.057692307692307696
0 0.1201923076923077 0.7788461538461539 0.028846153846153848 0.0625
0 0.07572115384615384 0.7980769230769231 0.03125 0.0625
0 0.03365384615384615 0.7932692307692307 0.038461538461538464 0.0625