0 0.1778846153846154 0.41466346153846156 0.07692307692307693 0.0985576923076923
0 0.23076923076923078 0.5168269230769231 0.11538461538461539 0.1778846153846154
0 0.3245192307692308 0.4110576923076923 0.0625 0.08173076923076923
0 0.41346153846153844 0.38221153846153844 0.038461538461538464 0.07211538461538461
0 0.5072115384615384 0.5456730769230769 0.09134615384615384 0.15865384615384615
0 0.5733173076923077 0.43990384615384615 0.08173076923076923 0.13942307692307693
0 0.5192307692307693 0.3858173076923077 0.04807692307692308 0.08653846153846154
0 0.5697115384615384 0.34975961538461536 0.038461538461538464 0.055288461538461536
0 0.7175480769230769 0.33413461538461536 0.03365384615384615 0.0625
0 0.7379807692307693 0.41586538461538464 0.0673076923076923 0.1201923076923077
0 0.8257211538461539 0.4170673076923077 0.0625 0.10336538461538461
0 0.8149038461538461 0.375 0.052884615384615384 0.08653846153846154
0 0.9206730769230769 0.38100961538461536 0.052884615384615384 0.09375