0 0.0733173076923077 0.44591346153846156 0.04807692307692308 0.07692307692307693
0 0.0829326923076923 0.4206730769230769 0.04326923076923077 0.07211538461538461
0 0.15985576923076922 0.43990384615384615 0.040865384615384616 0.0625
0 0.12139423076923077 0.5024038461538461 0.05048076923076923 0.09134615384615384
0 0.1622596153846154 0.3870192307692308 0.038461538461538464 0.052884615384615384
0 0.2536057692307692 0.41466346153846156 0.03125 0.052884615384615384
0 0.3545673076923077 0.41947115384615385 0.03365384615384615 0.052884615384615384
0 0.47716346153846156 0.4326923076923077 0.03125 0.04807692307692308
0 0.5096153846153846 0.4074519230769231 0.028846153846153848 0.04807692307692308
0 0.47836538461538464 0.36658653846153844 0.028846153846153848 0.057692307692307696
0 0.5625 0.41586538461538464 0.028846153846153848 0.04326923076923077
0 0.5793269230769231 0.40024038461538464 0.03365384615384615 0.052884615384615384
0 0.6658653846153846 0.38461538461538464 0.03365384615384615 0.0625
0 0.7247596153846154 0.42908653846153844 0.03125 0.06009615384615385
0 0.7752403846153846 0.421875 0.038461538461538464 0.07211538461538461
0 0.8245192307692307 0.4375 0.052884615384615384 0.07692307692307693
0 0.8774038461538461 0.44350961538461536 0.052884615384615384 0.08173076923076923
0 0.9447115384615384 0.42908653846153844 0.07211538461538461 0.10096153846153846