0 0.04807692307692308 0.3641826923076923 0.028846153846153848 0.04807692307692308
0 0.2536057692307692 0.2668269230769231 0.016826923076923076 0.03365384615384615
0 0.27283653846153844 0.27403846153846156 0.019230769230769232 0.04807692307692308
0 0.30288461538461536 0.25240384615384615 0.019230769230769232 0.052884615384615384
0 0.3293269230769231 0.2127403846153846 0.014423076923076924 0.028846153846153848
0 0.33653846153846156 0.21995192307692307 0.019230769230769232 0.036057692307692304
0 0.3329326923076923 0.25961538461538464 0.02403846153846154 0.04807692307692308
0 0.3581730769230769 0.22956730769230768 0.019230769230769232 0.036057692307692304
0 0.36899038461538464 0.19831730769230768 0.019230769230769232 0.036057692307692304
0 0.39302884615384615 0.21875 0.019230769230769232 0.04326923076923077
0 0.375 0.2644230769230769 0.019230769230769232 0.04807692307692308
0 0.43028846153846156 0.25961538461538464 0.02403846153846154 0.052884615384615384
0 0.41346153846153844 0.19471153846153846 0.019230769230769232 0.03365384615384615
0 0.39783653846153844 0.18028846153846154 0.014423076923076924 0.03365384615384615
0 0.4519230769230769 0.19230769230769232 0.019230769230769232 0.03365384615384615
0 0.4735576923076923 0.2403846153846154 0.02403846153846154 0.038461538461538464
0 0.484375 0.20192307692307693 0.016826923076923076 0.03365384615384615
0 0.46634615384615385 0.1622596153846154 0.019230769230769232 0.036057692307692304
0 0.4483173076923077 0.16105769230769232 0.014423076923076924 0.02403846153846154
0 0.4891826923076923 0.15985576923076922 0.016826923076923076 0.028846153846153848
0 0.5108173076923077 0.18389423076923078 0.016826923076923076 0.026442307692307692
0 0.5228365384615384 0.2091346153846154 0.021634615384615384 0.04326923076923077
0 0.5120192307692307 0.15865384615384615 0.014423076923076924 0.028846153846153848
0 0.4855769230769231 0.14182692307692307 0.019230769230769232 0.03365384615384615
0 0.5540865384615384 0.15985576923076922 0.021634615384615384 0.038461538461538464
0 0.5661057692307693 0.1466346153846154 0.014423076923076924 0.028846153846153848
0 0.5697115384615384 0.1201923076923077 0.014423076923076924 0.028846153846153848
0 0.5877403846153846 0.1658653846153846 0.016826923076923076 0.03365384615384615
0 0.6117788461538461 0.12860576923076922 0.016826923076923076 0.03125
0 0.6225961538461539 0.140625 0.014423076923076924 0.03125
0 0.6442307692307693 0.11778846153846154 0.019230769230769232 0.028846153846153848
0 0.6382211538461539 0.14302884615384615 0.014423076923076924 0.026442307692307692
0 0.6766826923076923 0.11658653846153846 0.016826923076923076 0.03125
0 0.5096153846153846 0.29447115384615385 0.028846153846153848 0.055288461538461536
0 0.5673076923076923 0.2920673076923077 0.028846153846153848 0.04807692307692308
0 0.5612980769230769 0.24278846153846154 0.028846153846153848 0.052884615384615384
0 0.6213942307692307 0.3016826923076923 0.028846153846153848 0.052884615384615384
0 0.6358173076923077 0.24639423076923078 0.02403846153846154 0.052884615384615384
0 0.6129807692307693 0.21514423076923078 0.02403846153846154 0.04807692307692308
0 0.6586538461538461 0.21634615384615385 0.02403846153846154 0.04807692307692308
0 0.6622596153846154 0.17668269230769232 0.019230769230769232 0.04326923076923077
0 0.6935096153846154 0.18509615384615385 0.02403846153846154 0.04326923076923077
0 0.7007211538461539 0.1502403846153846 0.016826923076923076 0.036057692307692304
0 0.7151442307692307 0.1466346153846154 0.016826923076923076 0.03365384615384615
0 0.7319711538461539 0.15745192307692307 0.019230769230769232 0.036057692307692304
0 0.7427884615384616 0.11658653846153846 0.014423076923076924 0.036057692307692304
0 0.7632211538461539 0.16346153846153846 0.019230769230769232 0.038461538461538464
0 0.7740384615384616 0.13701923076923078 0.019230769230769232 0.03365384615384615
0 0.7920673076923077 0.1502403846153846 0.016826923076923076 0.038461538461538464
0 0.8125 0.16105769230769232 0.019230769230769232 0.038461538461538464
0 0.8233173076923077 0.1502403846153846 0.014423076923076924 0.03125
0 0.7740384615384616 0.203125 0.02403846153846154 0.040865384615384616
0 0.7668269230769231 0.22235576923076922 0.02403846153846154 0.04807692307692308
0 0.7379807692307693 0.19591346153846154 0.02403846153846154 0.036057692307692304
0 0.7079326923076923 0.22235576923076922 0.02403846153846154 0.04807692307692308
0 0.6730769230769231 0.24879807692307693 0.02403846153846154 0.052884615384615384
0 0.7247596153846154 0.2848557692307692 0.026442307692307692 0.052884615384615384
0 0.7620192307692307 0.32572115384615385 0.028846153846153848 0.052884615384615384
0 0.8533653846153846 0.32572115384615385 0.02403846153846154 0.06009615384615385
0 0.8605769230769231 0.27283653846153844 0.019230769230769232 0.04807692307692308
0 0.9230769230769231 0.2704326923076923 0.019230769230769232 0.057692307692307696
0 0.9302884615384616 0.23557692307692307 0.02403846153846154 0.04807692307692308
0 0.890625 0.203125 0.019230769230769232 0.040865384615384616
0 0.8930288461538461 0.16706730769230768 0.016826923076923076 0.03365384615384615
0 0.9014423076923077 0.15625 0.014423076923076924 0.03365384615384615
0 0.8629807692307693 0.15865384615384615 0.019230769230769232 0.038461538461538464
0 0.8521634615384616 0.19591346153846154 0.019230769230769232 0.040865384615384616
0 0.8341346153846154 0.23677884615384615 0.019230769230769232 0.040865384615384616