0 0.19831730769230768 0.4795673076923077 0.055288461538461536 0.10336538461538461
0 0.2920673076923077 0.4699519230769231 0.04807692307692308 0.0985576923076923
0 0.31490384615384615 0.21995192307692307 0.02403846153846154 0.05048076923076923
0 0.3401442307692308 0.17067307692307693 0.026442307692307692 0.052884615384615384
0 0.4254807692307692 0.1466346153846154 0.014423076923076924 0.03365384615384615
0 0.4338942307692308 0.16947115384615385 0.021634615384615384 0.036057692307692304
0 0.4795673076923077 0.18509615384615385 0.026442307692307692 0.038461538461538464
0 0.47475961538461536 0.15264423076923078 0.021634615384615384 0.038461538461538464
0 0.49759615384615385 0.14302884615384615 0.02403846153846154 0.04567307692307692
0 0.5240384615384616 0.15384615384615385 0.019230769230769232 0.038461538461538464
0 0.546875 0.15264423076923078 0.016826923076923076 0.036057692307692304
0 0.5745192307692307 0.14783653846153846 0.02403846153846154 0.038461538461538464
0 0.7427884615384616 0.11538461538461539 0.02403846153846154 0.038461538461538464