0 0.3894230769230769 0.2704326923076923 0.019230769230769232 0.03365384615384615
0 0.46875 0.22235576923076922 0.02403846153846154 0.03365384615384615
0 0.5060096153846154 0.12379807692307693 0.01201923076923077 0.021634615384615384
0 0.5649038461538461 0.12379807692307693 0.014423076923076924 0.02403846153846154
0 0.5769230769230769 0.12980769230769232 0.009615384615384616 0.019230769230769232
0 0.6045673076923077 0.11538461538461539 0.014423076923076924 0.019230769230769232
0 0.6394230769230769 0.24519230769230768 0.028846153846153848 0.04807692307692308
0 0.4951923076923077 0.31850961538461536 0.02403846153846154 0.04326923076923077
0 0.5504807692307693 0.33052884615384615 0.028846153846153848 0.04567307692307692
0 0.6526442307692307 0.21754807692307693 0.02403846153846154 0.040865384615384616
0 0.7848557692307693 0.2824519230769231 0.028846153846153848 0.06009615384615385
0 0.8581730769230769 0.30408653846153844 0.028846153846153848 0.052884615384615384
0 0.9158653846153846 0.1502403846153846 0.014423076923076924 0.02403846153846154
0 0.9459134615384616 0.15865384615384615 0.01201923076923077 0.028846153846153848