0 0.05889423076923077 0.3581730769230769 0.057692307692307696 0.04326923076923077
0 0.12620192307692307 0.34615384615384615 0.05048076923076923 0.038461538461538464
0 0.22115384615384615 0.3317307692307692 0.04326923076923077 0.028846153846153848
0 0.23197115384615385 0.4375 0.11538461538461539 0.08653846153846154
0 0.2800480769230769 0.3942307692307692 0.08173076923076923 0.0625
0 0.33653846153846156 0.3473557692307692 0.0673076923076923 0.04567307692307692
0 0.39783653846153844 0.32572115384615385 0.052884615384615384 0.036057692307692304
0 0.75 0.4338942307692308 0.09615384615384616 0.07451923076923077
0 0.6658653846153846 0.3786057692307692 0.0673076923076923 0.06009615384615385
0 0.6454326923076923 0.3557692307692308 0.05048076923076923 0.038461538461538464
0 0.5949519230769231 0.3389423076923077 0.05048076923076923 0.04326923076923077
0 0.8125 0.33052884615384615 0.04807692307692308 0.03365384615384615
0 0.8413461538461539 0.33653846153846156 0.04807692307692308 0.038461538461538464
0 0.9290865384615384 0.3641826923076923 0.07211538461538461 0.04567307692307692