0 0.16346153846153846 0.42788461538461536 0.0673076923076923 0.09615384615384616
0 0.09375 0.39302884615384615 0.052884615384615384 0.07932692307692307
0 0.07692307692307693 0.29447115384615385 0.04807692307692308 0.06490384615384616
0 0.19831730769230768 0.30408653846153844 0.04567307692307692 0.06009615384615385
0 0.234375 0.3161057692307692 0.05048076923076923 0.06490384615384616
0 0.3125 0.28846153846153844 0.038461538461538464 0.07211538461538461
0 0.33413461538461536 0.36538461538461536 0.0625 0.08653846153846154
0 0.31850961538461536 0.5120192307692307 0.09615384615384616 0.14903846153846154
0 0.4266826923076923 0.40024038461538464 0.057692307692307696 0.09375
0 0.39783653846153844 0.3112980769230769 0.04326923076923077 0.07211538461538461
0 0.4639423076923077 0.28966346153846156 0.038461538461538464 0.055288461538461536
0 0.5036057692307693 0.2980769230769231 0.038461538461538464 0.057692307692307696
0 0.49278846153846156 0.3786057692307692 0.052884615384615384 0.08173076923076923
0 0.5372596153846154 0.47836538461538464 0.10336538461538461 0.13942307692307693
0 0.5096153846153846 0.625 0.11538461538461539 0.1778846153846154
0 0.7620192307692307 0.5444711538461539 0.11057692307692307 0.14182692307692307
0 0.8149038461538461 0.43509615384615385 0.0625 0.10096153846153846
0 0.8521634615384616 0.4362980769230769 0.055288461538461536 0.10096153846153846
0 0.9795673076923077 0.34615384615384615 0.03365384615384615 0.08173076923076923
0 0.8990384615384616 0.3269230769230769 0.03365384615384615 0.057692307692307696
0 0.8617788461538461 0.35336538461538464 0.040865384615384616 0.07211538461538461
0 0.8052884615384616 0.29086538461538464 0.03365384615384615 0.057692307692307696
0 0.7536057692307693 0.36658653846153844 0.05048076923076923 0.06971153846153846
0 0.7632211538461539 0.31971153846153844 0.04807692307692308 0.0625
0 0.7079326923076923 0.30288461538461536 0.04326923076923077 0.07692307692307693
0 0.6322115384615384 0.2956730769230769 0.03365384615384615 0.052884615384615384
0 0.5985576923076923 0.3449519230769231 0.038461538461538464 0.0673076923076923
0 0.5673076923076923 0.3762019230769231 0.052884615384615384 0.07932692307692307
0 0.5552884615384616 0.28725961538461536 0.03365384615384615 0.04807692307692308