0 0.10576923076923077 0.8269230769230769 0.10576923076923077 0.14423076923076922
0 0.052884615384615384 0.7884615384615384 0.07211538461538461 0.10576923076923077
0 0.057692307692307696 0.7415865384615384 0.07211538461538461 0.0985576923076923
0 0.02403846153846154 0.7199519230769231 0.04807692307692308 0.06971153846153846
0 0.18269230769230768 0.7007211538461539 0.04807692307692308 0.08173076923076923
0 0.21875 0.6935096153846154 0.0625 0.10576923076923077
0 0.3173076923076923 0.8173076923076923 0.09615384615384616 0.14423076923076922
0 0.3173076923076923 0.7415865384615384 0.0673076923076923 0.09375
0 0.31490384615384615 0.6923076923076923 0.052884615384615384 0.07692307692307693
0 0.32572115384615385 0.6574519230769231 0.040865384615384616 0.06490384615384616
0 0.43028846153846156 0.671875 0.052884615384615384 0.09615384615384616
0 0.4567307692307692 0.7391826923076923 0.08173076923076923 0.13221153846153846
0 0.4326923076923077 0.8413461538461539 0.09615384615384616 0.1346153846153846
0 0.4411057692307692 0.5372596153846154 0.036057692307692304 0.04807692307692308
0 0.5216346153846154 0.5240384615384616 0.052884615384615384 0.08653846153846154
0 0.5252403846153846 0.6742788461538461 0.05048076923076923 0.09134615384615384
0 0.5673076923076923 0.7007211538461539 0.052884615384615384 0.08653846153846154
0 0.6274038461538461 0.7463942307692307 0.08173076923076923 0.12259615384615384
0 0.6165865384615384 0.6502403846153846 0.04807692307692308 0.07451923076923077
0 0.6490384615384616 0.9242788461538461 0.13942307692307693 0.1466346153846154
0 0.7259615384615384 0.7283653846153846 0.07211538461538461 0.1346153846153846
0 0.6658653846153846 0.6454326923076923 0.03365384615384615 0.07211538461538461
0 0.7139423076923077 0.6514423076923077 0.04326923076923077 0.07211538461538461
0 0.7704326923076923 0.6454326923076923 0.038461538461538464 0.07211538461538461
0 0.8112980769230769 0.6418269230769231 0.03365384615384615 0.07211538461538461
0 0.8317307692307693 0.8677884615384616 0.15384615384615385 0.24519230769230768
0 0.8617788461538461 0.7439903846153846 0.10336538461538461 0.15625
0 0.9326923076923077 0.7391826923076923 0.07692307692307693 0.15625
0 0.8545673076923077 0.5300480769230769 0.03365384615384615 0.06009615384615385