0 0.14783653846153846 0.5504807692307693 0.036057692307692304 0.0625
0 0.21634615384615385 0.3485576923076923 0.019230769230769232 0.03365384615384615
0 0.2548076923076923 0.3485576923076923 0.019230769230769232 0.03365384615384615
0 0.28125 0.30528846153846156 0.014423076923076924 0.02403846153846154
0 0.2824519230769231 0.3629807692307692 0.016826923076923076 0.03365384615384615
0 0.31009615384615385 0.38461538461538464 0.02403846153846154 0.038461538461538464
0 0.3485576923076923 0.29447115384615385 0.019230769230769232 0.03125
0 0.37259615384615385 0.33413461538461536 0.014423076923076924 0.028846153846153848
0 0.3401442307692308 0.33774038461538464 0.016826923076923076 0.026442307692307692
0 0.39663461538461536 0.33653846153846156 0.02403846153846154 0.028846153846153848
0 0.39663461538461536 0.296875 0.014423076923076924 0.02403846153846154
0 0.40024038461538464 0.26322115384615385 0.014423076923076924 0.02403846153846154
0 0.3858173076923077 0.2536057692307692 0.014423076923076924 0.03365384615384615
0 0.45072115384615385 0.41586538461538464 0.02403846153846154 0.052884615384615384
0 0.46634615384615385 0.3329326923076923 0.019230769230769232 0.036057692307692304
0 0.49399038461538464 0.453125 0.02403846153846154 0.055288461538461536
0 0.5588942307692307 0.45552884615384615 0.028846153846153848 0.0673076923076923
0 0.6225961538461539 0.4807692307692308 0.02403846153846154 0.0673076923076923
0 0.6658653846153846 0.515625 0.03365384615384615 0.06490384615384616
0 0.7788461538461539 0.5324519230769231 0.028846153846153848 0.07211538461538461
0 0.7524038461538461 0.4326923076923077 0.02403846153846154 0.057692307692307696
0 0.7211538461538461 0.4026442307692308 0.019230769230769232 0.055288461538461536
0 0.6394230769230769 0.36778846153846156 0.028846153846153848 0.052884615384615384
0 0.5817307692307693 0.37259615384615385 0.028846153846153848 0.04326923076923077
0 0.5228365384615384 0.36778846153846156 0.02403846153846154 0.04326923076923077
0 0.49158653846153844 0.3245192307692308 0.016826923076923076 0.03365384615384615
0 0.5564903846153846 0.27403846153846156 0.014423076923076924 0.03365384615384615
0 0.6153846153846154 0.30288461538461536 0.009615384615384616 0.028846153846153848
0 0.5829326923076923 0.3245192307692308 0.016826923076923076 0.038461538461538464
0 0.4254807692307692 0.30408653846153844 0.014423076923076924 0.02403846153846154
0 0.45072115384615385 0.2764423076923077 0.014423076923076924 0.019230769230769232
0 0.5096153846153846 0.2764423076923077 0.009615384615384616 0.02403846153846154
0 0.49278846153846156 0.27163461538461536 0.019230769230769232 0.02403846153846154
0 0.5276442307692307 0.24879807692307693 0.01201923076923077 0.026442307692307692
0 0.5588942307692307 0.2403846153846154 0.014423076923076924 0.019230769230769232
0 0.5949519230769231 0.20072115384615385 0.01201923076923077 0.028846153846153848
0 0.609375 0.21394230769230768 0.007211538461538462 0.028846153846153848
0 0.640625 0.2127403846153846 0.009615384615384616 0.028846153846153848
0 0.6610576923076923 0.22235576923076922 0.014423076923076924 0.03365384615384615
0 0.6911057692307693 0.24519230769230768 0.01201923076923077 0.038461538461538464
0 0.7127403846153846 0.25961538461538464 0.016826923076923076 0.038461538461538464
0 0.7247596153846154 0.23918269230769232 0.01201923076923077 0.036057692307692304
0 0.7536057692307693 0.234375 0.01201923076923077 0.03365384615384615
0 0.7884615384615384 0.24158653846153846 0.014423076923076924 0.03125
0 0.7932692307692307 0.296875 0.019230769230769232 0.03125
0 0.734375 0.2956730769230769 0.019230769230769232 0.03365384615384615
0 0.6875 0.2956730769230769 0.019230769230769232 0.03365384615384615
0 0.6502403846153846 0.2800480769230769 0.019230769230769232 0.03125
0 0.6646634615384616 0.3137019230769231 0.016826923076923076 0.028846153846153848
0 0.6706730769230769 0.35336538461538464 0.02403846153846154 0.04326923076923077
0 0.6165865384615384 0.25721153846153844 0.014423076923076924 0.028846153846153848
0 0.5925480769230769 0.24158653846153846 0.01201923076923077 0.026442307692307692
0 0.5576923076923077 0.21394230769230768 0.009615384615384616 0.028846153846153848
0 0.5432692307692307 0.22115384615384615 0.019230769230769232 0.019230769230769232
0 0.8197115384615384 0.46274038461538464 0.028846153846153848 0.057692307692307696
0 0.890625 0.45552884615384615 0.021634615384615384 0.052884615384615384
0 0.8942307692307693 0.4026442307692308 0.019230769230769232 0.040865384615384616
0 0.8305288461538461 0.3954326923076923 0.019230769230769232 0.052884615384615384
0 0.7872596153846154 0.3629807692307692 0.016826923076923076 0.052884615384615384
0 0.8028846153846154 0.34134615384615385 0.019230769230769232 0.038461538461538464
0 0.8197115384615384 0.31971153846153844 0.014423076923076924 0.02403846153846154
0 0.8329326923076923 0.3076923076923077 0.01201923076923077 0.028846153846153848
0 0.8629807692307693 0.328125 0.014423076923076924 0.03125
0 0.8473557692307693 0.38100961538461536 0.01201923076923077 0.03365384615384615
0 0.8990384615384616 0.3485576923076923 0.019230769230769232 0.04326923076923077
0 0.9086538461538461 0.26322115384615385 0.014423076923076924 0.021634615384615384
0 0.90625 0.2920673076923077 0.014423076923076924 0.019230769230769232
0 0.8737980769230769 0.2800480769230769 0.014423076923076924 0.03125
0 0.8461538461538461 0.25721153846153844 0.009615384615384616 0.028846153846153848
0 0.8269230769230769 0.2668269230769231 0.019230769230769232 0.02403846153846154
0 0.43990384615384615 0.25600961538461536 0.014423076923076924 0.026442307692307692
0 0.4362980769230769 0.2439903846153846 0.01201923076923077 0.02403846153846154
0 0.45913461538461536 0.23798076923076922 0.014423076923076924 0.02403846153846154
0 0.5048076923076923 0.25 0.009615384615384616 0.019230769230769232
0 0.6394230769230769 0.23918269230769232 0.009615384615384616 0.028846153846153848
0 0.7439903846153846 0.2620192307692308 0.01201923076923077 0.02403846153846154
0 0.7512019230769231 0.2860576923076923 0.014423076923076924 0.028846153846153848
0 0.6310096153846154 0.33774038461538464 0.019230769230769232 0.04567307692307692
0 0.9026442307692307 0.328125 0.016826923076923076 0.038461538461538464