0 0.19831730769230768 0.3473557692307692 0.04567307692307692 0.0889423076923077
0 0.2980769230769231 0.23798076923076922 0.014423076923076924 0.028846153846153848
0 0.3161057692307692 0.22115384615384615 0.01201923076923077 0.028846153846153848
0 0.3401442307692308 0.22716346153846154 0.016826923076923076 0.03125
0 0.3449519230769231 0.25961538461538464 0.016826923076923076 0.03365384615384615
0 0.37740384615384615 0.21995192307692307 0.014423076923076924 0.03365384615384615
0 0.38221153846153844 0.19831730769230768 0.019230769230769232 0.026442307692307692
0 0.41947115384615385 0.1814903846153846 0.016826923076923076 0.026442307692307692
0 0.4387019230769231 0.18990384615384615 0.014423076923076924 0.02403846153846154
0 0.4206730769230769 0.21394230769230768 0.014423076923076924 0.03365384615384615
0 0.4519230769230769 0.21875 0.019230769230769232 0.03365384615384615
0 0.42427884615384615 0.2776442307692308 0.02403846153846154 0.04567307692307692
0 0.46274038461538464 0.1971153846153846 0.014423076923076924 0.019230769230769232
0 0.45072115384615385 0.16826923076923078 0.014423076923076924 0.028846153846153848
0 0.47475961538461536 0.16947115384615385 0.014423076923076924 0.026442307692307692
0 0.4963942307692308 0.1971153846153846 0.016826923076923076 0.028846153846153848
0 0.5120192307692307 0.2091346153846154 0.014423076923076924 0.038461538461538464
0 0.4675480769230769 0.15264423076923078 0.014423076923076924 0.026442307692307692
0 0.48197115384615385 0.13341346153846154 0.01201923076923077 0.026442307692307692
0 0.5204326923076923 0.14783653846153846 0.016826923076923076 0.03125
0 0.5396634615384616 0.1622596153846154 0.016826923076923076 0.036057692307692304
0 0.5649038461538461 0.1778846153846154 0.014423076923076924 0.03365384615384615
0 0.5721153846153846 0.15745192307692307 0.014423076923076924 0.028846153846153848
0 0.5516826923076923 0.12139423076923077 0.01201923076923077 0.026442307692307692
0 0.5817307692307693 0.10697115384615384 0.009615384615384616 0.021634615384615384
0 0.6081730769230769 0.10336538461538461 0.009615384615384616 0.02403846153846154
0 0.6033653846153846 0.12139423076923077 0.014423076923076924 0.021634615384615384
0 0.6129807692307693 0.140625 0.014423076923076924 0.03125
0 0.6358173076923077 0.10096153846153846 0.01201923076923077 0.028846153846153848
0 0.6298076923076923 0.1141826923076923 0.009615384615384616 0.02403846153846154
0 0.6514423076923077 0.125 0.014423076923076924 0.028846153846153848
0 0.609375 0.20552884615384615 0.019230769230769232 0.040865384615384616
0 0.5564903846153846 0.24879807692307693 0.021634615384615384 0.04326923076923077
0 0.5961538461538461 0.2620192307692308 0.019230769230769232 0.04326923076923077
0 0.5384615384615384 0.30528846153846156 0.02403846153846154 0.052884615384615384
0 0.4831730769230769 0.3076923076923077 0.028846153846153848 0.04807692307692308
0 0.5973557692307693 0.328125 0.028846153846153848 0.055288461538461536
0 0.6538461538461539 0.2620192307692308 0.02403846153846154 0.04326923076923077
0 0.6670673076923077 0.3269230769230769 0.02403846153846154 0.0625
0 0.7079326923076923 0.2824519230769231 0.02403846153846154 0.05048076923076923
0 0.7055288461538461 0.2247596153846154 0.02403846153846154 0.04807692307692308
0 0.6538461538461539 0.20432692307692307 0.019230769230769232 0.04326923076923077
0 0.6478365384615384 0.17548076923076922 0.016826923076923076 0.028846153846153848
0 0.6802884615384616 0.10096153846153846 0.014423076923076924 0.038461538461538464
0 0.7103365384615384 0.140625 0.014423076923076924 0.03125
0 0.6838942307692307 0.18028846153846154 0.016826923076923076 0.04326923076923077
0 0.7235576923076923 0.16466346153846154 0.014423076923076924 0.03125
0 0.7367788461538461 0.18990384615384615 0.019230769230769232 0.052884615384615384
0 0.7379807692307693 0.14903846153846154 0.014423076923076924 0.028846153846153848
0 0.7548076923076923 0.1658653846153846 0.019230769230769232 0.038461538461538464
0 0.7283653846153846 0.12139423076923077 0.014423076923076924 0.028846153846153848
0 0.7415865384615384 0.11177884615384616 0.01201923076923077 0.03125
0 0.7584134615384616 0.13341346153846154 0.01201923076923077 0.03125
0 0.7884615384615384 0.13581730769230768 0.009615384615384616 0.03365384615384615
0 0.8004807692307693 0.1346153846153846 0.014423076923076924 0.028846153846153848
0 0.7884615384615384 0.17548076923076922 0.019230769230769232 0.04326923076923077
0 0.8125 0.171875 0.014423076923076924 0.03365384615384615
0 0.8209134615384616 0.14182692307692307 0.01201923076923077 0.03365384615384615
0 0.8413461538461539 0.15625 0.014423076923076924 0.03365384615384615
0 0.8533653846153846 0.13822115384615385 0.009615384615384616 0.019230769230769232
0 0.8557692307692307 0.15144230769230768 0.014423076923076924 0.03365384615384615
0 0.8810096153846154 0.16346153846153846 0.01201923076923077 0.028846153846153848
0 0.890625 0.13822115384615385 0.01201923076923077 0.028846153846153848
0 0.9182692307692307 0.15745192307692307 0.009615384615384616 0.036057692307692304
0 0.875 0.1935096153846154 0.019230769230769232 0.036057692307692304
0 0.9086538461538461 0.203125 0.019230769230769232 0.04326923076923077
0 0.8329326923076923 0.18990384615384615 0.014423076923076924 0.03365384615384615
0 0.859375 0.22956730769230768 0.021634615384615384 0.04567307692307692
0 0.9038461538461539 0.28125 0.019230769230769232 0.057692307692307696
0 0.7596153846153846 0.28725961538461536 0.02403846153846154 0.055288461538461536