0 0.3401442307692308 0.20673076923076922 0.019230769230769232 0.03365384615384615
0 0.4074519230769231 0.2283653846153846 0.021634615384615384 0.038461538461538464
0 0.41947115384615385 0.21634615384615385 0.016826923076923076 0.03365384615384615
0 0.4375 0.21754807692307693 0.019230769230769232 0.04567307692307692
0 0.4855769230769231 0.21033653846153846 0.019230769230769232 0.04807692307692308
0 0.49759615384615385 0.18509615384615385 0.02403846153846154 0.04326923076923077
0 0.5012019230769231 0.13221153846153846 0.01201923076923077 0.03365384615384615
0 0.53125 0.1935096153846154 0.02403846153846154 0.04567307692307692
0 0.5817307692307693 0.17067307692307693 0.019230769230769232 0.04326923076923077
0 0.6189903846153846 0.13221153846153846 0.019230769230769232 0.038461538461538464
0 0.6370192307692307 0.25240384615384615 0.02403846153846154 0.057692307692307696
0 0.6598557692307693 0.19110576923076922 0.021634615384615384 0.04807692307692308
0 0.6983173076923077 0.30528846153846156 0.028846153846153848 0.0625
0 0.71875 0.18269230769230768 0.02403846153846154 0.038461538461538464
0 0.7596153846153846 0.2548076923076923 0.019230769230769232 0.04807692307692308
0 0.8425480769230769 0.33413461538461536 0.02403846153846154 0.0625
0 0.8641826923076923 0.28725961538461536 0.026442307692307692 0.06009615384615385
0 0.8293269230769231 0.22716346153846154 0.02403846153846154 0.05048076923076923
0 0.8389423076923077 0.1971153846153846 0.019230769230769232 0.04326923076923077
0 0.8870192307692307 0.22235576923076922 0.019230769230769232 0.040865384615384616
0 0.9230769230769231 0.20673076923076922 0.019230769230769232 0.04807692307692308
0 0.9278846153846154 0.2860576923076923 0.019230769230769232 0.04326923076923077