0 0.765625 0.32091346153846156 0.04567307692307692 0.07932692307692307
0 0.3233173076923077 0.21754807692307693 0.016826923076923076 0.026442307692307692
0 0.3713942307692308 0.203125 0.016826923076923076 0.03125
0 0.3762019230769231 0.18028846153846154 0.016826923076923076 0.03365384615384615
0 0.41346153846153844 0.17908653846153846 0.019230769230769232 0.03125
0 0.4375 0.18028846153846154 0.019230769230769232 0.028846153846153848
0 0.4423076923076923 0.15865384615384615 0.019230769230769232 0.028846153846153848
0 0.4375 0.14543269230769232 0.019230769230769232 0.02403846153846154
0 0.46634615384615385 0.22115384615384615 0.02403846153846154 0.04807692307692308
0 0.4723557692307692 0.16826923076923078 0.016826923076923076 0.03365384615384615
0 0.4735576923076923 0.13581730769230768 0.014423076923076924 0.02403846153846154
0 0.4987980769230769 0.14182692307692307 0.014423076923076924 0.02403846153846154
0 0.4963942307692308 0.17908653846153846 0.019230769230769232 0.040865384615384616
0 0.5036057692307693 0.1935096153846154 0.016826923076923076 0.040865384615384616
0 0.5024038461538461 0.125 0.014423076923076924 0.028846153846153848
0 0.53125 0.12860576923076922 0.014423076923076924 0.02403846153846154
0 0.5264423076923077 0.16947115384615385 0.014423076923076924 0.03125
0 0.5060096153846154 0.16466346153846154 0.014423076923076924 0.03125
0 0.5432692307692307 0.18629807692307693 0.019230769230769232 0.03125
0 0.5576923076923077 0.19230769230769232 0.019230769230769232 0.04326923076923077
0 0.5757211538461539 0.2403846153846154 0.028846153846153848 0.0625
0 0.5805288461538461 0.1875 0.014423076923076924 0.03365384615384615
0 0.5408653846153846 0.15264423076923078 0.014423076923076924 0.036057692307692304
0 0.5552884615384616 0.11899038461538461 0.014423076923076924 0.028846153846153848
0 0.5697115384615384 0.140625 0.014423076923076924 0.028846153846153848
0 0.5793269230769231 0.1466346153846154 0.014423076923076924 0.03365384615384615
0 0.5841346153846154 0.12860576923076922 0.014423076923076924 0.03365384615384615
0 0.5973557692307693 0.140625 0.016826923076923076 0.03365384615384615
0 0.6141826923076923 0.109375 0.014423076923076924 0.02403846153846154
0 0.6298076923076923 0.13341346153846154 0.009615384615384616 0.02403846153846154
0 0.6237980769230769 0.15144230769230768 0.014423076923076924 0.02403846153846154
0 0.6213942307692307 0.17067307692307693 0.016826923076923076 0.038461538461538464
0 0.59375 0.16947115384615385 0.014423076923076924 0.026442307692307692
0 0.6213942307692307 0.21514423076923078 0.021634615384615384 0.040865384615384616
0 0.6574519230769231 0.19471153846153846 0.021634615384615384 0.04326923076923077
0 0.6670673076923077 0.23076923076923078 0.02403846153846154 0.04807692307692308
0 0.6598557692307693 0.12259615384615384 0.009615384615384616 0.02403846153846154
0 0.6670673076923077 0.13942307692307693 0.014423076923076924 0.028846153846153848
0 0.6766826923076923 0.11298076923076923 0.01201923076923077 0.03365384615384615
0 0.6850961538461539 0.14783653846153846 0.014423076923076924 0.02403846153846154
0 0.7055288461538461 0.12259615384615384 0.014423076923076924 0.03365384615384615
0 0.6959134615384616 0.17908653846153846 0.014423076923076924 0.03125
0 0.6971153846153846 0.24519230769230768 0.028846153846153848 0.04326923076923077
0 0.7139423076923077 0.1935096153846154 0.014423076923076924 0.040865384615384616
0 0.7247596153846154 0.14783653846153846 0.016826923076923076 0.03365384615384615
0 0.7427884615384616 0.1502403846153846 0.014423076923076924 0.03125
0 0.7632211538461539 0.140625 0.014423076923076924 0.028846153846153848
0 0.78125 0.15144230769230768 0.014423076923076924 0.03365384615384615
0 0.796875 0.14182692307692307 0.01201923076923077 0.02403846153846154
0 0.8329326923076923 0.13581730769230768 0.016826923076923076 0.028846153846153848
0 0.8545673076923077 0.14302884615384615 0.01201923076923077 0.03365384615384615
0 0.8737980769230769 0.15745192307692307 0.01201923076923077 0.03125
0 0.8112980769230769 0.1622596153846154 0.014423076923076924 0.03125
0 0.7920673076923077 0.16947115384615385 0.016826923076923076 0.03125
0 0.7704326923076923 0.1875 0.019230769230769232 0.03365384615384615
0 0.7391826923076923 0.1778846153846154 0.019230769230769232 0.03365384615384615
0 0.8004807692307693 0.2091346153846154 0.014423076923076924 0.038461538461538464
0 0.8125 0.203125 0.019230769230769232 0.040865384615384616
0 0.8365384615384616 0.1814903846153846 0.014423076923076924 0.036057692307692304
0 0.8569711538461539 0.2091346153846154 0.014423076923076924 0.038461538461538464
0 0.8858173076923077 0.23557692307692307 0.016826923076923076 0.038461538461538464
0 0.8810096153846154 0.27283653846153844 0.021634615384615384 0.04807692307692308
0 0.9134615384615384 0.2536057692307692 0.019230769230769232 0.04807692307692308
0 0.9206730769230769 0.18028846153846154 0.014423076923076924 0.03365384615384615
0 0.9387019230769231 0.19110576923076922 0.01201923076923077 0.036057692307692304
0 0.9375 0.22956730769230768 0.019230769230769232 0.04567307692307692
0 0.9507211538461539 0.17908653846153846 0.014423076923076924 0.036057692307692304