0 0.09615384615384616 0.3713942307692308 0.03365384615384615 0.0673076923076923
0 0.14423076923076922 0.4074519230769231 0.028846153846153848 0.055288461538461536
0 0.17307692307692307 0.40625 0.028846153846153848 0.052884615384615384
0 0.20673076923076922 0.40384615384615385 0.03365384615384615 0.057692307692307696
0 0.23317307692307693 0.39783653846153844 0.02403846153846154 0.06009615384615385
0 0.25961538461538464 0.4026442307692308 0.028846153846153848 0.04567307692307692
0 0.296875 0.3858173076923077 0.026442307692307692 0.04807692307692308
0 0.31850961538461536 0.4014423076923077 0.028846153846153848 0.052884615384615384
0 0.35697115384615385 0.38461538461538464 0.03125 0.0673076923076923
0 0.38100961538461536 0.40024038461538464 0.03125 0.05048076923076923
0 0.40625 0.36658653846153844 0.028846153846153848 0.04326923076923077
0 0.43149038461538464 0.3798076923076923 0.026442307692307692 0.057692307692307696
0 0.46274038461538464 0.39663461538461536 0.026442307692307692 0.052884615384615384
0 0.47475961538461536 0.3485576923076923 0.02403846153846154 0.052884615384615384
0 0.4951923076923077 0.3858173076923077 0.028846153846153848 0.04807692307692308
0 0.5264423076923077 0.3737980769230769 0.03365384615384615 0.0625
0 0.5492788461538461 0.3786057692307692 0.028846153846153848 0.052884615384615384
0 0.5925480769230769 0.38221153846153844 0.028846153846153848 0.0625
0 0.6153846153846154 0.3942307692307692 0.028846153846153848 0.04807692307692308
0 0.6262019230769231 0.36658653846153844 0.026442307692307692 0.052884615384615384
0 0.6454326923076923 0.3762019230769231 0.03125 0.052884615384615384
0 0.6838942307692307 0.3894230769230769 0.028846153846153848 0.04807692307692308
0 0.7151442307692307 0.38221153846153844 0.03125 0.052884615384615384
0 0.7019230769230769 0.36658653846153844 0.028846153846153848 0.03365384615384615
0 0.7644230769230769 0.3870192307692308 0.028846153846153848 0.052884615384615384
0 0.7920673076923077 0.3762019230769231 0.02403846153846154 0.0625
0 0.8197115384615384 0.3786057692307692 0.028846153846153848 0.057692307692307696
0 0.8713942307692307 0.39302884615384615 0.028846153846153848 0.04567307692307692
0 0.9194711538461539 0.36899038461538464 0.03125 0.057692307692307696