0 0.03365384615384615 0.3545673076923077 0.04807692307692308 0.07451923076923077
0 0.16466346153846154 0.38221153846153844 0.057692307692307696 0.08173076923076923
0 0.21153846153846154 0.359375 0.038461538461538464 0.07451923076923077
0 0.25961538461538464 0.4050480769230769 0.057692307692307696 0.09134615384615384
0 0.3485576923076923 0.4230769230769231 0.07211538461538461 0.10096153846153846
0 0.32572115384615385 0.38221153846153844 0.04326923076923077 0.0625
0 0.2824519230769231 0.34975961538461536 0.04326923076923077 0.0625
0 0.37740384615384615 0.35216346153846156 0.038461538461538464 0.06971153846153846
0 0.40384615384615385 0.40024038461538464 0.052884615384615384 0.08173076923076923
0 0.4567307692307692 0.3798076923076923 0.04326923076923077 0.0673076923076923
0 0.5288461538461539 0.41346153846153844 0.0673076923076923 0.10096153846153846
0 0.48677884615384615 0.3449519230769231 0.028846153846153848 0.055288461538461536
0 0.5793269230769231 0.38461538461538464 0.038461538461538464 0.0673076923076923
0 0.6165865384615384 0.375 0.03125 0.04807692307692308
0 0.6742788461538461 0.40865384615384615 0.055288461538461536 0.09134615384615384
0 0.6574519230769231 0.36778846153846156 0.03365384615384615 0.052884615384615384
0 0.7391826923076923 0.40024038461538464 0.038461538461538464 0.0625
0 0.7980769230769231 0.4050480769230769 0.04326923076923077 0.06490384615384616
0 0.8161057692307693 0.3798076923076923 0.03125 0.057692307692307696
0 0.8677884615384616 0.40625 0.038461538461538464 0.07692307692307693
0 0.9399038461538461 0.3858173076923077 0.04326923076923077 0.06490384615384616