0 0.15384615384615385 0.6165865384615384 0.10576923076923077 0.19230769230769232
0 0.15144230769230768 0.49399038461538464 0.09134615384615384 0.1201923076923077
0 0.12259615384615384 0.42788461538461536 0.0625 0.10096153846153846
0 0.08774038461538461 0.3786057692307692 0.052884615384615384 0.07692307692307693
0 0.14423076923076922 0.3557692307692308 0.038461538461538464 0.04807692307692308
0 0.16105769230769232 0.39903846153846156 0.03365384615384615 0.07692307692307693
0 0.13581730769230768 0.3329326923076923 0.038461538461538464 0.052884615384615384
0 0.265625 0.3112980769230769 0.040865384615384616 0.0673076923076923
0 0.45913461538461536 0.3004807692307692 0.03365384615384615 0.052884615384615384
0 0.5288461538461539 0.45913461538461536 0.09615384615384616 0.16346153846153846
0 0.5889423076923077 0.30528846153846156 0.028846153846153848 0.052884615384615384
0 0.6358173076923077 0.3125 0.03365384615384615 0.057692307692307696
0 0.6887019230769231 0.2860576923076923 0.02403846153846154 0.052884615384615384
0 0.6983173076923077 0.3317307692307692 0.03365384615384615 0.057692307692307696
0 0.7319711538461539 0.3389423076923077 0.036057692307692304 0.0673076923076923
0 0.7439903846153846 0.3088942307692308 0.028846153846153848 0.04567307692307692
0 0.7860576923076923 0.3545673076923077 0.03365384615384615 0.06971153846153846
0 0.7992788461538461 0.328125 0.036057692307692304 0.04326923076923077
0 0.8353365384615384 0.3389423076923077 0.03365384615384615 0.07211538461538461
0 0.8846153846153846 0.34134615384615385 0.04326923076923077 0.07692307692307693
0 0.9447115384615384 0.3641826923076923 0.038461538461538464 0.07451923076923077
0 0.9663461538461539 0.3942307692307692 0.04807692307692308 0.08653846153846154