0 0.16947115384615385 0.4579326923076923 0.038461538461538464 0.09134615384615384
0 0.3112980769230769 0.22716346153846154 0.014423076923076924 0.04326923076923077
0 0.34375 0.17427884615384615 0.014423076923076924 0.038461538461538464
0 0.35216346153846156 0.17908653846153846 0.016826923076923076 0.036057692307692304
0 0.40865384615384615 0.20192307692307693 0.019230769230769232 0.04326923076923077
0 0.4182692307692308 0.16466346153846154 0.009615384615384616 0.028846153846153848
0 0.44350961538461536 0.21995192307692307 0.019230769230769232 0.040865384615384616
0 0.47716346153846156 0.22235576923076922 0.019230769230769232 0.04567307692307692
0 0.49399038461538464 0.2800480769230769 0.026442307692307692 0.057692307692307696
0 0.46033653846153844 0.1622596153846154 0.014423076923076924 0.038461538461538464
0 0.4879807692307692 0.1346153846153846 0.014423076923076924 0.028846153846153848
0 0.49759615384615385 0.16105769230769232 0.019230769230769232 0.038461538461538464
0 0.515625 0.1141826923076923 0.01201923076923077 0.02403846153846154
0 0.5336538461538461 0.125 0.009615384615384616 0.028846153846153848
0 0.5444711538461539 0.11658653846153846 0.014423076923076924 0.03125
0 0.5625 0.2439903846153846 0.019230769230769232 0.040865384615384616
0 0.546875 0.29927884615384615 0.026442307692307692 0.06490384615384616
0 0.5889423076923077 0.056490384615384616 0.014423076923076924 0.036057692307692304
0 0.6310096153846154 0.08653846153846154 0.009615384615384616 0.028846153846153848
0 0.6586538461538461 0.0889423076923077 0.009615384615384616 0.02403846153846154
0 0.6838942307692307 0.09495192307692307 0.01201923076923077 0.021634615384615384
0 0.6947115384615384 0.10817307692307693 0.014423076923076924 0.02403846153846154
0 0.6286057692307693 0.1201923076923077 0.01201923076923077 0.028846153846153848
0 0.6442307692307693 0.13341346153846154 0.014423076923076924 0.028846153846153848
0 0.6045673076923077 0.29927884615384615 0.026442307692307692 0.07211538461538461
0 0.6382211538461539 0.17908653846153846 0.021634615384615384 0.05048076923076923
0 0.625 0.2439903846153846 0.019230769230769232 0.057692307692307696
0 0.6646634615384616 0.2920673076923077 0.021634615384615384 0.04807692307692308
0 0.6670673076923077 0.21875 0.019230769230769232 0.04326923076923077
0 0.6730769230769231 0.16706730769230768 0.019230769230769232 0.038461538461538464
0 0.6862980769230769 0.3473557692307692 0.03125 0.0673076923076923
0 0.6947115384615384 0.15745192307692307 0.014423076923076924 0.036057692307692304
0 0.7103365384615384 0.18269230769230768 0.016826923076923076 0.038461538461538464
0 0.71875 0.22956730769230768 0.02403846153846154 0.05048076923076923
0 0.7235576923076923 0.1310096153846154 0.014423076923076924 0.03125
0 0.7355769230769231 0.16706730769230768 0.014423076923076924 0.03125
0 0.7475961538461539 0.11538461538461539 0.014423076923076924 0.038461538461538464
0 0.7704326923076923 0.18028846153846154 0.014423076923076924 0.04326923076923077
0 0.796875 0.16826923076923078 0.014423076923076924 0.028846153846153848
0 0.7896634615384616 0.21153846153846154 0.014423076923076924 0.038461538461538464
0 0.8088942307692307 0.28125 0.026442307692307692 0.057692307692307696
0 0.7728365384615384 0.33533653846153844 0.028846153846153848 0.06971153846153846
0 0.8389423076923077 0.35096153846153844 0.028846153846153848 0.0673076923076923
0 0.8605769230769231 0.3173076923076923 0.02403846153846154 0.057692307692307696
0 0.9122596153846154 0.375 0.021634615384615384 0.052884615384615384
0 0.8701923076923077 0.2668269230769231 0.019230769230769232 0.038461538461538464
0 0.9242788461538461 0.28365384615384615 0.02403846153846154 0.04807692307692308
0 0.8425480769230769 0.0829326923076923 0.016826923076923076 0.03365384615384615
0 0.8942307692307693 0.13942307692307693 0.009615384615384616 0.03365384615384615
0 0.9302884615384616 0.15144230769230768 0.019230769230769232 0.038461538461538464
0 0.8533653846153846 0.21033653846153846 0.014423076923076924 0.038461538461538464
0 0.8689903846153846 0.1778846153846154 0.01201923076923077 0.038461538461538464
0 0.8822115384615384 0.21514423076923078 0.019230769230769232 0.038461538461538464
0 0.44350961538461536 0.13581730769230768 0.01201923076923077 0.028846153846153848
0 0.5204326923076923 0.1502403846153846 0.014423076923076924 0.036057692307692304
0 0.5504807692307693 0.15985576923076922 0.014423076923076924 0.038461538461538464
0 0.5564903846153846 0.17548076923076922 0.014423076923076924 0.04326923076923077
0 0.5817307692307693 0.15504807692307693 0.014423076923076924 0.040865384615384616
0 0.9350961538461539 0.21995192307692307 0.014423076923076924 0.04326923076923077
0 0.8954326923076923 0.1875 0.014423076923076924 0.03365384615384615
0 0.8329326923076923 0.17067307692307693 0.016826923076923076 0.038461538461538464
0 0.7824519230769231 0.125 0.01201923076923077 0.038461538461538464
0 0.7199519230769231 0.09975961538461539 0.009615384615384616 0.028846153846153848