0 0.28725961538461536 0.46153846153846156 0.04567307692307692 0.07692307692307693
0 0.32211538461538464 0.5889423076923077 0.057692307692307696 0.1201923076923077
0 0.390625 0.6490384615384616 0.07451923076923077 0.125
0 0.38100961538461536 0.30528846153846156 0.03125 0.052884615384615384
0 0.4951923076923077 0.5180288461538461 0.038461538461538464 0.06490384615384616
0 0.640625 0.47836538461538464 0.038461538461538464 0.07211538461538461
0 0.7355769230769231 0.49038461538461536 0.052884615384615384 0.08653846153846154
0 0.7776442307692307 0.4831730769230769 0.038461538461538464 0.07211538461538461
0 0.7427884615384616 0.6526442307692307 0.07211538461538461 0.12740384615384615
0 0.6983173076923077 0.8689903846153846 0.13221153846153846 0.2403846153846154
0 0.9399038461538461 0.5144230769230769 0.057692307692307696 0.08653846153846154