0 0.18269230769230768 0.4807692307692308 0.038461538461538464 0.07692307692307693
0 0.2776442307692308 0.23918269230769232 0.014423076923076924 0.036057692307692304
0 0.30528846153846156 0.22235576923076922 0.014423076923076924 0.03125
0 0.33413461538461536 0.22115384615384615 0.019230769230769232 0.028846153846153848
0 0.38100961538461536 0.1875 0.014423076923076924 0.028846153846153848
0 0.3557692307692308 0.22956730769230768 0.019230769230769232 0.036057692307692304
0 0.34975961538461536 0.27163461538461536 0.021634615384615384 0.03365384615384615
0 0.3798076923076923 0.2608173076923077 0.019230769230769232 0.04326923076923077
0 0.3918269230769231 0.22115384615384615 0.014423076923076924 0.028846153846153848
0 0.40384615384615385 0.19831730769230768 0.019230769230769232 0.03125
0 0.4423076923076923 0.1778846153846154 0.019230769230769232 0.028846153846153848
0 0.4543269230769231 0.15384615384615385 0.014423076923076924 0.028846153846153848
0 0.47596153846153844 0.140625 0.009615384615384616 0.026442307692307692
0 0.4098557692307692 0.25600961538461536 0.02403846153846154 0.04807692307692308
0 0.453125 0.22355769230769232 0.021634615384615384 0.03365384615384615
0 0.5552884615384616 0.12139423076923077 0.014423076923076924 0.028846153846153848
0 0.47475961538461536 0.24158653846153846 0.021634615384615384 0.05048076923076923
0 0.49399038461538464 0.20072115384615385 0.019230769230769232 0.036057692307692304
0 0.5192307692307693 0.21514423076923078 0.019230769230769232 0.04326923076923077
0 0.53125 0.18028846153846154 0.019230769230769232 0.04326923076923077
0 0.5084134615384616 0.16826923076923078 0.016826923076923076 0.04326923076923077
0 0.5805288461538461 0.16706730769230768 0.016826923076923076 0.038461538461538464
0 0.5757211538461539 0.12860576923076922 0.01201923076923077 0.026442307692307692
0 0.6105769230769231 0.12740384615384615 0.014423076923076924 0.028846153846153848
0 0.6153846153846154 0.1466346153846154 0.009615384615384616 0.02403846153846154
0 0.6382211538461539 0.12740384615384615 0.014423076923076924 0.028846153846153848
0 0.6634615384615384 0.12379807692307693 0.009615384615384616 0.03125
0 0.5673076923076923 0.23076923076923078 0.02403846153846154 0.04807692307692308
0 0.5180288461538461 0.2980769230769231 0.021634615384615384 0.04807692307692308
0 0.5769230769230769 0.28846153846153844 0.028846153846153848 0.057692307692307696
0 0.6165865384615384 0.25 0.02403846153846154 0.04807692307692308
0 0.6346153846153846 0.20793269230769232 0.019230769230769232 0.038461538461538464
0 0.6526442307692307 0.1814903846153846 0.019230769230769232 0.036057692307692304
0 0.6394230769230769 0.32091346153846156 0.028846153846153848 0.052884615384615384
0 0.6538461538461539 0.25600961538461536 0.019230769230769232 0.055288461538461536
0 0.6778846153846154 0.20432692307692307 0.019230769230769232 0.04807692307692308
0 0.6911057692307693 0.1502403846153846 0.016826923076923076 0.03125
0 0.7271634615384616 0.12980769230769232 0.014423076923076924 0.028846153846153848
0 0.7295673076923077 0.17908653846153846 0.02403846153846154 0.026442307692307692
0 0.7439903846153846 0.14423076923076922 0.014423076923076924 0.019230769230769232
0 0.7127403846153846 0.21754807692307693 0.028846153846153848 0.052884615384615384
0 0.7668269230769231 0.27403846153846156 0.02403846153846154 0.04807692307692308
0 0.7512019230769231 0.23918269230769232 0.02403846153846154 0.055288461538461536
0 0.7716346153846154 0.20673076923076922 0.019230769230769232 0.038461538461538464
0 0.7632211538461539 0.16346153846153846 0.014423076923076924 0.028846153846153848
0 0.7620192307692307 0.13701923076923078 0.014423076923076924 0.03365384615384615
0 0.8305288461538461 0.15264423076923078 0.016826923076923076 0.03125
0 0.7908653846153846 0.1658653846153846 0.014423076923076924 0.03365384615384615
0 0.8569711538461539 0.15384615384615385 0.014423076923076924 0.028846153846153848
0 0.8882211538461539 0.15985576923076922 0.014423076923076924 0.036057692307692304
0 0.8425480769230769 0.19951923076923078 0.019230769230769232 0.038461538461538464
0 0.8173076923076923 0.2283653846153846 0.019230769230769232 0.04326923076923077
0 0.8353365384615384 0.31971153846153844 0.02403846153846154 0.0625
0 0.8557692307692307 0.24879807692307693 0.019230769230769232 0.04326923076923077
0 0.8725961538461539 0.19591346153846154 0.019230769230769232 0.03365384615384615
0 0.9182692307692307 0.25240384615384615 0.019230769230769232 0.057692307692307696
0 0.9122596153846154 0.23918269230769232 0.021634615384615384 0.04567307692307692
0 0.7271634615384616 0.2091346153846154 0.021634615384615384 0.04326923076923077
0 0.5504807692307693 0.15745192307692307 0.014423076923076924 0.036057692307692304
0 0.6286057692307693 0.12379807692307693 0.01201923076923077 0.028846153846153848
0 0.30288461538461536 0.26322115384615385 0.014423076923076924 0.038461538461538464
0 0.2692307692307692 0.2692307692307692 0.019230769230769232 0.028846153846153848
0 0.5925480769230769 0.1502403846153846 0.01201923076923077 0.038461538461538464
0 0.7115384615384616 0.2776442307692308 0.028846153846153848 0.057692307692307696