0 0.9038461538461539 0.23557692307692307 0.014423076923076924 0.028846153846153848
0 0.9867788461538461 0.265625 0.01201923076923077 0.040865384615384616
0 0.9459134615384616 0.25 0.01201923076923077 0.04326923076923077
0 0.9302884615384616 0.2764423076923077 0.014423076923076924 0.04326923076923077
0 0.9747596153846154 0.3401442307692308 0.01201923076923077 0.036057692307692304
0 0.9747596153846154 0.375 0.01201923076923077 0.052884615384615384
0 0.9447115384615384 0.39302884615384615 0.02403846153846154 0.057692307692307696
0 0.9603365384615384 0.46634615384615385 0.019230769230769232 0.0673076923076923
0 0.9290865384615384 0.3473557692307692 0.016826923076923076 0.055288461538461536
0 0.890625 0.2860576923076923 0.014423076923076924 0.052884615384615384
0 0.8798076923076923 0.23317307692307693 0.009615384615384616 0.03365384615384615
0 0.8713942307692307 0.23798076923076922 0.01201923076923077 0.04326923076923077
0 0.84375 0.21875 0.014423076923076924 0.03365384615384615
0 0.8677884615384616 0.3245192307692308 0.014423076923076924 0.052884615384615384
0 0.8846153846153846 0.421875 0.019230769230769232 0.0673076923076923
0 0.8497596153846154 0.3918269230769231 0.019230769230769232 0.052884615384615384
0 0.8677884615384616 0.5 0.02403846153846154 0.07692307692307693
0 0.7920673076923077 0.4639423076923077 0.026442307692307692 0.08653846153846154
0 0.8161057692307693 0.30528846153846156 0.019230769230769232 0.052884615384615384
0 0.7980769230769231 0.2536057692307692 0.009615384615384616 0.05048076923076923
0 0.8221153846153846 0.23317307692307693 0.009615384615384616 0.03365384615384615
0 0.8100961538461539 0.19591346153846154 0.014423076923076924 0.036057692307692304
0 0.7728365384615384 0.19110576923076922 0.01201923076923077 0.040865384615384616
0 0.78125 0.20673076923076922 0.014423076923076924 0.04326923076923077
0 0.7512019230769231 0.19831730769230768 0.01201923076923077 0.03365384615384615
0 0.71875 0.16105769230769232 0.014423076923076924 0.038461538461538464
0 0.7451923076923077 0.23918269230769232 0.019230769230769232 0.04326923076923077
0 0.6935096153846154 0.14423076923076922 0.01201923076923077 0.03365384615384615
0 0.6682692307692307 0.14302884615384615 0.009615384615384616 0.036057692307692304
0 0.6923076923076923 0.16947115384615385 0.014423076923076924 0.038461538461538464
0 0.6334134615384616 0.13341346153846154 0.01201923076923077 0.038461538461538464
0 0.65625 0.1502403846153846 0.014423076923076924 0.038461538461538464
0 0.6598557692307693 0.18389423076923078 0.01201923076923077 0.036057692307692304
0 0.6983173076923077 0.21514423076923078 0.016826923076923076 0.04807692307692308
0 0.6706730769230769 0.24759615384615385 0.02403846153846154 0.052884615384615384
0 0.7319711538461539 0.2704326923076923 0.021634615384615384 0.06009615384615385
0 0.7536057692307693 0.29927884615384615 0.016826923076923076 0.05048076923076923
0 0.6009615384615384 0.11899038461538461 0.009615384615384616 0.03365384615384615
0 0.6105769230769231 0.1622596153846154 0.009615384615384616 0.03125
0 0.6262019230769231 0.20432692307692307 0.01201923076923077 0.04807692307692308
0 0.6045673076923077 0.19471153846153846 0.01201923076923077 0.04326923076923077
0 0.6274038461538461 0.30408653846153844 0.019230769230769232 0.057692307692307696
0 0.6129807692307693 0.36899038461538464 0.02403846153846154 0.0673076923076923
0 0.6658653846153846 0.4098557692307692 0.02403846153846154 0.0673076923076923
0 0.5817307692307693 0.3425480769230769 0.02403846153846154 0.057692307692307696
0 0.5817307692307693 0.13701923076923078 0.009615384615384616 0.03365384615384615
0 0.5841346153846154 0.17067307692307693 0.014423076923076924 0.038461538461538464
0 0.5564903846153846 0.140625 0.01201923076923077 0.036057692307692304
0 0.5649038461538461 0.16346153846153846 0.014423076923076924 0.04326923076923077
0 0.5552884615384616 0.22355769230769232 0.014423076923076924 0.038461538461538464
0 0.5733173076923077 0.21514423076923078 0.014423076923076924 0.04326923076923077
0 0.4987980769230769 0.15504807692307693 0.009615384615384616 0.03365384615384615
0 0.5216346153846154 0.17668269230769232 0.014423076923076924 0.038461538461538464
0 0.53125 0.16947115384615385 0.014423076923076924 0.040865384615384616
0 0.44711538461538464 0.16346153846153846 0.009615384615384616 0.028846153846153848
0 0.46153846153846156 0.16947115384615385 0.009615384615384616 0.026442307692307692
0 0.4987980769230769 0.2127403846153846 0.014423076923076924 0.038461538461538464
0 0.47596153846153844 0.25600961538461536 0.019230769230769232 0.05048076923076923
0 0.43990384615384615 0.19831730769230768 0.014423076923076924 0.036057692307692304
0 0.44350961538461536 0.31490384615384615 0.019230769230769232 0.052884615384615384
0 0.4050480769230769 0.24158653846153846 0.014423076923076924 0.040865384615384616
0 0.39663461538461536 0.19471153846153846 0.014423076923076924 0.03365384615384615
0 0.35697115384615385 0.21634615384615385 0.014423076923076924 0.038461538461538464
0 0.3786057692307692 0.2668269230769231 0.016826923076923076 0.04807692307692308
0 0.3701923076923077 0.20072115384615385 0.019230769230769232 0.03125
0 0.27403846153846156 0.24879807692307693 0.019230769230769232 0.03365384615384615
0 0.3137019230769231 0.21634615384615385 0.016826923076923076 0.038461538461538464
0 0.31490384615384615 0.24879807692307693 0.014423076923076924 0.04326923076923077
0 0.33774038461538464 0.23197115384615385 0.016826923076923076 0.04567307692307692
0 0.203125 0.29927884615384615 0.019230769230769232 0.04807692307692308
0 0.23317307692307693 0.2932692307692308 0.014423076923076924 0.052884615384615384
0 0.10576923076923077 0.5673076923076923 0.04807692307692308 0.11538461538461539
0 0.7247596153846154 0.4170673076923077 0.026442307692307692 0.07451923076923077