0 0.5372596153846154 0.06850961538461539 0.01201923076923077 0.02403846153846154
0 0.6454326923076923 0.1201923076923077 0.019230769230769232 0.028846153846153848
0 0.7512019230769231 0.12740384615384615 0.01201923076923077 0.03365384615384615
0 0.7632211538461539 0.13942307692307693 0.014423076923076924 0.038461538461538464
0 0.5829326923076923 0.22716346153846154 0.021634615384615384 0.04567307692307692
0 0.8100961538461539 0.2512019230769231 0.02403846153846154 0.055288461538461536
0 0.8810096153846154 0.23798076923076922 0.021634615384615384 0.04326923076923077
0 0.9134615384615384 0.24639423076923078 0.019230769230769232 0.040865384615384616
0 0.4074519230769231 0.2127403846153846 0.019230769230769232 0.036057692307692304
0 0.6177884615384616 0.12860576923076922 0.02403846153846154 0.036057692307692304
0 0.6358173076923077 0.13942307692307693 0.014423076923076924 0.028846153846153848
0 0.8846153846153846 0.21153846153846154 0.019230769230769232 0.038461538461538464