0 0.13581730769230768 0.640625 0.08653846153846154 0.15384615384615385
0 0.15985576923076922 0.5745192307692307 0.07211538461538461 0.10576923076923077
0 0.030048076923076924 0.5877403846153846 0.057692307692307696 0.08653846153846154
0 0.054086538461538464 0.5372596153846154 0.040865384615384616 0.055288461538461536
0 0.046875 0.47716346153846156 0.028846153846153848 0.052884615384615384
0 0.09254807692307693 0.515625 0.03365384615384615 0.055288461538461536
0 0.09014423076923077 0.4795673076923077 0.03365384615384615 0.04567307692307692
0 0.13822115384615385 0.4675480769230769 0.028846153846153848 0.038461538461538464
0 0.16346153846153846 0.5072115384615384 0.04807692307692308 0.0625
0 0.1935096153846154 0.5360576923076923 0.036057692307692304 0.08173076923076923
0 0.3004807692307692 0.5504807692307693 0.0625 0.10096153846153846
0 0.3737980769230769 0.5793269230769231 0.07451923076923077 0.1201923076923077
0 0.3004807692307692 0.46875 0.03365384615384615 0.0625
0 0.28125 0.5060096153846154 0.04326923076923077 0.06490384615384616
0 0.26322115384615385 0.46634615384615385 0.036057692307692304 0.057692307692307696
0 0.3076923076923077 0.36899038461538464 0.028846153846153848 0.040865384615384616
0 0.3389423076923077 0.39663461538461536 0.019230769230769232 0.038461538461538464
0 0.3545673076923077 0.4170673076923077 0.019230769230769232 0.028846153846153848
0 0.36778846153846156 0.421875 0.019230769230769232 0.021634615384615384
0 0.38100961538461536 0.43149038461538464 0.019230769230769232 0.03365384615384615
0 0.4074519230769231 0.44350961538461536 0.028846153846153848 0.05048076923076923
0 0.4579326923076923 0.45913461538461536 0.036057692307692304 0.0625
0 0.49399038461538464 0.4699519230769231 0.03125 0.057692307692307696
0 0.5288461538461539 0.46274038461538464 0.04326923076923077 0.07451923076923077
0 0.5721153846153846 0.47716346153846156 0.038461538461538464 0.07211538461538461
0 0.6442307692307693 0.5024038461538461 0.057692307692307696 0.10096153846153846
0 0.7199519230769231 0.5060096153846154 0.06009615384615385 0.11778846153846154
0 0.8269230769230769 0.5817307692307693 0.09615384615384616 0.18269230769230768
0 0.9050480769230769 0.5372596153846154 0.057692307692307696 0.12259615384615384
0 0.8112980769230769 0.45913461538461536 0.05048076923076923 0.08173076923076923
0 0.8930288461538461 0.4326923076923077 0.05048076923076923 0.08173076923076923
0 0.9314903846153846 0.3894230769230769 0.026442307692307692 0.0625
0 0.9603365384615384 0.3798076923076923 0.02403846153846154 0.0673076923076923
0 0.9867788461538461 0.3894230769230769 0.02403846153846154 0.04807692307692308
0 0.8209134615384616 0.390625 0.026442307692307692 0.04807692307692308
0 0.7980769230769231 0.40625 0.028846153846153848 0.04326923076923077
0 0.7752403846153846 0.39663461538461536 0.026442307692307692 0.04807692307692308
0 0.9014423076923077 0.3870192307692308 0.03365384615384615 0.04807692307692308
0 0.859375 0.36658653846153844 0.02403846153846154 0.04807692307692308
0 0.8425480769230769 0.3954326923076923 0.016826923076923076 0.038461538461538464
0 0.8846153846153846 0.36899038461538464 0.028846153846153848 0.03365384615384615
0 0.9002403846153846 0.34975961538461536 0.021634615384615384 0.03365384615384615
0 0.7463942307692307 0.4579326923076923 0.028846153846153848 0.0673076923076923
0 0.7716346153846154 0.4519230769230769 0.02403846153846154 0.0673076923076923
0 0.7247596153846154 0.4338942307692308 0.03125 0.06009615384615385
0 0.7247596153846154 0.40384615384615385 0.028846153846153848 0.04807692307692308
0 0.7463942307692307 0.3870192307692308 0.019230769230769232 0.04807692307692308
0 0.7127403846153846 0.38341346153846156 0.028846153846153848 0.038461538461538464
0 0.6538461538461539 0.45552884615384615 0.038461538461538464 0.055288461538461536
0 0.5901442307692307 0.45552884615384615 0.03365384615384615 0.05048076923076923
0 0.5396634615384616 0.40865384615384615 0.028846153846153848 0.052884615384615384
0 0.515625 0.39783653846153844 0.019230769230769232 0.038461538461538464
0 0.47836538461538464 0.4182692307692308 0.02403846153846154 0.038461538461538464
0 0.45552884615384615 0.41466346153846156 0.021634615384615384 0.03365384615384615
0 0.42908653846153844 0.4206730769230769 0.019230769230769232 0.03365384615384615
0 0.375 0.39903846153846156 0.019230769230769232 0.02403846153846154
0 0.5661057692307693 0.38100961538461536 0.016826923076923076 0.028846153846153848
0 0.6298076923076923 0.38221153846153844 0.019230769230769232 0.038461538461538464
0 0.6081730769230769 0.38341346153846156 0.019230769230769232 0.036057692307692304