0 0.17427884615384615 0.4831730769230769 0.03365384615384615 0.0625
0 0.25 0.25721153846153844 0.014423076923076924 0.02403846153846154
0 0.27163461538461536 0.27283653846153844 0.014423076923076924 0.028846153846153848
0 0.3233173076923077 0.27403846153846156 0.014423076923076924 0.028846153846153848
0 0.3605769230769231 0.25 0.019230769230769232 0.03365384615384615
0 0.38461538461538464 0.2548076923076923 0.014423076923076924 0.03365384615384615
0 0.3954326923076923 0.29447115384615385 0.019230769230769232 0.04567307692307692
0 0.31009615384615385 0.22956730769230768 0.014423076923076924 0.019230769230769232
0 0.3173076923076923 0.23918269230769232 0.009615384615384616 0.021634615384615384
0 0.3329326923076923 0.22355769230769232 0.014423076923076924 0.028846153846153848
0 0.34615384615384615 0.23076923076923078 0.014423076923076924 0.028846153846153848
0 0.3942307692307692 0.21634615384615385 0.009615384615384616 0.028846153846153848
0 0.43509615384615385 0.2283653846153846 0.019230769230769232 0.03365384615384615
0 0.3858173076923077 0.19591346153846154 0.01201923076923077 0.026442307692307692
0 0.47596153846153844 0.24639423076923078 0.019230769230769232 0.03125
0 0.44350961538461536 0.18990384615384615 0.01201923076923077 0.02403846153846154
0 0.42427884615384615 0.19110576923076922 0.014423076923076924 0.028846153846153848
0 0.4050480769230769 0.18509615384615385 0.01201923076923077 0.028846153846153848
0 0.44711538461538464 0.16105769230769232 0.009615384615384616 0.019230769230769232
0 0.43990384615384615 0.171875 0.014423076923076924 0.021634615384615384
0 0.49158653846153844 0.21033653846153846 0.014423076923076924 0.02403846153846154
0 0.4723557692307692 0.1935096153846154 0.01201923076923077 0.026442307692307692
0 0.4891826923076923 0.18629807692307693 0.01201923076923077 0.021634615384615384
0 0.4855769230769231 0.1622596153846154 0.009615384615384616 0.021634615384615384
0 0.48677884615384615 0.13221153846153846 0.014423076923076924 0.02403846153846154
0 0.5216346153846154 0.21153846153846154 0.019230769230769232 0.028846153846153848
0 0.53125 0.17067307692307693 0.014423076923076924 0.03365384615384615
0 0.5685096153846154 0.16706730769230768 0.019230769230769232 0.03365384615384615
0 0.5588942307692307 0.14903846153846154 0.01201923076923077 0.019230769230769232
0 0.5600961538461539 0.12620192307692307 0.014423076923076924 0.028846153846153848
0 0.5949519230769231 0.1466346153846154 0.009615384615384616 0.02403846153846154
0 0.5961538461538461 0.12139423076923077 0.009615384615384616 0.02403846153846154
0 0.6069711538461539 0.13822115384615385 0.007211538461538462 0.021634615384615384
0 0.6141826923076923 0.1201923076923077 0.007211538461538462 0.02403846153846154
0 0.6310096153846154 0.140625 0.014423076923076924 0.026442307692307692
0 0.6358173076923077 0.1201923076923077 0.014423076923076924 0.02403846153846154
0 0.6742788461538461 0.11899038461538461 0.01201923076923077 0.02403846153846154
0 0.6177884615384616 0.15144230769230768 0.014423076923076924 0.02403846153846154
0 0.6021634615384616 0.203125 0.016826923076923076 0.036057692307692304
0 0.5757211538461539 0.21995192307692307 0.021634615384615384 0.04326923076923077
0 0.5492788461538461 0.30528846153846156 0.021634615384615384 0.04326923076923077
0 0.5252403846153846 0.28966346153846156 0.019230769230769232 0.04326923076923077
0 0.6225961538461539 0.2439903846153846 0.019230769230769232 0.04807692307692308
0 0.6009615384615384 0.3401442307692308 0.028846153846153848 0.05048076923076923
0 0.6586538461538461 0.21875 0.014423076923076924 0.038461538461538464
0 0.6466346153846154 0.1875 0.014423076923076924 0.028846153846153848
0 0.6778846153846154 0.24278846153846154 0.019230769230769232 0.04326923076923077
0 0.7007211538461539 0.234375 0.019230769230769232 0.04326923076923077
0 0.6887019230769231 0.18990384615384615 0.016826923076923076 0.03365384615384615
0 0.6947115384615384 0.14903846153846154 0.009615384615384616 0.019230769230769232
0 0.7175480769230769 0.28365384615384615 0.021634615384615384 0.038461538461538464
0 0.7608173076923077 0.22596153846153846 0.016826923076923076 0.04807692307692308
0 0.7319711538461539 0.20192307692307693 0.016826923076923076 0.03365384615384615
0 0.7055288461538461 0.14302884615384615 0.01201923076923077 0.03125
0 0.7355769230769231 0.16466346153846154 0.009615384615384616 0.03365384615384615
0 0.7391826923076923 0.14182692307692307 0.014423076923076924 0.028846153846153848
0 0.7644230769230769 0.13581730769230768 0.009615384615384616 0.026442307692307692
0 0.7536057692307693 0.12860576923076922 0.01201923076923077 0.03125
0 0.7584134615384616 0.16706730769230768 0.01201923076923077 0.03125
0 0.7848557692307693 0.15985576923076922 0.01201923076923077 0.028846153846153848
0 0.7980769230769231 0.15745192307692307 0.009615384615384616 0.03125
0 0.7704326923076923 0.20552884615384615 0.014423076923076924 0.036057692307692304
0 0.7704326923076923 0.3076923076923077 0.026442307692307692 0.052884615384615384
0 0.8425480769230769 0.3161057692307692 0.028846153846153848 0.06009615384615385
0 0.8557692307692307 0.234375 0.019230769230769232 0.04326923076923077
0 0.84375 0.19110576923076922 0.014423076923076924 0.02403846153846154
0 0.8521634615384616 0.16947115384615385 0.01201923076923077 0.028846153846153848
0 0.8329326923076923 0.15625 0.014423076923076924 0.02403846153846154
0 0.8882211538461539 0.1778846153846154 0.014423076923076924 0.03365384615384615
0 0.8918269230769231 0.15384615384615385 0.009615384615384616 0.019230769230769232
0 0.9146634615384616 0.26802884615384615 0.019230769230769232 0.04807692307692308
0 0.9110576923076923 0.23197115384615385 0.014423076923076924 0.03365384615384615
0 0.8774038461538461 0.203125 0.014423076923076924 0.02403846153846154