0 0.12620192307692307 0.5625 0.04567307692307692 0.08653846153846154
0 0.2247596153846154 0.33413461538461536 0.019230769230769232 0.04326923076923077
0 0.2536057692307692 0.3449519230769231 0.019230769230769232 0.04326923076923077
0 0.2764423076923077 0.36899038461538464 0.02403846153846154 0.04326923076923077
0 0.2824519230769231 0.3088942307692308 0.021634615384615384 0.038461538461538464
0 0.32572115384615385 0.36899038461538464 0.02403846153846154 0.04807692307692308
0 0.3473557692307692 0.32091346153846156 0.019230769230769232 0.04326923076923077
0 0.34975961538461536 0.2920673076923077 0.016826923076923076 0.026442307692307692
0 0.38341346153846156 0.3329326923076923 0.019230769230769232 0.038461538461538464
0 0.40625 0.33413461538461536 0.02403846153846154 0.04326923076923077
0 0.4050480769230769 0.296875 0.019230769230769232 0.03365384615384615
0 0.3954326923076923 0.25841346153846156 0.014423076923076924 0.03365384615384615
0 0.42788461538461536 0.27163461538461536 0.014423076923076924 0.03365384615384615
0 0.43028846153846156 0.30408653846153844 0.019230769230769232 0.04326923076923077
0 0.44711538461538464 0.3329326923076923 0.02403846153846154 0.04326923076923077
0 0.4699519230769231 0.30288461538461536 0.019230769230769232 0.03365384615384615
0 0.5048076923076923 0.3137019230769231 0.02403846153846154 0.04567307692307692
0 0.47596153846153844 0.26322115384615385 0.019230769230769232 0.036057692307692304
0 0.4579326923076923 0.24519230769230768 0.019230769230769232 0.028846153846153848
0 0.46634615384615385 0.234375 0.019230769230769232 0.03125
0 0.49278846153846156 0.2644230769230769 0.019230769230769232 0.038461538461538464
0 0.5048076923076923 0.25600961538461536 0.019230769230769232 0.03365384615384615
0 0.5180288461538461 0.2403846153846154 0.016826923076923076 0.038461538461538464
0 0.5216346153846154 0.27163461538461536 0.019230769230769232 0.03365384615384615
0 0.5408653846153846 0.24879807692307693 0.019230769230769232 0.03365384615384615
0 0.5540865384615384 0.2776442307692308 0.019230769230769232 0.036057692307692304
0 0.5757211538461539 0.25600961538461536 0.016826923076923076 0.036057692307692304
0 0.5709134615384616 0.22596153846153846 0.01201923076923077 0.028846153846153848
0 0.5649038461538461 0.21514423076923078 0.009615384615384616 0.021634615384615384
0 0.5853365384615384 0.234375 0.014423076923076924 0.03125
0 0.6033653846153846 0.22115384615384615 0.014423076923076924 0.028846153846153848
0 0.6069711538461539 0.203125 0.014423076923076924 0.026442307692307692
0 0.5985576923076923 0.24519230769230768 0.014423076923076924 0.03365384615384615
0 0.6274038461538461 0.21153846153846154 0.014423076923076924 0.028846153846153848
0 0.640625 0.22115384615384615 0.01201923076923077 0.028846153846153848
0 0.6442307692307693 0.24158653846153846 0.019230769230769232 0.036057692307692304
0 0.6646634615384616 0.203125 0.014423076923076924 0.028846153846153848
0 0.6754807692307693 0.2247596153846154 0.014423076923076924 0.028846153846153848
0 0.6862980769230769 0.22235576923076922 0.01201923076923077 0.026442307692307692
0 0.49038461538461536 0.3870192307692308 0.03365384615384615 0.0625
0 0.5480769230769231 0.4026442307692308 0.03365384615384615 0.055288461538461536
0 0.5408653846153846 0.3485576923076923 0.02403846153846154 0.04326923076923077
0 0.5901442307692307 0.3701923076923077 0.02403846153846154 0.04807692307692308
0 0.5985576923076923 0.328125 0.02403846153846154 0.04326923076923077
0 0.5877403846153846 0.44350961538461536 0.038461538461538464 0.06971153846153846
0 0.6394230769230769 0.46634615384615385 0.038461538461538464 0.07692307692307693
0 0.6394230769230769 0.3016826923076923 0.019230769230769232 0.04326923076923077
0 0.6706730769230769 0.2764423076923077 0.019230769230769232 0.04326923076923077
0 0.6959134615384616 0.296875 0.021634615384615384 0.04326923076923077
0 0.6490384615384616 0.34615384615384615 0.02403846153846154 0.04807692307692308
0 0.6646634615384616 0.3798076923076923 0.028846153846153848 0.057692307692307696
0 0.6899038461538461 0.3605769230769231 0.02403846153846154 0.04807692307692308
0 0.7283653846153846 0.4026442307692308 0.028846153846153848 0.055288461538461536
0 0.7019230769230769 0.5480769230769231 0.04326923076923077 0.07692307692307693
0 0.8329326923076923 0.5048076923076923 0.040865384615384616 0.08653846153846154
0 0.8497596153846154 0.44591346153846156 0.028846153846153848 0.06971153846153846
0 0.7884615384615384 0.4254807692307692 0.028846153846153848 0.0625
0 0.7103365384615384 0.2980769230769231 0.021634615384615384 0.04326923076923077
0 0.7079326923076923 0.2439903846153846 0.019230769230769232 0.036057692307692304
0 0.7307692307692307 0.24879807692307693 0.019230769230769232 0.03365384615384615
0 0.7367788461538461 0.23557692307692307 0.014423076923076924 0.038461538461538464
0 0.75 0.22596153846153846 0.014423076923076924 0.028846153846153848
0 0.7752403846153846 0.2704326923076923 0.016826923076923076 0.036057692307692304
0 0.7824519230769231 0.23677884615384615 0.014423076923076924 0.028846153846153848
0 0.8137019230769231 0.24278846153846154 0.016826923076923076 0.038461538461538464
0 0.8185096153846154 0.26802884615384615 0.014423076923076924 0.028846153846153848
0 0.8149038461538461 0.296875 0.019230769230769232 0.03365384615384615
0 0.8125 0.3581730769230769 0.02403846153846154 0.052884615384615384
0 0.9266826923076923 0.4639423076923077 0.03125 0.0625
0 0.9182692307692307 0.39302884615384615 0.019230769230769232 0.04807692307692308
0 0.8617788461538461 0.37259615384615385 0.026442307692307692 0.052884615384615384
0 0.8473557692307693 0.30649038461538464 0.016826923076923076 0.04326923076923077
0 0.859375 0.27163461538461536 0.019230769230769232 0.038461538461538464
0 0.8461538461538461 0.25721153846153844 0.019230769230769232 0.038461538461538464
0 0.8786057692307693 0.25240384615384615 0.014423076923076924 0.03365384615384615
0 0.8930288461538461 0.3161057692307692 0.019230769230769232 0.040865384615384616
0 0.8713942307692307 0.33413461538461536 0.019230769230769232 0.04326923076923077
0 0.9362980769230769 0.35216346153846156 0.019230769230769232 0.040865384615384616
0 0.9338942307692307 0.31009615384615385 0.014423076923076924 0.04326923076923077
0 0.9158653846153846 0.2980769230769231 0.014423076923076924 0.038461538461538464
0 0.8978365384615384 0.26802884615384615 0.014423076923076924 0.040865384615384616
0 0.9423076923076923 0.26802884615384615 0.019230769230769232 0.04326923076923077