0 0.12259615384615384 0.49399038461538464 0.052884615384615384 0.0889423076923077
0 0.14903846153846154 0.39903846153846156 0.04807692307692308 0.08653846153846154
0 0.1201923076923077 0.3485576923076923 0.028846153846153848 0.057692307692307696
0 0.10216346153846154 0.30408653846153844 0.03365384615384615 0.052884615384615384
0 0.08533653846153846 0.33533653846153844 0.038461538461538464 0.07211538461538461
0 0.038461538461538464 0.2620192307692308 0.028846153846153848 0.04326923076923077
0 0.11177884615384616 0.2439903846153846 0.026442307692307692 0.040865384615384616
0 0.13942307692307693 0.2439903846153846 0.019230769230769232 0.036057692307692304
0 0.171875 0.24639423076923078 0.02403846153846154 0.038461538461538464
0 0.171875 0.30408653846153844 0.028846153846153848 0.052884615384615384
0 0.21634615384615385 0.32091346153846156 0.028846153846153848 0.055288461538461536
0 0.24278846153846154 0.3485576923076923 0.03365384615384615 0.052884615384615384
0 0.2283653846153846 0.41225961538461536 0.04326923076923077 0.08653846153846154
0 0.28846153846153844 0.47115384615384615 0.04326923076923077 0.08653846153846154
0 0.32091346153846156 0.484375 0.052884615384615384 0.09375
0 0.359375 0.4807692307692308 0.052884615384615384 0.10576923076923077
0 0.4579326923076923 0.43990384615384615 0.04326923076923077 0.09134615384615384
0 0.5408653846153846 0.46634615384615385 0.052884615384615384 0.09615384615384616
0 0.5180288461538461 0.4026442307692308 0.04567307692307692 0.0889423076923077
0 0.41466346153846156 0.3858173076923077 0.04807692307692308 0.09375
0 0.34975961538461536 0.39903846153846156 0.038461538461538464 0.07692307692307693
0 0.38822115384615385 0.4182692307692308 0.040865384615384616 0.0673076923076923
0 0.3088942307692308 0.38100961538461536 0.04567307692307692 0.07692307692307693
0 0.27403846153846156 0.3473557692307692 0.028846153846153848 0.057692307692307696
0 0.27403846153846156 0.31490384615384615 0.019230769230769232 0.03365384615384615
0 0.30649038461538464 0.32091346153846156 0.021634615384615384 0.038461538461538464
0 0.33653846153846156 0.32091346153846156 0.019230769230769232 0.038461538461538464
0 0.32572115384615385 0.2824519230769231 0.019230769230769232 0.036057692307692304
0 0.29086538461538464 0.2512019230769231 0.019230769230769232 0.03365384615384615
0 0.29447115384615385 0.21754807692307693 0.014423076923076924 0.028846153846153848
0 0.25721153846153844 0.2283653846153846 0.019230769230769232 0.03365384615384615
0 0.2608173076923077 0.26322115384615385 0.016826923076923076 0.03125
0 0.26322115384615385 0.2920673076923077 0.016826923076923076 0.036057692307692304
0 0.23798076923076922 0.30649038461538464 0.02403846153846154 0.040865384615384616
0 0.22716346153846154 0.2824519230769231 0.021634615384615384 0.038461538461538464
0 0.20673076923076922 0.2824519230769231 0.019230769230769232 0.03365384615384615
0 0.21634615384615385 0.24519230769230768 0.019230769230769232 0.03365384615384615
0 0.2127403846153846 0.2127403846153846 0.014423076923076924 0.028846153846153848
0 0.23677884615384615 0.25 0.019230769230769232 0.038461538461538464
0 0.3317307692307692 0.24879807692307693 0.019230769230769232 0.028846153846153848
0 0.33653846153846156 0.21634615384615385 0.014423076923076924 0.028846153846153848
0 0.36899038461538464 0.22716346153846154 0.014423076923076924 0.028846153846153848
0 0.3798076923076923 0.234375 0.019230769230769232 0.036057692307692304
0 0.3485576923076923 0.29086538461538464 0.014423076923076924 0.028846153846153848
0 0.3605769230769231 0.30408653846153844 0.019230769230769232 0.036057692307692304
0 0.38100961538461536 0.3088942307692308 0.021634615384615384 0.04567307692307692
0 0.4182692307692308 0.28125 0.02403846153846154 0.04807692307692308
0 0.4110576923076923 0.21875 0.02403846153846154 0.03365384615384615
0 0.4230769230769231 0.1778846153846154 0.014423076923076924 0.028846153846153848
0 0.44350961538461536 0.3557692307692308 0.036057692307692304 0.0625
0 0.46875 0.3425480769230769 0.02403846153846154 0.04567307692307692
0 0.49278846153846156 0.34975961538461536 0.03365384615384615 0.05048076923076923
0 0.4855769230769231 0.3088942307692308 0.019230769230769232 0.036057692307692304
0 0.4567307692307692 0.296875 0.02403846153846154 0.038461538461538464
0 0.4519230769230769 0.2704326923076923 0.019230769230769232 0.028846153846153848
0 0.4519230769230769 0.25 0.019230769230769232 0.028846153846153848
0 0.4567307692307692 0.2091346153846154 0.02403846153846154 0.03365384615384615
0 0.4951923076923077 0.21153846153846154 0.019230769230769232 0.03365384615384615
0 0.49278846153846156 0.26322115384615385 0.019230769230769232 0.036057692307692304
0 0.5120192307692307 0.2704326923076923 0.02403846153846154 0.038461538461538464
0 0.5144230769230769 0.3269230769230769 0.019230769230769232 0.038461538461538464
0 0.5300480769230769 0.3473557692307692 0.026442307692307692 0.04567307692307692
0 0.546875 0.3641826923076923 0.03365384615384615 0.055288461538461536
0 0.5721153846153846 0.35697115384615385 0.04326923076923077 0.08653846153846154
0 0.5456730769230769 0.32091346153846156 0.019230769230769232 0.036057692307692304
0 0.5480769230769231 0.25 0.014423076923076924 0.028846153846153848
0 0.5925480769230769 0.39663461538461536 0.04567307692307692 0.08653846153846154
0 0.59375 0.3125 0.02403846153846154 0.038461538461538464
0 0.5973557692307693 0.2283653846153846 0.016826923076923076 0.038461538461538464
0 0.5805288461538461 0.22235576923076922 0.019230769230769232 0.03125
0 0.5745192307692307 0.17427884615384615 0.019230769230769232 0.028846153846153848
0 0.5637019230769231 0.1346153846153846 0.019230769230769232 0.03365384615384615
0 0.6129807692307693 0.1658653846153846 0.014423076923076924 0.03365384615384615
0 0.6153846153846154 0.13942307692307693 0.019230769230769232 0.028846153846153848
0 0.640625 0.21875 0.019230769230769232 0.03365384615384615
0 0.6370192307692307 0.35336538461538464 0.02403846153846154 0.052884615384615384
0 0.6274038461538461 0.32572115384615385 0.02403846153846154 0.036057692307692304
0 0.65625 0.2548076923076923 0.02403846153846154 0.038461538461538464
0 0.6490384615384616 0.43149038461538464 0.04807692307692308 0.09134615384615384
0 0.6622596153846154 0.5048076923076923 0.06009615384615385 0.10576923076923077
0 0.6899038461538461 0.41586538461538464 0.04326923076923077 0.09134615384615384
0 0.71875 0.42788461538461536 0.04807692307692308 0.10096153846153846
0 0.7680288461538461 0.47716346153846156 0.0673076923076923 0.11538461538461539
0 0.7956730769230769 0.5625 0.08173076923076923 0.125
0 0.8485576923076923 0.35697115384615385 0.0673076923076923 0.0985576923076923
0 0.9495192307692307 0.5096153846153846 0.09615384615384616 0.15865384615384615
0 0.7728365384615384 0.39663461538461536 0.052884615384615384 0.08653846153846154
0 0.7415865384615384 0.32572115384615385 0.04807692307692308 0.08413461538461539
0 0.6935096153846154 0.34134615384615385 0.026442307692307692 0.038461538461538464
0 0.6862980769230769 0.3004807692307692 0.026442307692307692 0.03365384615384615
0 0.6947115384615384 0.2608173076923077 0.019230769230769232 0.036057692307692304
0 0.6959134615384616 0.21995192307692307 0.014423076923076924 0.03125
0 0.6634615384615384 0.12980769230769232 0.019230769230769232 0.028846153846153848
0 0.7175480769230769 0.13221153846153846 0.019230769230769232 0.02403846153846154
0 0.7283653846153846 0.18629807692307693 0.019230769230769232 0.03365384615384615
0 0.7560096153846154 0.203125 0.019230769230769232 0.03365384615384615
0 0.7680288461538461 0.2247596153846154 0.019230769230769232 0.03365384615384615
0 0.7932692307692307 0.28846153846153844 0.02403846153846154 0.04326923076923077
0 0.8004807692307693 0.23677884615384615 0.02403846153846154 0.04326923076923077
0 0.7896634615384616 0.15625 0.014423076923076924 0.028846153846153848
0 0.7728365384615384 0.1141826923076923 0.016826923076923076 0.028846153846153848
0 0.8112980769230769 0.12980769230769232 0.019230769230769232 0.028846153846153848
0 0.8257211538461539 0.23076923076923078 0.021634615384615384 0.04807692307692308
0 0.9302884615384616 0.265625 0.04326923076923077 0.06009615384615385
0 0.9146634615384616 0.21394230769230768 0.02403846153846154 0.04807692307692308