0 0.17307692307692307 0.546875 0.057692307692307696 0.09375
0 0.34615384615384615 0.6610576923076923 0.07692307692307693 0.1201923076923077
0 0.31490384615384615 0.9086538461538461 0.16826923076923078 0.17307692307692307
0 0.3557692307692308 0.5072115384615384 0.057692307692307696 0.08653846153846154
0 0.46274038461538464 0.4026442307692308 0.036057692307692304 0.06971153846153846
0 0.5024038461538461 0.5769230769230769 0.0625 0.09134615384615384
0 0.59375 0.453125 0.04326923076923077 0.0625
0 0.7175480769230769 0.7536057692307693 0.10096153846153846 0.17307692307692307
0 0.7163461538461539 0.46153846153846156 0.04326923076923077 0.0673076923076923
0 0.7584134615384616 0.4675480769230769 0.052884615384615384 0.10336538461538461
0 0.8197115384615384 0.40865384615384615 0.03365384615384615 0.04807692307692308
0 0.8557692307692307 0.45913461538461536 0.04326923076923077 0.09134615384615384
0 0.9110576923076923 0.4266826923076923 0.038461538461538464 0.06971153846153846