0 0.06009615384615385 0.2091346153846154 0.1201923076923077 0.23076923076923078
0 0.12740384615384615 0.11298076923076923 0.08653846153846154 0.14423076923076922
0 0.21875 0.13581730769230768 0.0673076923076923 0.14182692307692307
0 0.29086538461538464 0.20793269230769232 0.1201923076923077 0.1778846153846154
0 0.3473557692307692 0.12379807692307693 0.07211538461538461 0.12259615384615384
0 0.4879807692307692 0.15745192307692307 0.11057692307692307 0.15384615384615385
0 0.5793269230769231 0.1971153846153846 0.07211538461538461 0.125
0 0.6850961538461539 0.15144230769230768 0.0673076923076923 0.1346153846153846
0 0.796875 0.15264423076923078 0.08653846153846154 0.14423076923076922
0 0.8509615384615384 0.1141826923076923 0.057692307692307696 0.11538461538461539
0 0.9098557692307693 0.140625 0.0625 0.10576923076923077
0 0.9399038461538461 0.0829326923076923 0.0625 0.1201923076923077