0 0.021634615384615384 0.40625 0.02403846153846154 0.04807692307692308
0 0.23557692307692307 0.3401442307692308 0.019230769230769232 0.03365384615384615
0 0.2620192307692308 0.34975961538461536 0.019230769230769232 0.040865384615384616
0 0.2860576923076923 0.3641826923076923 0.019230769230769232 0.04807692307692308
0 0.2824519230769231 0.3088942307692308 0.019230769230769232 0.03365384615384615
0 0.33653846153846156 0.3629807692307692 0.02403846153846154 0.04807692307692308
0 0.3737980769230769 0.34975961538461536 0.019230769230769232 0.036057692307692304
0 0.3701923076923077 0.3245192307692308 0.019230769230769232 0.03365384615384615
0 0.3545673076923077 0.2932692307692308 0.016826923076923076 0.03365384615384615
0 0.40024038461538464 0.34134615384615385 0.019230769230769232 0.038461538461538464
0 0.4074519230769231 0.3016826923076923 0.014423076923076924 0.03125
0 0.39903846153846156 0.2776442307692308 0.019230769230769232 0.03125
0 0.38341346153846156 0.265625 0.014423076923076924 0.03125
0 0.4254807692307692 0.2824519230769231 0.019230769230769232 0.026442307692307692
0 0.43990384615384615 0.3076923076923077 0.019230769230769232 0.038461538461538464
0 0.4423076923076923 0.3401442307692308 0.019230769230769232 0.04326923076923077
0 0.4675480769230769 0.30649038461538464 0.019230769230769232 0.036057692307692304
0 0.4206730769230769 0.2620192307692308 0.014423076923076924 0.02403846153846154
0 0.45552884615384615 0.24759615384615385 0.014423076923076924 0.02403846153846154
0 0.4639423076923077 0.23798076923076922 0.014423076923076924 0.02403846153846154
0 0.4891826923076923 0.27403846153846156 0.019230769230769232 0.03365384615384615
0 0.5108173076923077 0.28125 0.019230769230769232 0.028846153846153848
0 0.515625 0.31490384615384615 0.019230769230769232 0.03365384615384615
0 0.5132211538461539 0.25240384615384615 0.014423076923076924 0.02403846153846154
0 0.5324519230769231 0.2548076923076923 0.016826923076923076 0.038461538461538464
0 0.5552884615384616 0.2860576923076923 0.014423076923076924 0.03365384615384615
0 0.5456730769230769 0.23076923076923078 0.014423076923076924 0.03365384615384615
0 0.5637019230769231 0.24639423076923078 0.014423076923076924 0.026442307692307692
0 0.5637019230769231 0.2283653846153846 0.01201923076923077 0.02403846153846154
0 0.5913461538461539 0.24879807692307693 0.009615384615384616 0.026442307692307692
0 0.5973557692307693 0.22716346153846154 0.01201923076923077 0.026442307692307692
0 0.6033653846153846 0.2091346153846154 0.014423076923076924 0.03365384615384615
0 0.6177884615384616 0.21875 0.014423076923076924 0.03365384615384615
0 0.6370192307692307 0.25 0.014423076923076924 0.028846153846153848
0 0.6454326923076923 0.23557692307692307 0.014423076923076924 0.028846153846153848
0 0.6514423076923077 0.22115384615384615 0.014423076923076924 0.019230769230769232
0 0.6634615384615384 0.22716346153846154 0.009615384615384616 0.028846153846153848
0 0.6778846153846154 0.23317307692307693 0.009615384615384616 0.028846153846153848
0 0.49759615384615385 0.3954326923076923 0.028846153846153848 0.06490384615384616
0 0.5372596153846154 0.40384615384615385 0.028846153846153848 0.057692307692307696
0 0.5336538461538461 0.36899038461538464 0.028846153846153848 0.04807692307692308
0 0.5576923076923077 0.2668269230769231 0.019230769230769232 0.02403846153846154
0 0.5853365384615384 0.328125 0.021634615384615384 0.040865384615384616
0 0.6021634615384616 0.3786057692307692 0.028846153846153848 0.052884615384615384
0 0.6045673076923077 0.4326923076923077 0.03365384615384615 0.0673076923076923
0 0.6610576923076923 0.44711538461538464 0.03365384615384615 0.0673076923076923
0 0.6550480769230769 0.3786057692307692 0.026442307692307692 0.055288461538461536
0 0.640625 0.33774038461538464 0.019230769230769232 0.040865384615384616
0 0.6262019230769231 0.29927884615384615 0.02403846153846154 0.040865384615384616
0 0.6730769230769231 0.2692307692307692 0.019230769230769232 0.038461538461538464
0 0.6947115384615384 0.25240384615384615 0.014423076923076924 0.028846153846153848
0 0.6730769230769231 0.31971153846153844 0.019230769230769232 0.038461538461538464
0 0.6850961538461539 0.34975961538461536 0.02403846153846154 0.04807692307692308
0 0.7067307692307693 0.5072115384615384 0.038461538461538464 0.09134615384615384
0 0.7127403846153846 0.296875 0.021634615384615384 0.04326923076923077
0 0.7367788461538461 0.27283653846153844 0.016826923076923076 0.03125
0 0.7331730769230769 0.22235576923076922 0.014423076923076924 0.03125
0 0.7560096153846154 0.2848557692307692 0.014423076923076924 0.036057692307692304
0 0.7632211538461539 0.26322115384615385 0.016826923076923076 0.036057692307692304
0 0.7716346153846154 0.23197115384615385 0.014423076923076924 0.03125
0 0.7992788461538461 0.25 0.016826923076923076 0.03365384615384615
0 0.8040865384615384 0.3016826923076923 0.021634615384615384 0.03365384615384615
0 0.8088942307692307 0.27524038461538464 0.016826923076923076 0.03365384615384615
0 0.8004807692307693 0.36538461538461536 0.02403846153846154 0.04807692307692308
0 0.7788461538461539 0.40625 0.028846153846153848 0.052884615384615384
0 0.7319711538461539 0.4074519230769231 0.028846153846153848 0.052884615384615384
0 0.8257211538461539 0.5192307692307693 0.036057692307692304 0.0673076923076923
0 0.8329326923076923 0.4483173076923077 0.028846153846153848 0.057692307692307696
0 0.8461538461538461 0.4182692307692308 0.019230769230769232 0.04807692307692308
0 0.8605769230769231 0.3701923076923077 0.019230769230769232 0.052884615384615384
0 0.8954326923076923 0.4675480769230769 0.028846153846153848 0.0673076923076923
0 0.9014423076923077 0.39783653846153844 0.02403846153846154 0.055288461538461536
0 0.9122596153846154 0.35697115384615385 0.019230769230769232 0.036057692307692304
0 0.9098557692307693 0.33052884615384615 0.016826923076923076 0.036057692307692304
0 0.9194711538461539 0.3161057692307692 0.014423076923076924 0.028846153846153848
0 0.9206730769230769 0.28365384615384615 0.014423076923076924 0.028846153846153848
0 0.8810096153846154 0.29447115384615385 0.016826923076923076 0.036057692307692304
0 0.8605769230769231 0.31850961538461536 0.019230769230769232 0.036057692307692304
0 0.8329326923076923 0.3137019230769231 0.016826923076923076 0.040865384615384616
0 0.8413461538461539 0.2860576923076923 0.019230769230769232 0.03365384615384615
0 0.8353365384615384 0.2548076923076923 0.014423076923076924 0.028846153846153848
0 0.8473557692307693 0.265625 0.01201923076923077 0.03125
0 0.8617788461538461 0.25961538461538464 0.014423076923076924 0.028846153846153848