0 0.07211538461538461 0.4362980769230769 0.04807692307692308 0.0985576923076923
0 0.25 0.2776442307692308 0.019230769230769232 0.03365384615384615
0 0.29086538461538464 0.2692307692307692 0.019230769230769232 0.04326923076923077
0 0.3016826923076923 0.2536057692307692 0.019230769230769232 0.040865384615384616
0 0.31850961538461536 0.21153846153846154 0.016826923076923076 0.03365384615384615
0 0.33052884615384615 0.23798076923076922 0.02403846153846154 0.04807692307692308
0 0.3473557692307692 0.2668269230769231 0.016826923076923076 0.03365384615384615
0 0.33413461538461536 0.28125 0.014423076923076924 0.03365384615384615
0 0.42908653846153844 0.25961538461538464 0.026442307692307692 0.04807692307692308
0 0.34975961538461536 0.2091346153846154 0.016826923076923076 0.03365384615384615
0 0.36899038461538464 0.2091346153846154 0.016826923076923076 0.03365384615384615
0 0.3786057692307692 0.21153846153846154 0.016826923076923076 0.038461538461538464
0 0.39903846153846156 0.20072115384615385 0.019230769230769232 0.036057692307692304
0 0.4254807692307692 0.20673076923076922 0.014423076923076924 0.03365384615384615
0 0.4098557692307692 0.1658653846153846 0.019230769230769232 0.028846153846153848
0 0.42788461538461536 0.1778846153846154 0.019230769230769232 0.038461538461538464
0 0.4579326923076923 0.21153846153846154 0.016826923076923076 0.038461538461538464
0 0.4411057692307692 0.19471153846153846 0.019230769230769232 0.03365384615384615
0 0.4579326923076923 0.1622596153846154 0.014423076923076924 0.03125
0 0.46634615384615385 0.18389423076923078 0.019230769230769232 0.03365384615384615
0 0.49158653846153844 0.21754807692307693 0.028846153846153848 0.04326923076923077
0 0.5168269230769231 0.203125 0.019230769230769232 0.04326923076923077
0 0.4807692307692308 0.15865384615384615 0.014423076923076924 0.028846153846153848
0 0.4519230769230769 0.13942307692307693 0.009615384615384616 0.028846153846153848
0 0.46875 0.1466346153846154 0.014423076923076924 0.02403846153846154
0 0.48677884615384615 0.12860576923076922 0.01201923076923077 0.021634615384615384
0 0.515625 0.15144230769230768 0.014423076923076924 0.03365384615384615
0 0.5516826923076923 0.1466346153846154 0.019230769230769232 0.03365384615384615
0 0.5336538461538461 0.13221153846153846 0.014423076923076924 0.03365384615384615
0 0.5576923076923077 0.10817307692307693 0.009615384615384616 0.02403846153846154
0 0.5709134615384616 0.17548076923076922 0.019230769230769232 0.03365384615384615
0 0.578125 0.15144230769230768 0.019230769230769232 0.03365384615384615
0 0.5901442307692307 0.11658653846153846 0.014423076923076924 0.026442307692307692
0 0.5877403846153846 0.09615384615384616 0.014423076923076924 0.019230769230769232
0 0.6213942307692307 0.12980769230769232 0.014423076923076924 0.028846153846153848
0 0.625 0.09375 0.009615384615384616 0.02403846153846154
0 0.6418269230769231 0.09735576923076923 0.014423076923076924 0.026442307692307692
0 0.65625 0.11298076923076923 0.014423076923076924 0.03365384615384615
0 0.6730769230769231 0.109375 0.019230769230769232 0.036057692307692304
0 0.6947115384615384 0.09134615384615384 0.014423076923076924 0.038461538461538464
0 0.4879807692307692 0.2956730769230769 0.028846153846153848 0.052884615384615384
0 0.5456730769230769 0.2956730769230769 0.03365384615384615 0.057692307692307696
0 0.6105769230769231 0.31971153846153844 0.038461538461538464 0.07211538461538461
0 0.5649038461538461 0.24639423076923078 0.02403846153846154 0.05048076923076923
0 0.6117788461538461 0.25240384615384615 0.02403846153846154 0.052884615384615384
0 0.6081730769230769 0.19110576923076922 0.02403846153846154 0.04567307692307692
0 0.6526442307692307 0.19471153846153846 0.02403846153846154 0.04326923076923077
0 0.6586538461538461 0.1658653846153846 0.019230769230769232 0.03365384615384615
0 0.6935096153846154 0.16947115384615385 0.019230769230769232 0.040865384615384616
0 0.6911057692307693 0.13822115384615385 0.016826923076923076 0.03125
0 0.7055288461538461 0.13341346153846154 0.016826923076923076 0.03125
0 0.6983173076923077 0.21514423076923078 0.021634615384615384 0.04567307692307692
0 0.671875 0.23677884615384615 0.02403846153846154 0.04807692307692308
0 0.6730769230769231 0.31850961538461536 0.038461538461538464 0.07692307692307693
0 0.7163461538461539 0.2692307692307692 0.038461538461538464 0.0625
0 0.7307692307692307 0.15384615384615385 0.019230769230769232 0.038461538461538464
0 0.7427884615384616 0.12980769230769232 0.014423076923076924 0.028846153846153848
0 0.7427884615384616 0.11177884615384616 0.014423076923076924 0.02403846153846154
0 0.7704326923076923 0.12259615384615384 0.01201923076923077 0.02403846153846154
0 0.7451923076923077 0.19591346153846154 0.019230769230769232 0.040865384615384616
0 0.7668269230769231 0.21875 0.02403846153846154 0.057692307692307696
0 0.7536057692307693 0.1622596153846154 0.016826923076923076 0.040865384615384616
0 0.7920673076923077 0.2932692307692308 0.028846153846153848 0.0673076923076923
0 0.8088942307692307 0.234375 0.021634615384615384 0.057692307692307696
0 0.7980769230769231 0.16947115384615385 0.019230769230769232 0.04567307692307692
0 0.7920673076923077 0.12980769230769232 0.014423076923076924 0.028846153846153848
0 0.7836538461538461 0.11538461538461539 0.014423076923076924 0.028846153846153848
0 0.8028846153846154 0.1201923076923077 0.009615384615384616 0.028846153846153848
0 0.8221153846153846 0.13701923076923078 0.019230769230769232 0.03365384615384615
0 0.8497596153846154 0.18028846153846154 0.019230769230769232 0.04326923076923077
0 0.8497596153846154 0.1466346153846154 0.019230769230769232 0.038461538461538464
0 0.8701923076923077 0.21995192307692307 0.019230769230769232 0.052884615384615384
0 0.9002403846153846 0.19951923076923078 0.021634615384615384 0.04326923076923077
0 0.9278846153846154 0.1935096153846154 0.019230769230769232 0.040865384615384616
0 0.9302884615384616 0.15384615384615385 0.019230769230769232 0.028846153846153848
0 0.8978365384615384 0.13942307692307693 0.01201923076923077 0.028846153846153848
0 0.8894230769230769 0.15625 0.014423076923076924 0.03365384615384615
0 0.8822115384615384 0.13822115384615385 0.014423076923076924 0.028846153846153848