0 0.20072115384615385 0.22596153846153846 0.016826923076923076 0.038461538461538464
0 0.2439903846153846 0.20072115384615385 0.019230769230769232 0.05048076923076923
0 0.31850961538461536 0.21033653846153846 0.016826923076923076 0.04326923076923077
0 0.359375 0.20552884615384615 0.016826923076923076 0.040865384615384616
0 0.3798076923076923 0.15865384615384615 0.019230769230769232 0.038461538461538464
0 0.41586538461538464 0.14903846153846154 0.019230769230769232 0.04326923076923077
0 0.42427884615384615 0.21875 0.026442307692307692 0.0625
0 0.4675480769230769 0.10096153846153846 0.014423076923076924 0.02403846153846154
0 0.47836538461538464 0.20793269230769232 0.02403846153846154 0.057692307692307696
0 0.5132211538461539 0.12379807692307693 0.016826923076923076 0.02403846153846154
0 0.47716346153846156 0.12860576923076922 0.021634615384615384 0.038461538461538464
0 0.5300480769230769 0.15625 0.016826923076923076 0.03365384615384615
0 0.546875 0.13942307692307693 0.016826923076923076 0.038461538461538464
0 0.44591346153846156 0.3545673076923077 0.040865384615384616 0.08173076923076923
0 0.5576923076923077 0.2800480769230769 0.04807692307692308 0.08653846153846154
0 0.6225961538461539 0.23197115384615385 0.02403846153846154 0.04807692307692308
0 0.6730769230769231 0.3317307692307692 0.03365384615384615 0.0673076923076923
0 0.5829326923076923 0.15745192307692307 0.019230769230769232 0.04567307692307692
0 0.6682692307692307 0.08413461538461539 0.019230769230769232 0.038461538461538464
0 0.6887019230769231 0.07692307692307693 0.016826923076923076 0.038461538461538464
0 0.6646634615384616 0.12620192307692307 0.026442307692307692 0.03125
0 0.6165865384615384 0.1466346153846154 0.026442307692307692 0.04807692307692308
0 0.6995192307692307 0.19591346153846154 0.02403846153846154 0.04807692307692308
0 0.7199519230769231 0.23677884615384615 0.026442307692307692 0.04326923076923077
0 0.7247596153846154 0.29927884615384615 0.028846153846153848 0.052884615384615384
0 0.7451923076923077 0.36778846153846156 0.028846153846153848 0.0673076923076923
0 0.7608173076923077 0.13701923076923078 0.014423076923076924 0.04326923076923077
0 0.7788461538461539 0.1346153846153846 0.019230769230769232 0.03365384615384615
0 0.7475961538461539 0.20432692307692307 0.02403846153846154 0.04807692307692308
0 0.7788461538461539 0.17427884615384615 0.02403846153846154 0.040865384615384616
0 0.7620192307692307 0.25841346153846156 0.02403846153846154 0.04807692307692308
0 0.8016826923076923 0.21634615384615385 0.019230769230769232 0.038461538461538464
0 0.8028846153846154 0.15384615384615385 0.014423076923076924 0.038461538461538464
0 0.8197115384615384 0.25 0.02403846153846154 0.04807692307692308
0 0.8221153846153846 0.36778846153846156 0.028846153846153848 0.08653846153846154
0 0.8353365384615384 0.3137019230769231 0.021634615384615384 0.04807692307692308
0 0.8689903846153846 0.44471153846153844 0.026442307692307692 0.07211538461538461
0 0.8665865384615384 0.2764423076923077 0.021634615384615384 0.057692307692307696
0 0.8810096153846154 0.24639423076923078 0.019230769230769232 0.040865384615384616
0 0.9411057692307693 0.2283653846153846 0.019230769230769232 0.038461538461538464
0 0.9278846153846154 0.2824519230769231 0.019230769230769232 0.04807692307692308
0 0.7271634615384616 0.1466346153846154 0.019230769230769232 0.04326923076923077
0 0.7415865384615384 0.15384615384615385 0.02403846153846154 0.04326923076923077
0 0.5721153846153846 0.07572115384615384 0.019230769230769232 0.03125
0 0.5925480769230769 0.078125 0.019230769230769232 0.028846153846153848
0 0.6129807692307693 0.0733173076923077 0.019230769230769232 0.04326923076923077
0 0.453125 0.13822115384615385 0.026442307692307692 0.03365384615384615
0 0.4326923076923077 0.15144230769230768 0.028846153846153848 0.03365384615384615
0 0.5612980769230769 0.1502403846153846 0.02403846153846154 0.04807692307692308