0 0.1201923076923077 0.6706730769230769 0.10576923076923077 0.2403846153846154
0 0.10336538461538461 0.5661057692307693 0.08173076923076923 0.1346153846153846
0 0.08173076923076923 0.42788461538461536 0.038461538461538464 0.08653846153846154
0 0.09975961538461539 0.39903846153846156 0.028846153846153848 0.07211538461538461
0 0.15264423076923078 0.41947115384615385 0.026442307692307692 0.0625
0 0.14302884615384615 0.3786057692307692 0.02403846153846154 0.04326923076923077
0 0.18269230769230768 0.41466346153846156 0.028846153846153848 0.06009615384615385
0 0.19591346153846154 0.4519230769230769 0.04567307692307692 0.07692307692307693
0 0.25 0.4074519230769231 0.028846153846153848 0.055288461538461536
0 0.24759615384615385 0.515625 0.052884615384615384 0.11538461538461539
0 0.3641826923076923 0.5817307692307693 0.0625 0.14423076923076922
0 0.41947115384615385 0.65625 0.10336538461538461 0.1875
0 0.3701923076923077 0.4110576923076923 0.028846153846153848 0.07211538461538461
0 0.38822115384615385 0.4110576923076923 0.028846153846153848 0.052884615384615384
0 0.4074519230769231 0.4362980769230769 0.03365384615384615 0.057692307692307696
0 0.4326923076923077 0.4050480769230769 0.019230769230769232 0.05048076923076923
0 0.45913461538461536 0.44350961538461536 0.03365384615384615 0.06009615384615385
0 0.4987980769230769 0.4423076923076923 0.026442307692307692 0.04807692307692308
0 0.5432692307692307 0.46875 0.038461538461538464 0.08173076923076923
0 0.5396634615384616 0.4110576923076923 0.021634615384615384 0.04326923076923077
0 0.5168269230769231 0.41346153846153844 0.019230769230769232 0.038461538461538464
0 0.5528846153846154 0.4206730769230769 0.019230769230769232 0.04326923076923077
0 0.5997596153846154 0.421875 0.02403846153846154 0.04567307692307692
0 0.6177884615384616 0.5024038461538461 0.03365384615384615 0.07211538461538461
0 0.6153846153846154 0.44711538461538464 0.019230769230769232 0.038461538461538464
0 0.6334134615384616 0.4266826923076923 0.016826923076923076 0.04807692307692308
0 0.6610576923076923 0.43990384615384615 0.02403846153846154 0.052884615384615384
0 0.6766826923076923 0.46153846153846156 0.02403846153846154 0.052884615384615384
0 0.7139423076923077 0.5060096153846154 0.052884615384615384 0.11778846153846154
0 0.7379807692307693 0.46274038461538464 0.02403846153846154 0.055288461538461536
0 0.6899038461538461 0.421875 0.014423076923076924 0.038461538461538464
0 0.7295673076923077 0.4266826923076923 0.021634615384615384 0.038461538461538464
0 0.7872596153846154 0.4879807692307692 0.040865384615384616 0.07692307692307693
0 0.78125 0.4423076923076923 0.019230769230769232 0.038461538461538464
0 0.8040865384615384 0.4519230769230769 0.02403846153846154 0.057692307692307696
0 0.8004807692307693 0.5576923076923077 0.04326923076923077 0.09615384615384616
0 0.8653846153846154 0.5721153846153846 0.08173076923076923 0.11057692307692307
0 0.8377403846153846 0.5 0.03365384615384615 0.08173076923076923
0 0.8257211538461539 0.4483173076923077 0.02403846153846154 0.0625
0 0.8858173076923077 0.4675480769230769 0.028846153846153848 0.06490384615384616
0 0.9387019230769231 0.5697115384615384 0.06490384615384616 0.1201923076923077
0 0.9591346153846154 0.5216346153846154 0.04326923076923077 0.08173076923076923
0 0.9879807692307693 0.5192307692307693 0.019230769230769232 0.08653846153846154
0 0.9711538461538461 0.4699519230769231 0.028846153846153848 0.0625
0 0.9254807692307693 0.46875 0.03365384615384615 0.0673076923076923