0 0.75 0.7055288461538461 0.12980769230769232 0.2091346153846154
0 0.43990384615384615 0.7475961538461539 0.15865384615384615 0.1971153846153846
0 0.4831730769230769 0.6286057692307693 0.11057692307692307 0.14903846153846154
0 0.21514423076923078 0.6490384615384616 0.12259615384615384 0.13942307692307693
0 0.3329326923076923 0.5348557692307693 0.0889423076923077 0.11778846153846154
0 0.21394230769230768 0.5372596153846154 0.07211538461538461 0.10576923076923077
0 0.1778846153846154 0.46875 0.04807692307692308 0.08173076923076923
0 0.13942307692307693 0.4230769230769231 0.04807692307692308 0.0673076923076923
0 0.1310096153846154 0.5084134615384616 0.06490384615384616 0.08413461538461539
0 0.11778846153846154 0.5877403846153846 0.08173076923076923 0.12259615384615384
0 0.046875 0.49158653846153844 0.057692307692307696 0.08413461538461539
0 0.03245192307692308 0.44711538461538464 0.040865384615384616 0.052884615384615384
0 0.22596153846153846 0.42427884615384615 0.04326923076923077 0.06009615384615385
0 0.296875 0.4387019230769231 0.04326923076923077 0.0673076923076923
0 0.31490384615384615 0.4182692307692308 0.03365384615384615 0.0673076923076923
0 0.3545673076923077 0.4387019230769231 0.04326923076923077 0.07932692307692307
0 0.40384615384615385 0.4375 0.038461538461538464 0.0625
0 0.4651442307692308 0.4567307692307692 0.04326923076923077 0.08173076923076923
0 0.4831730769230769 0.4495192307692308 0.03365384615384615 0.07211538461538461
0 0.5084134615384616 0.40625 0.036057692307692304 0.057692307692307696
0 0.46033653846153844 0.34975961538461536 0.038461538461538464 0.0673076923076923
0 0.5649038461538461 0.4735576923076923 0.0625 0.07692307692307693
0 0.5925480769230769 0.4639423076923077 0.04326923076923077 0.08173076923076923
0 0.5913461538461539 0.4254807692307692 0.03365384615384615 0.052884615384615384
0 0.5829326923076923 0.4014423076923077 0.03365384615384615 0.057692307692307696
0 0.6141826923076923 0.3918269230769231 0.038461538461538464 0.057692307692307696
0 0.6502403846153846 0.3918269230769231 0.028846153846153848 0.04807692307692308
0 0.6826923076923077 0.4338942307692308 0.038461538461538464 0.0625
0 0.7307692307692307 0.4891826923076923 0.057692307692307696 0.09134615384615384
0 0.8677884615384616 0.47836538461538464 0.057692307692307696 0.10096153846153846
0 0.9507211538461539 0.5288461538461539 0.08173076923076923 0.125
0 0.9747596153846154 0.4387019230769231 0.04326923076923077 0.09134615384615384
0 0.984375 0.359375 0.026442307692307692 0.05048076923076923
0 0.9411057692307693 0.38461538461538464 0.038461538461538464 0.0673076923076923
0 0.9014423076923077 0.3737980769230769 0.03365384615384615 0.055288461538461536
0 0.8533653846153846 0.40625 0.03365384615384615 0.052884615384615384
0 0.8401442307692307 0.3858173076923077 0.03125 0.052884615384615384
0 0.8365384615384616 0.3605769230769231 0.028846153846153848 0.038461538461538464
0 0.8004807692307693 0.4206730769230769 0.04326923076923077 0.0673076923076923
0 0.7524038461538461 0.4014423076923077 0.038461538461538464 0.057692307692307696
0 0.7055288461538461 0.3858173076923077 0.036057692307692304 0.057692307692307696