0 0.1953125 0.3890625 0.0359375 0.05859375
0 0.1 0.55859375 0.0703125 0.11484375
0 0.18359375 0.52265625 0.05546875 0.0796875
0 0.2421875 0.60546875 0.09140625 0.14375
0 0.29609375 0.525 0.0515625 0.08515625
0 0.36015625 0.53359375 0.053125 0.090625
0 0.07421875 0.825 0.1375 0.2640625
0 0.50390625 0.63984375 0.078125 0.14921875
0 0.51015625 0.534375 0.06484375 0.0984375
0 0.509375 0.36640625 0.03203125 0.06171875
0 0.7015625 0.47734375 0.03984375 0.05859375
0 0.72890625 0.5359375 0.059375 0.090625
0 0.796875 0.46953125 0.04375 0.06953125