0 0.16466346153846154 0.8173076923076923 0.15625 0.25961538461538464
0 0.27403846153846156 0.90625 0.15384615384615385 0.18269230769230768
0 0.09495192307692307 0.5420673076923077 0.04326923076923077 0.06009615384615385
0 0.1141826923076923 0.5625 0.028846153846153848 0.057692307692307696
0 0.15504807692307693 0.5528846153846154 0.03125 0.04807692307692308
0 0.171875 0.5180288461538461 0.03125 0.04807692307692308
0 0.22115384615384615 0.5288461538461539 0.03365384615384615 0.04326923076923077
0 0.234375 0.5108173076923077 0.026442307692307692 0.04567307692307692
0 0.25 0.5252403846153846 0.028846153846153848 0.040865384615384616
0 0.33533653846153844 0.4579326923076923 0.02403846153846154 0.038461538461538464
0 0.359375 0.5360576923076923 0.040865384615384616 0.07211538461538461
0 0.3701923076923077 0.5228365384615384 0.03365384615384615 0.052884615384615384
0 0.4495192307692308 0.5228365384615384 0.03365384615384615 0.052884615384615384
0 0.44350961538461536 0.5853365384615384 0.04326923076923077 0.07211538461538461
0 0.49158653846153844 0.5420673076923077 0.036057692307692304 0.06490384615384616
0 0.5264423076923077 0.5540865384615384 0.04326923076923077 0.07692307692307693
0 0.5661057692307693 0.5733173076923077 0.06490384615384616 0.09615384615384616
0 0.6598557692307693 0.6550480769230769 0.13221153846153846 0.19951923076923078
0 0.6730769230769231 0.46274038461538464 0.019230769230769232 0.04567307692307692
0 0.71875 0.45072115384615385 0.03365384615384615 0.04807692307692308
0 0.7728365384615384 0.5408653846153846 0.03125 0.052884615384615384
0 0.7980769230769231 0.5420673076923077 0.03365384615384615 0.057692307692307696
0 0.8653846153846154 0.59375 0.057692307692307696 0.09134615384615384
0 0.9423076923076923 0.5949519230769231 0.057692307692307696 0.10336538461538461
0 0.9230769230769231 0.7367788461538461 0.1346153846153846 0.2283653846153846
0 0.796875 0.8653846153846154 0.11538461538461539 0.1971153846153846