0 0.24879807692307693 0.23557692307692307 0.021634615384615384 0.038461538461538464
0 0.3112980769230769 0.21634615384615385 0.021634615384615384 0.038461538461538464
0 0.32572115384615385 0.23918269230769232 0.021634615384615384 0.040865384615384616
0 0.328125 0.18028846153846154 0.016826923076923076 0.038461538461538464
0 0.3425480769230769 0.17307692307692307 0.019230769230769232 0.04807692307692308
0 0.35697115384615385 0.23197115384615385 0.026442307692307692 0.04567307692307692
0 0.3858173076923077 0.2668269230769231 0.02403846153846154 0.04326923076923077
0 0.38100961538461536 0.23076923076923078 0.02403846153846154 0.038461538461538464
0 0.3918269230769231 0.18629807692307693 0.02403846153846154 0.038461538461538464
0 0.375 0.15985576923076922 0.019230769230769232 0.036057692307692304
0 0.3786057692307692 0.14903846153846154 0.014423076923076924 0.028846153846153848
0 0.41947115384615385 0.15144230769230768 0.019230769230769232 0.038461538461538464
0 0.4375 0.14903846153846154 0.019230769230769232 0.038461538461538464
0 0.45072115384615385 0.19230769230769232 0.02403846153846154 0.04807692307692308
0 0.4675480769230769 0.20432692307692307 0.021634615384615384 0.04807692307692308
0 0.47596153846153844 0.13942307692307693 0.019230769230769232 0.03365384615384615
0 0.4699519230769231 0.16346153846153846 0.019230769230769232 0.03365384615384615
0 0.4855769230769231 0.18269230769230768 0.019230769230769232 0.038461538461538464
0 0.5216346153846154 0.16826923076923078 0.02403846153846154 0.038461538461538464
0 0.47716346153846156 0.09975961538461539 0.014423076923076924 0.028846153846153848
0 0.5228365384615384 0.12620192307692307 0.019230769230769232 0.04567307692307692
0 0.5432692307692307 0.12740384615384615 0.02403846153846154 0.04326923076923077
0 0.5564903846153846 0.11538461538461539 0.016826923076923076 0.03365384615384615
0 0.5552884615384616 0.08413461538461539 0.014423076923076924 0.03365384615384615
0 0.5769230769230769 0.08653846153846154 0.014423076923076924 0.028846153846153848
0 0.5973557692307693 0.125 0.019230769230769232 0.038461538461538464
0 0.5997596153846154 0.0985576923076923 0.014423076923076924 0.02403846153846154
0 0.6310096153846154 0.0985576923076923 0.016826923076923076 0.03365384615384615
0 0.640625 0.08413461538461539 0.014423076923076924 0.028846153846153848
0 0.671875 0.09134615384615384 0.019230769230769232 0.028846153846153848
0 0.5733173076923077 0.140625 0.021634615384615384 0.040865384615384616
0 0.5012019230769231 0.26322115384615385 0.02403846153846154 0.057692307692307696
0 0.5444711538461539 0.21033653846153846 0.02403846153846154 0.055288461538461536
0 0.5709134615384616 0.25721153846153844 0.028846153846153848 0.0673076923076923
0 0.5997596153846154 0.24519230769230768 0.026442307692307692 0.057692307692307696
0 0.6057692307692307 0.32211538461538464 0.03365384615384615 0.07211538461538461
0 0.6478365384615384 0.23677884615384615 0.026442307692307692 0.057692307692307696
0 0.6201923076923077 0.15625 0.019230769230769232 0.04326923076923077
0 0.6526442307692307 0.1658653846153846 0.021634615384615384 0.04326923076923077
0 0.6923076923076923 0.15504807692307693 0.019230769230769232 0.040865384615384616
0 0.6862980769230769 0.12259615384615384 0.019230769230769232 0.038461538461538464
0 0.7019230769230769 0.11177884615384616 0.019230769230769232 0.040865384615384616
0 0.7151442307692307 0.1466346153846154 0.019230769230769232 0.04326923076923077
0 0.7043269230769231 0.2800480769230769 0.028846153846153848 0.055288461538461536
0 0.7043269230769231 0.22355769230769232 0.028846153846153848 0.052884615384615384
0 0.7524038461538461 0.20192307692307693 0.02403846153846154 0.057692307692307696
0 0.7439903846153846 0.28846153846153844 0.028846153846153848 0.057692307692307696
0 0.8329326923076923 0.27524038461538464 0.026442307692307692 0.06490384615384616
0 0.8353365384615384 0.23677884615384615 0.021634615384615384 0.04807692307692308
0 0.8329326923076923 0.1814903846153846 0.021634615384615384 0.04326923076923077
0 0.7980769230769231 0.15264423076923078 0.019230769230769232 0.04567307692307692
0 0.7740384615384616 0.18269230769230768 0.019230769230769232 0.04807692307692308
0 0.7367788461538461 0.15745192307692307 0.019230769230769232 0.03365384615384615
0 0.7247596153846154 0.09615384615384616 0.014423076923076924 0.03365384615384615
0 0.7355769230769231 0.1310096153846154 0.019230769230769232 0.028846153846153848
0 0.7548076923076923 0.10096153846153846 0.014423076923076924 0.03365384615384615
0 0.7692307692307693 0.12139423076923077 0.014423076923076924 0.03125
0 0.8161057692307693 0.10216346153846154 0.016826923076923076 0.03365384615384615
0 0.8365384615384616 0.125 0.014423076923076924 0.038461538461538464
0 0.8762019230769231 0.15384615384615385 0.019230769230769232 0.038461538461538464
0 0.9050480769230769 0.24278846153846154 0.02403846153846154 0.057692307692307696
0 0.8990384615384616 0.18990384615384615 0.019230769230769232 0.04326923076923077
0 0.8786057692307693 0.1310096153846154 0.016826923076923076 0.036057692307692304