0 0.24158653846153846 0.4375 0.036057692307692304 0.057692307692307696
0 0.16466346153846154 0.5913461538461539 0.052884615384615384 0.0673076923076923
0 0.296875 0.6141826923076923 0.0673076923076923 0.0889423076923077
0 0.3605769230769231 0.5540865384615384 0.052884615384615384 0.06009615384615385
0 0.5120192307692307 0.5661057692307693 0.052884615384615384 0.07932692307692307
0 0.6021634615384616 0.6670673076923077 0.10096153846153846 0.14423076923076922
0 0.5240384615384616 0.5456730769230769 0.03365384615384615 0.04326923076923077
0 0.6971153846153846 0.5661057692307693 0.057692307692307696 0.06490384615384616
0 0.7043269230769231 0.5372596153846154 0.03365384615384615 0.038461538461538464
0 0.7704326923076923 0.5793269230769231 0.055288461538461536 0.08653846153846154
0 0.7884615384615384 0.5372596153846154 0.03365384615384615 0.04807692307692308
0 0.8461538461538461 0.5384615384615384 0.03365384615384615 0.057692307692307696
0 0.8737980769230769 0.5348557692307693 0.04326923076923077 0.07692307692307693
0 0.9002403846153846 0.5144230769230769 0.02403846153846154 0.04807692307692308
0 0.9350961538461539 0.546875 0.038461538461538464 0.06971153846153846
0 0.9387019230769231 0.7848557692307693 0.1201923076923077 0.23798076923076922