0 0.06129807692307692 0.5793269230769231 0.10817307692307693 0.22596153846153846
0 0.2403846153846154 0.40625 0.08653846153846154 0.16346153846153846
0 0.30408653846153844 0.3137019230769231 0.06971153846153846 0.14423076923076922
0 0.328125 0.6778846153846154 0.14423076923076922 0.28846153846153844
0 0.4050480769230769 0.3004807692307692 0.04807692307692308 0.10096153846153846
0 0.4987980769230769 0.28966346153846156 0.05048076923076923 0.10096153846153846
0 0.6033653846153846 0.23918269230769232 0.04326923076923077 0.09134615384615384
0 0.6298076923076923 0.6153846153846154 0.10576923076923077 0.23076923076923078
0 0.6430288461538461 0.46875 0.09134615384615384 0.15865384615384615
0 0.8064903846153846 0.3401442307692308 0.0625 0.12740384615384615
0 0.8677884615384616 0.39663461538461536 0.08173076923076923 0.15865384615384615
0 0.8473557692307693 0.3112980769230769 0.04807692307692308 0.09375
0 0.8521634615384616 0.2620192307692308 0.04807692307692308 0.08173076923076923