0 0.1622596153846154 0.5733173076923077 0.0889423076923077 0.15144230769230768
0 0.23798076923076922 0.5360576923076923 0.057692307692307696 0.09615384615384616
0 0.2824519230769231 0.43509615384615385 0.0673076923076923 0.09134615384615384
0 0.4326923076923077 0.5204326923076923 0.10096153846153846 0.16346153846153846
0 0.5877403846153846 0.8197115384615384 0.11057692307692307 0.17307692307692307
0 0.78125 0.7163461538461539 0.08173076923076923 0.14423076923076922
0 0.8713942307692307 0.5805288461538461 0.0625 0.12740384615384615
0 0.9350961538461539 0.6430288461538461 0.07211538461538461 0.10576923076923077
0 0.953125 0.8401442307692307 0.0889423076923077 0.25721153846153844
0 0.054086538461538464 0.6502403846153846 0.0673076923076923 0.14903846153846154
0 0.29086538461538464 0.36658653846153844 0.052884615384615384 0.09375
0 0.33774038461538464 0.3173076923076923 0.057692307692307696 0.08653846153846154
0 0.5252403846153846 0.35216346153846156 0.038461538461538464 0.07451923076923077
0 0.5829326923076923 0.40865384615384615 0.05048076923076923 0.07692307692307693
0 0.640625 0.4651442307692308 0.05048076923076923 0.07692307692307693
0 0.6189903846153846 0.5288461538461539 0.0625 0.08173076923076923
0 0.20432692307692307 0.203125 0.04326923076923077 0.06971153846153846
0 0.20192307692307693 0.3425480769230769 0.052884615384615384 0.08173076923076923
0 0.018028846153846152 0.20192307692307693 0.036057692307692304 0.07692307692307693