0 0.12980769230769232 0.7463942307692307 0.15865384615384615 0.2980769230769231
0 0.21514423076923078 0.5336538461538461 0.07932692307692307 0.15384615384615385
0 0.35096153846153844 0.4987980769230769 0.0673076923076923 0.12980769230769232
0 0.4098557692307692 0.5637019230769231 0.09134615384615384 0.14423076923076922
0 0.4423076923076923 0.4567307692307692 0.04807692307692308 0.09615384615384616
0 0.49399038461538464 0.515625 0.0625 0.10576923076923077
0 0.7872596153846154 0.6105769230769231 0.07451923076923077 0.125
0 0.8701923076923077 0.5709134615384616 0.09615384615384616 0.16826923076923078
0 0.8137019230769231 0.48677884615384615 0.05048076923076923 0.09375
0 0.7848557692307693 0.4423076923076923 0.04807692307692308 0.09615384615384616
0 0.7572115384615384 0.2848557692307692 0.04807692307692308 0.07932692307692307
0 0.9350961538461539 0.47596153846153844 0.0625 0.11538461538461539