0 0.06610576923076923 0.6754807692307693 0.08173076923076923 0.12980769230769232
0 0.02403846153846154 0.6141826923076923 0.028846153846153848 0.052884615384615384
0 0.17908653846153846 0.7908653846153846 0.10576923076923077 0.16826923076923078
0 0.203125 0.6730769230769231 0.06009615384615385 0.07692307692307693
0 0.14903846153846154 0.6237980769230769 0.028846153846153848 0.052884615384615384
0 0.12139423076923077 0.6550480769230769 0.028846153846153848 0.040865384615384616
0 0.28365384615384615 0.6706730769230769 0.0673076923076923 0.10576923076923077
0 0.3737980769230769 0.6586538461538461 0.04326923076923077 0.07692307692307693
0 0.4579326923076923 0.5384615384615384 0.03365384615384615 0.0673076923076923
0 0.5264423076923077 0.6586538461538461 0.028846153846153848 0.04807692307692308
0 0.5564903846153846 0.6802884615384616 0.04326923076923077 0.052884615384615384
0 0.6298076923076923 0.6935096153846154 0.057692307692307696 0.08413461538461539
0 0.6947115384615384 0.7584134615384616 0.10096153846153846 0.15865384615384615
0 0.7848557692307693 0.6971153846153846 0.028846153846153848 0.052884615384615384
0 0.9002403846153846 0.8305288461538461 0.19471153846153846 0.33413461538461536
0 0.8233173076923077 0.6899038461538461 0.03365384615384615 0.0625