0 0.0625 0.5252403846153846 0.0673076923076923 0.07692307692307693
0 0.12139423076923077 0.5300480769230769 0.055288461538461536 0.09375
0 0.203125 0.5300480769230769 0.052884615384615384 0.08653846153846154
0 0.11057692307692307 0.7451923076923077 0.10096153846153846 0.18269230769230768
0 0.31009615384615385 0.6237980769230769 0.08653846153846154 0.15384615384615385
0 0.35096153846153844 0.5745192307692307 0.0625 0.11057692307692307
0 0.39663461538461536 0.5504807692307693 0.052884615384615384 0.09134615384615384
0 0.4266826923076923 0.5252403846153846 0.04567307692307692 0.07692307692307693
0 0.47836538461538464 0.34134615384615385 0.052884615384615384 0.08653846153846154
0 0.45072115384615385 0.7512019230769231 0.11057692307692307 0.20432692307692307
0 0.5144230769230769 0.6694711538461539 0.08653846153846154 0.13942307692307693
0 0.53125 0.5721153846153846 0.0673076923076923 0.09615384615384616
0 0.5600961538461539 0.546875 0.057692307692307696 0.08653846153846154
0 0.5456730769230769 0.4951923076923077 0.04807692307692308 0.0673076923076923
0 0.7956730769230769 0.5120192307692307 0.038461538461538464 0.07692307692307693
0 0.8461538461538461 0.5528846153846154 0.07692307692307693 0.1201923076923077
0 0.9459134615384616 0.5264423076923077 0.06009615384615385 0.09134615384615384
0 0.9507211538461539 0.6586538461538461 0.0673076923076923 0.1971153846153846