0 0.0733173076923077 0.43149038461538464 0.04567307692307692 0.08413461538461539
0 0.25721153846153844 0.2848557692307692 0.02403846153846154 0.036057692307692304
0 0.29086538461538464 0.26802884615384615 0.014423076923076924 0.03365384615384615
0 0.31850961538461536 0.2608173076923077 0.02403846153846154 0.036057692307692304
0 0.31490384615384615 0.2247596153846154 0.019230769230769232 0.03125
0 0.35336538461538464 0.2620192307692308 0.02403846153846154 0.04326923076923077
0 0.3713942307692308 0.21754807692307693 0.019230769230769232 0.04807692307692308
0 0.3870192307692308 0.22355769230769232 0.014423076923076924 0.03365384615384615
0 0.3798076923076923 0.20072115384615385 0.019230769230769232 0.03365384615384615
0 0.40865384615384615 0.17668269230769232 0.014423076923076924 0.03125
0 0.4254807692307692 0.22235576923076922 0.019230769230769232 0.04326923076923077
0 0.42788461538461536 0.2776442307692308 0.028846153846153848 0.052884615384615384
0 0.44711538461538464 0.21754807692307693 0.019230769230769232 0.04807692307692308
0 0.4639423076923077 0.20072115384615385 0.019230769230769232 0.03125
0 0.46033653846153844 0.17427884615384615 0.014423076923076924 0.026442307692307692
0 0.4519230769230769 0.14423076923076922 0.014423076923076924 0.028846153846153848
0 0.4795673076923077 0.16947115384615385 0.016826923076923076 0.03365384615384615
0 0.4699519230769231 0.15504807692307693 0.014423076923076924 0.026442307692307692
0 0.48677884615384615 0.20432692307692307 0.019230769230769232 0.03365384615384615
0 0.47716346153846156 0.23076923076923078 0.026442307692307692 0.04807692307692308
0 0.53125 0.19110576923076922 0.02403846153846154 0.040865384615384616
0 0.49278846153846156 0.2956730769230769 0.028846153846153848 0.0625
0 0.5588942307692307 0.2920673076923077 0.028846153846153848 0.05048076923076923
0 0.5649038461538461 0.24759615384615385 0.02403846153846154 0.04807692307692308
0 0.6105769230769231 0.25600961538461536 0.028846153846153848 0.057692307692307696
0 0.6129807692307693 0.328125 0.03365384615384615 0.06009615384615385
0 0.48677884615384615 0.1346153846153846 0.014423076923076924 0.019230769230769232
0 0.5180288461538461 0.14783653846153846 0.016826923076923076 0.03125
0 0.5480769230769231 0.15625 0.019230769230769232 0.03365384615384615
0 0.5408653846153846 0.12980769230769232 0.014423076923076924 0.028846153846153848
0 0.5540865384615384 0.1141826923076923 0.014423076923076924 0.026442307692307692
0 0.5661057692307693 0.17548076923076922 0.019230769230769232 0.03365384615384615
0 0.5961538461538461 0.14903846153846154 0.014423076923076924 0.028846153846153848
0 0.5877403846153846 0.125 0.016826923076923076 0.038461538461538464
0 0.5973557692307693 0.10576923076923077 0.016826923076923076 0.038461538461538464
0 0.6141826923076923 0.10336538461538461 0.014423076923076924 0.02403846153846154
0 0.6117788461538461 0.12259615384615384 0.016826923076923076 0.02403846153846154
0 0.6117788461538461 0.15264423076923078 0.016826923076923076 0.036057692307692304
0 0.6310096153846154 0.140625 0.019230769230769232 0.036057692307692304
0 0.6382211538461539 0.12259615384615384 0.01201923076923077 0.02403846153846154
0 0.6442307692307693 0.10336538461538461 0.014423076923076924 0.028846153846153848
0 0.6213942307692307 0.18990384615384615 0.021634615384615384 0.04326923076923077
0 0.6502403846153846 0.17908653846153846 0.021634615384615384 0.04326923076923077
0 0.6598557692307693 0.20673076923076922 0.021634615384615384 0.04326923076923077
0 0.6646634615384616 0.2620192307692308 0.028846153846153848 0.057692307692307696
0 0.703125 0.22355769230769232 0.02403846153846154 0.057692307692307696
0 0.6983173076923077 0.1778846153846154 0.021634615384615384 0.038461538461538464
0 0.6935096153846154 0.140625 0.019230769230769232 0.038461538461538464
0 0.6766826923076923 0.12259615384615384 0.019230769230769232 0.03365384615384615
0 0.6862980769230769 0.10216346153846154 0.01201923076923077 0.03125
0 0.7283653846153846 0.11899038461538461 0.019230769230769232 0.03365384615384615
0 0.7127403846153846 0.15144230769230768 0.014423076923076924 0.03365384615384615
0 0.7295673076923077 0.20793269230769232 0.02403846153846154 0.04807692307692308
0 0.7283653846153846 0.2824519230769231 0.03365384615384615 0.057692307692307696
0 0.7776442307692307 0.28846153846153844 0.03125 0.0673076923076923
0 0.7584134615384616 0.21153846153846154 0.02403846153846154 0.04807692307692308
0 0.7367788461538461 0.17067307692307693 0.016826923076923076 0.03365384615384615
0 0.7487980769230769 0.140625 0.014423076923076924 0.040865384615384616
0 0.7512019230769231 0.1141826923076923 0.01201923076923077 0.02403846153846154
0 0.7632211538461539 0.13341346153846154 0.014423076923076924 0.036057692307692304
0 0.7800480769230769 0.12259615384615384 0.014423076923076924 0.038461538461538464
0 0.7992788461538461 0.13341346153846154 0.01201923076923077 0.03365384615384615
0 0.8137019230769231 0.12740384615384615 0.01201923076923077 0.03365384615384615
0 0.8052884615384616 0.17548076923076922 0.019230769230769232 0.04326923076923077
0 0.8197115384615384 0.25240384615384615 0.02403846153846154 0.052884615384615384
0 0.7608173076923077 0.18389423076923078 0.014423076923076924 0.03365384615384615
0 0.8257211538461539 0.16947115384615385 0.019230769230769232 0.040865384615384616
0 0.8353365384615384 0.14423076923076922 0.016826923076923076 0.03365384615384615
0 0.8485576923076923 0.18629807692307693 0.019230769230769232 0.040865384615384616
0 0.859375 0.15745192307692307 0.016826923076923076 0.036057692307692304
0 0.8689903846153846 0.140625 0.01201923076923077 0.026442307692307692
0 0.8918269230769231 0.12980769230769232 0.014423076923076924 0.028846153846153848
0 0.8966346153846154 0.16706730769230768 0.014423076923076924 0.03125
0 0.8894230769230769 0.19230769230769232 0.014423076923076924 0.038461538461538464
0 0.875 0.17668269230769232 0.019230769230769232 0.038461538461538464
0 0.8677884615384616 0.22235576923076922 0.02403846153846154 0.04567307692307692
0 0.9146634615384616 0.28846153846153844 0.021634615384615384 0.057692307692307696
0 0.9206730769230769 0.20192307692307693 0.014423076923076924 0.038461538461538464
0 0.9278846153846154 0.17307692307692307 0.009615384615384616 0.028846153846153848
0 0.9290865384615384 0.15384615384615385 0.009615384615384616 0.028846153846153848