0 0.42908653846153844 0.20673076923076922 0.016826923076923076 0.038461538461538464
0 0.46274038461538464 0.20432692307692307 0.019230769230769232 0.04326923076923077
0 0.6081730769230769 0.11538461538461539 0.014423076923076924 0.028846153846153848
0 0.6237980769230769 0.13822115384615385 0.01201923076923077 0.02403846153846154
0 0.6514423076923077 0.12740384615384615 0.009615384615384616 0.02403846153846154
0 0.6634615384615384 0.1502403846153846 0.009615384615384616 0.019230769230769232
0 0.7524038461538461 0.15264423076923078 0.014423076923076924 0.028846153846153848
0 0.7668269230769231 0.15264423076923078 0.014423076923076924 0.03125
0 0.8245192307692307 0.2644230769230769 0.019230769230769232 0.04807692307692308
0 0.8894230769230769 0.2608173076923077 0.009615384615384616 0.036057692307692304
0 0.890625 0.22355769230769232 0.016826923076923076 0.03365384615384615
0 0.8677884615384616 0.19471153846153846 0.014423076923076924 0.03365384615384615
0 0.9399038461538461 0.19471153846153846 0.014423076923076924 0.03365384615384615
0 0.9182692307692307 0.25841346153846156 0.019230769230769232 0.038461538461538464