0 0.06850961538461539 0.5709134615384616 0.052884615384615384 0.13221153846153846
0 0.1778846153846154 0.2536057692307692 0.019230769230769232 0.04567307692307692
0 0.2091346153846154 0.2776442307692308 0.02403846153846154 0.052884615384615384
0 0.25240384615384615 0.2283653846153846 0.019230769230769232 0.04326923076923077
0 0.29086538461538464 0.22956730769230768 0.019230769230769232 0.04807692307692308
0 0.31009615384615385 0.22115384615384615 0.02403846153846154 0.04807692307692308
0 0.2932692307692308 0.20072115384615385 0.019230769230769232 0.05048076923076923
0 0.3329326923076923 0.20432692307692307 0.019230769230769232 0.04326923076923077
0 0.3473557692307692 0.1875 0.016826923076923076 0.04807692307692308
0 0.35336538461538464 0.25961538461538464 0.02403846153846154 0.057692307692307696
0 0.375 0.17548076923076922 0.019230769230769232 0.038461538461538464
0 0.38221153846153844 0.21754807692307693 0.019230769230769232 0.038461538461538464
0 0.41466346153846156 0.1778846153846154 0.016826923076923076 0.04807692307692308
0 0.4375 0.1502403846153846 0.019230769230769232 0.04567307692307692
0 0.45552884615384615 0.23677884615384615 0.019230769230769232 0.052884615384615384
0 0.41947115384615385 0.30288461538461536 0.028846153846153848 0.057692307692307696
0 0.47475961538461536 0.1502403846153846 0.019230769230769232 0.04807692307692308
0 0.4807692307692308 0.1346153846153846 0.019230769230769232 0.038461538461538464
0 0.5072115384615384 0.15865384615384615 0.019230769230769232 0.04807692307692308
0 0.5168269230769231 0.14182692307692307 0.019230769230769232 0.04326923076923077
0 0.4855769230769231 0.18990384615384615 0.019230769230769232 0.052884615384615384
0 0.5432692307692307 0.20432692307692307 0.019230769230769232 0.04807692307692308
0 0.5420673076923077 0.1201923076923077 0.014423076923076924 0.04807692307692308
0 0.5480769230769231 0.14543269230769232 0.019230769230769232 0.04326923076923077
0 0.5697115384615384 0.12259615384615384 0.014423076923076924 0.038461538461538464
0 0.5709134615384616 0.15745192307692307 0.019230769230769232 0.04807692307692308
0 0.5612980769230769 0.18629807692307693 0.016826923076923076 0.04326923076923077
0 0.5829326923076923 0.10096153846153846 0.016826923076923076 0.038461538461538464
0 0.5973557692307693 0.14302884615384615 0.016826923076923076 0.040865384615384616
0 0.6009615384615384 0.16346153846153846 0.014423076923076924 0.04807692307692308
0 0.6129807692307693 0.1814903846153846 0.019230769230769232 0.04567307692307692
0 0.6225961538461539 0.11177884615384616 0.019230769230769232 0.040865384615384616
0 0.6442307692307693 0.13341346153846154 0.019230769230769232 0.04567307692307692
0 0.6598557692307693 0.12379807692307693 0.014423076923076924 0.04807692307692308
0 0.6850961538461539 0.1201923076923077 0.014423076923076924 0.038461538461538464
0 0.703125 0.14302884615384615 0.014423076923076924 0.040865384615384616
0 0.6790865384615384 0.15144230769230768 0.019230769230769232 0.04326923076923077
0 0.6899038461538461 0.19110576923076922 0.019230769230769232 0.05048076923076923
0 0.6490384615384616 0.171875 0.019230769230769232 0.04567307692307692
0 0.6610576923076923 0.21634615384615385 0.019230769230769232 0.057692307692307696
0 0.6069711538461539 0.27283653846153844 0.03125 0.06009615384615385
0 0.5649038461538461 0.32091346153846156 0.02403846153846154 0.06009615384615385
0 0.6045673076923077 0.3629807692307692 0.026442307692307692 0.0625
0 0.6598557692307693 0.3918269230769231 0.03125 0.0673076923076923
0 0.7199519230769231 0.3858173076923077 0.026442307692307692 0.06971153846153846
0 0.7103365384615384 0.2668269230769231 0.026442307692307692 0.0625
0 0.7331730769230769 0.2127403846153846 0.019230769230769232 0.04567307692307692
0 0.7235576923076923 0.20432692307692307 0.019230769230769232 0.04326923076923077
0 0.7463942307692307 0.1814903846153846 0.016826923076923076 0.04326923076923077
0 0.7728365384615384 0.1971153846153846 0.016826923076923076 0.04326923076923077
0 0.8052884615384616 0.1778846153846154 0.019230769230769232 0.04326923076923077
0 0.8100961538461539 0.2091346153846154 0.014423076923076924 0.04326923076923077
0 0.8221153846153846 0.203125 0.019230769230769232 0.05048076923076923
0 0.8629807692307693 0.21634615384615385 0.014423076923076924 0.04807692307692308
0 0.8978365384615384 0.21754807692307693 0.016826923076923076 0.05048076923076923
0 0.8954326923076923 0.24879807692307693 0.016826923076923076 0.04567307692307692
0 0.9242788461538461 0.25600961538461536 0.016826923076923076 0.04567307692307692
0 0.9471153846153846 0.23076923076923078 0.014423076923076924 0.04326923076923077
0 0.9807692307692307 0.24759615384615385 0.014423076923076924 0.04326923076923077
0 0.9735576923076923 0.32572115384615385 0.019230769230769232 0.04326923076923077
0 0.9735576923076923 0.29086538461538464 0.014423076923076924 0.04326923076923077
0 0.9723557692307693 0.36538461538461536 0.019230769230769232 0.057692307692307696
0 0.9447115384615384 0.375 0.019230769230769232 0.0625
0 0.9254807692307693 0.3233173076923077 0.019230769230769232 0.052884615384615384
0 0.8689903846153846 0.3016826923076923 0.021634615384615384 0.05048076923076923
0 0.7836538461538461 0.24639423076923078 0.02403846153846154 0.052884615384615384
0 0.8076923076923077 0.28966346153846156 0.02403846153846154 0.06009615384615385
0 0.8605769230769231 0.3701923076923077 0.019230769230769232 0.0673076923076923
0 0.8774038461538461 0.39783653846153844 0.02403846153846154 0.07692307692307693
0 0.9543269230769231 0.4735576923076923 0.02403846153846154 0.07211538461538461
0 0.8653846153846154 0.4879807692307692 0.028846153846153848 0.09134615384615384
0 0.7752403846153846 0.4567307692307692 0.03365384615384615 0.09615384615384616
0 0.7463942307692307 0.28365384615384615 0.02403846153846154 0.04807692307692308