0 0.19110576923076922 0.4411057692307692 0.04326923076923077 0.08413461538461539
0 0.30649038461538464 0.234375 0.021634615384615384 0.036057692307692304
0 0.3425480769230769 0.20552884615384615 0.021634615384615384 0.03125
0 0.4074519230769231 0.21634615384615385 0.016826923076923076 0.028846153846153848
0 0.4411057692307692 0.23557692307692307 0.021634615384615384 0.03365384615384615
0 0.48197115384615385 0.22716346153846154 0.021634615384615384 0.04326923076923077
0 0.41346153846153844 0.18269230769230768 0.019230769230769232 0.028846153846153848
0 0.4411057692307692 0.19110576923076922 0.016826923076923076 0.03365384615384615
0 0.41947115384615385 0.15264423076923078 0.019230769230769232 0.028846153846153848
0 0.4230769230769231 0.11177884615384616 0.019230769230769232 0.026442307692307692
0 0.4675480769230769 0.140625 0.014423076923076924 0.026442307692307692
0 0.47836538461538464 0.17548076923076922 0.014423076923076924 0.03365384615384615
0 0.48677884615384615 0.1466346153846154 0.014423076923076924 0.02403846153846154
0 0.5060096153846154 0.14783653846153846 0.014423076923076924 0.028846153846153848
0 0.5144230769230769 0.14423076923076922 0.009615384615384616 0.02403846153846154
0 0.5240384615384616 0.1466346153846154 0.014423076923076924 0.03365384615384615
0 0.5420673076923077 0.13822115384615385 0.014423076923076924 0.028846153846153848
0 0.5612980769230769 0.1502403846153846 0.014423076923076924 0.03125
0 0.5444711538461539 0.171875 0.016826923076923076 0.03125
0 0.5564903846153846 0.19110576923076922 0.014423076923076924 0.03365384615384615
0 0.5637019230769231 0.2536057692307692 0.026442307692307692 0.04807692307692308
0 0.49759615384615385 0.2764423076923077 0.02403846153846154 0.04326923076923077
0 0.5973557692307693 0.14423076923076922 0.019230769230769232 0.03365384615384615
0 0.625 0.13221153846153846 0.019230769230769232 0.03365384615384615
0 0.5733173076923077 0.28846153846153844 0.028846153846153848 0.0673076923076923
0 0.6346153846153846 0.20072115384615385 0.019230769230769232 0.05048076923076923
0 0.6129807692307693 0.2764423076923077 0.02403846153846154 0.0625
0 0.625 0.296875 0.028846153846153848 0.07211538461538461
0 0.6706730769230769 0.28966346153846156 0.02403846153846154 0.05048076923076923
0 0.6730769230769231 0.33052884615384615 0.028846153846153848 0.0673076923076923
0 0.6622596153846154 0.1875 0.019230769230769232 0.038461538461538464
0 0.671875 0.2127403846153846 0.016826923076923076 0.04807692307692308
0 0.7067307692307693 0.19831730769230768 0.019230769230769232 0.040865384615384616
0 0.703125 0.17307692307692307 0.019230769230769232 0.038461538461538464
0 0.7235576923076923 0.15625 0.014423076923076924 0.03365384615384615
0 0.7379807692307693 0.18870192307692307 0.014423076923076924 0.03125
0 0.7223557692307693 0.22956730769230768 0.021634615384615384 0.05048076923076923
0 0.8064903846153846 0.20552884615384615 0.019230769230769232 0.04807692307692308
0 0.8365384615384616 0.22596153846153846 0.019230769230769232 0.04326923076923077
0 0.8137019230769231 0.2536057692307692 0.019230769230769232 0.05048076923076923
0 0.8016826923076923 0.2932692307692308 0.021634615384615384 0.0625
0 0.8701923076923077 0.29447115384615385 0.019230769230769232 0.04807692307692308
0 0.8677884615384616 0.32091346153846156 0.02403846153846154 0.055288461538461536
0 0.9014423076923077 0.33052884615384615 0.02403846153846154 0.07211538461538461
0 0.8954326923076923 0.4170673076923077 0.03125 0.08653846153846154
0 0.9302884615384616 0.2439903846153846 0.019230769230769232 0.04567307692307692
0 0.9026442307692307 0.1045673076923077 0.01201923076923077 0.026442307692307692
0 0.9206730769230769 0.11778846153846154 0.014423076923076924 0.03365384615384615
0 0.9711538461538461 0.11538461538461539 0.014423076923076924 0.028846153846153848
0 0.9723557692307693 0.15625 0.016826923076923076 0.03365384615384615