0 0.07091346153846154 0.5757211538461539 0.125 0.21394230769230768
0 0.05889423076923077 0.46634615384615385 0.0673076923076923 0.10576923076923077
0 0.0733173076923077 0.4266826923076923 0.040865384615384616 0.07211538461538461
0 0.08774038461538461 0.39663461538461536 0.04326923076923077 0.08653846153846154
0 0.17067307692307693 0.4074519230769231 0.04326923076923077 0.10336538461538461
0 0.21875 0.46153846153846156 0.08173076923076923 0.16346153846153846
0 0.21754807692307693 0.36899038461538464 0.03125 0.057692307692307696
0 0.18870192307692307 0.35096153846153844 0.03365384615384615 0.057692307692307696
0 0.2668269230769231 0.23677884615384615 0.02403846153846154 0.057692307692307696
0 0.29447115384615385 0.4014423076923077 0.04807692307692308 0.10096153846153846
0 0.3076923076923077 0.3786057692307692 0.028846153846153848 0.057692307692307696
0 0.2608173076923077 0.33653846153846156 0.028846153846153848 0.057692307692307696
0 0.3269230769230769 0.3401442307692308 0.028846153846153848 0.04567307692307692
0 0.3786057692307692 0.3629807692307692 0.036057692307692304 0.07211538461538461
0 0.3713942307692308 0.4423076923076923 0.057692307692307696 0.09615384615384616
0 0.375 0.5552884615384616 0.09615384615384616 0.1875
0 0.46033653846153844 0.375 0.04326923076923077 0.10576923076923077
0 0.49759615384615385 0.38461538461538464 0.057692307692307696 0.08653846153846154
0 0.5024038461538461 0.47836538461538464 0.0625 0.13942307692307693
0 0.6117788461538461 0.6057692307692307 0.10096153846153846 0.20673076923076922
0 0.5673076923076923 0.4026442307692308 0.038461538461538464 0.06971153846153846
0 0.6766826923076923 0.453125 0.052884615384615384 0.11057692307692307
0 0.6610576923076923 0.359375 0.03365384615384615 0.06490384615384616
0 0.6911057692307693 0.3737980769230769 0.028846153846153848 0.0625
0 0.7223557692307693 0.3473557692307692 0.028846153846153848 0.06009615384615385
0 0.7548076923076923 0.37740384615384615 0.04807692307692308 0.07211538461538461
0 0.8269230769230769 0.6225961538461539 0.125 0.21153846153846154
0 0.8269230769230769 0.4098557692307692 0.052884615384615384 0.09375
0 0.8858173076923077 0.4074519230769231 0.04807692307692308 0.0985576923076923
0 0.9375 0.4206730769230769 0.052884615384615384 0.1201923076923077