0 0.1502403846153846 0.31971153846153844 0.07211538461538461 0.09134615384615384
0 0.19230769230769232 0.49158653846153844 0.07692307692307693 0.11298076923076923
0 0.2764423076923077 0.5168269230769231 0.08173076923076923 0.12980769230769232
0 0.43990384615384615 0.5300480769230769 0.07211538461538461 0.11298076923076923
0 0.4519230769230769 0.43149038461538464 0.04807692307692308 0.07211538461538461
0 0.5060096153846154 0.47115384615384615 0.052884615384615384 0.09134615384615384
0 0.5540865384615384 0.31490384615384615 0.05048076923076923 0.0673076923076923
0 0.5853365384615384 0.546875 0.10096153846153846 0.16826923076923078
0 0.6310096153846154 0.4411057692307692 0.055288461538461536 0.07692307692307693
0 0.7163461538461539 0.5036057692307693 0.08653846153846154 0.11057692307692307
0 0.7632211538461539 0.45072115384615385 0.05048076923076923 0.06971153846153846
0 0.7331730769230769 0.3605769230769231 0.052884615384615384 0.07692307692307693
0 0.8918269230769231 0.33774038461538464 0.0625 0.09615384615384616