0 0.8088942307692307 0.49759615384615385 0.02403846153846154 0.038461538461538464
0 0.7548076923076923 0.5625 0.019230769230769232 0.028846153846153848
0 0.7091346153846154 0.5396634615384616 0.019230769230769232 0.028846153846153848
0 0.6754807692307693 0.5853365384615384 0.028846153846153848 0.038461538461538464
0 0.6141826923076923 0.6153846153846154 0.038461538461538464 0.04807692307692308
0 0.6189903846153846 0.5865384615384616 0.02403846153846154 0.028846153846153848
0 0.6310096153846154 0.5444711538461539 0.02403846153846154 0.02403846153846154
0 0.5997596153846154 0.5564903846153846 0.02403846153846154 0.02403846153846154
0 0.5805288461538461 0.5817307692307693 0.026442307692307692 0.038461538461538464
0 0.5673076923076923 0.5745192307692307 0.028846153846153848 0.03365384615384615
0 0.53125 0.5793269230769231 0.028846153846153848 0.028846153846153848
0 0.5432692307692307 0.5600961538461539 0.028846153846153848 0.028846153846153848
0 0.53125 0.6213942307692307 0.04326923076923077 0.055288461538461536
0 0.4795673076923077 0.5901442307692307 0.036057692307692304 0.038461538461538464
0 0.4855769230769231 0.5625 0.028846153846153848 0.038461538461538464
0 0.4254807692307692 0.5925480769230769 0.03365384615384615 0.04326923076923077
0 0.4579326923076923 0.6875 0.07211538461538461 0.0673076923076923
0 0.4014423076923077 0.5540865384615384 0.019230769230769232 0.036057692307692304
0 0.3173076923076923 0.6935096153846154 0.057692307692307696 0.09375
0 0.2692307692307692 0.7271634615384616 0.07692307692307693 0.10336538461538461
0 0.2548076923076923 0.6009615384615384 0.038461538461538464 0.04807692307692308
0 0.2824519230769231 0.5805288461538461 0.026442307692307692 0.038461538461538464
0 0.3088942307692308 0.6358173076923077 0.04567307692307692 0.06009615384615385
0 0.3329326923076923 0.6045673076923077 0.04326923076923077 0.055288461538461536
0 0.12860576923076922 0.7427884615384616 0.08173076923076923 0.11538461538461539
0 0.17067307692307693 0.6862980769230769 0.052884615384615384 0.08173076923076923
0 0.20673076923076922 0.6538461538461539 0.04807692307692308 0.0673076923076923
0 0.16466346153846154 0.5949519230769231 0.038461538461538464 0.05048076923076923
0 0.234375 0.5625 0.03125 0.038461538461538464
0 0.0985576923076923 0.5889423076923077 0.03365384615384615 0.04326923076923077
0 0.052884615384615384 0.6009615384615384 0.038461538461538464 0.04807692307692308
0 0.055288461538461536 0.6923076923076923 0.07692307692307693 0.11538461538461539
0 0.06129807692307692 0.8665865384615384 0.11298076923076923 0.13942307692307693