0 0.15264423076923078 0.3545673076923077 0.04807692307692308 0.08413461538461539
0 0.25961538461538464 0.27884615384615385 0.019230769230769232 0.038461538461538464
0 0.29447115384615385 0.2620192307692308 0.021634615384615384 0.038461538461538464
0 0.3137019230769231 0.24639423076923078 0.019230769230769232 0.04326923076923077
0 0.3449519230769231 0.21153846153846154 0.019230769230769232 0.038461538461538464
0 0.3293269230769231 0.24158653846153846 0.019230769230769232 0.03125
0 0.3605769230769231 0.24278846153846154 0.019230769230769232 0.04326923076923077
0 0.37740384615384615 0.2247596153846154 0.019230769230769232 0.036057692307692304
0 0.38341346153846156 0.19591346153846154 0.016826923076923076 0.036057692307692304
0 0.4110576923076923 0.1658653846153846 0.014423076923076924 0.03365384615384615
0 0.43149038461538464 0.21875 0.019230769230769232 0.04326923076923077
0 0.45552884615384615 0.22596153846153846 0.019230769230769232 0.038461538461538464
0 0.47596153846153844 0.24759615384615385 0.019230769230769232 0.04326923076923077
0 0.42427884615384615 0.1814903846153846 0.019230769230769232 0.028846153846153848
0 0.44471153846153844 0.18870192307692307 0.019230769230769232 0.04326923076923077
0 0.4519230769230769 0.17307692307692307 0.019230769230769232 0.038461538461538464
0 0.46634615384615385 0.15384615384615385 0.014423076923076924 0.028846153846153848
0 0.47716346153846156 0.171875 0.021634615384615384 0.03125
0 0.48197115384615385 0.20432692307692307 0.019230769230769232 0.03365384615384615
0 0.5168269230769231 0.20192307692307693 0.02403846153846154 0.04807692307692308
0 0.5108173076923077 0.1658653846153846 0.019230769230769232 0.03365384615384615
0 0.484375 0.12860576923076922 0.014423076923076924 0.026442307692307692
0 0.5192307692307693 0.12860576923076922 0.009615384615384616 0.028846153846153848
0 0.5324519230769231 0.13341346153846154 0.014423076923076924 0.03125
0 0.546875 0.14783653846153846 0.019230769230769232 0.04326923076923077
0 0.5733173076923077 0.17067307692307693 0.019230769230769232 0.04326923076923077
0 0.5588942307692307 0.109375 0.014423076923076924 0.03125
0 0.5697115384615384 0.12620192307692307 0.014423076923076924 0.021634615384615384
0 0.5829326923076923 0.13341346153846154 0.01201923076923077 0.026442307692307692
0 0.59375 0.11778846153846154 0.014423076923076924 0.02403846153846154
0 0.6177884615384616 0.13942307692307693 0.014423076923076924 0.03365384615384615
0 0.6334134615384616 0.11899038461538461 0.016826923076923076 0.028846153846153848
0 0.6189903846153846 0.055288461538461536 0.014423076923076924 0.028846153846153848
0 0.6466346153846154 0.09254807692307693 0.014423076923076924 0.03125
0 0.6334134615384616 0.09615384615384616 0.01201923076923077 0.019230769230769232
0 0.6706730769230769 0.1141826923076923 0.014423076923076924 0.028846153846153848
0 0.515625 0.27524038461538464 0.02403846153846154 0.05048076923076923
0 0.5336538461538461 0.34375 0.028846153846153848 0.057692307692307696
0 0.5925480769230769 0.35096153846153844 0.028846153846153848 0.07692307692307693
0 0.5673076923076923 0.2439903846153846 0.019230769230769232 0.04567307692307692
0 0.6057692307692307 0.2704326923076923 0.02403846153846154 0.04807692307692308
0 0.6346153846153846 0.20673076923076922 0.02403846153846154 0.04807692307692308
0 0.6622596153846154 0.20793269230769232 0.021634615384615384 0.05048076923076923
0 0.6682692307692307 0.17307692307692307 0.014423076923076924 0.038461538461538464
0 0.6935096153846154 0.18028846153846154 0.019230769230769232 0.04326923076923077
0 0.6875 0.22235576923076922 0.028846153846153848 0.04567307692307692
0 0.65625 0.2932692307692308 0.028846153846153848 0.057692307692307696
0 0.6742788461538461 0.34134615384615385 0.03125 0.0625
0 0.7379807692307693 0.2920673076923077 0.028846153846153848 0.06971153846153846
0 0.7572115384615384 0.2536057692307692 0.03365384615384615 0.057692307692307696
0 0.7896634615384616 0.3161057692307692 0.026442307692307692 0.06490384615384616
0 0.8076923076923077 0.25721153846153844 0.028846153846153848 0.052884615384615384
0 0.7415865384615384 0.19471153846153846 0.021634615384615384 0.04807692307692308
0 0.7091346153846154 0.15264423076923078 0.02403846153846154 0.04567307692307692
0 0.7223557692307693 0.140625 0.016826923076923076 0.04326923076923077
0 0.7175480769230769 0.07692307692307693 0.014423076923076924 0.028846153846153848
0 0.7379807692307693 0.12139423076923077 0.014423076923076924 0.028846153846153848
0 0.75 0.13942307692307693 0.019230769230769232 0.03365384615384615
0 0.7632211538461539 0.12620192307692307 0.019230769230769232 0.04326923076923077
0 0.7824519230769231 0.11899038461538461 0.01201923076923077 0.03365384615384615
0 0.7932692307692307 0.140625 0.019230769230769232 0.036057692307692304
0 0.8052884615384616 0.13341346153846154 0.014423076923076924 0.03125
0 0.7884615384615384 0.18389423076923078 0.019230769230769232 0.036057692307692304
0 0.7536057692307693 0.17548076923076922 0.021634615384615384 0.038461538461538464
0 0.8713942307692307 0.2403846153846154 0.019230769230769232 0.04326923076923077
0 0.9134615384615384 0.2692307692307692 0.02403846153846154 0.057692307692307696
0 0.8257211538461539 0.15504807692307693 0.014423076923076924 0.03365384615384615
0 0.84375 0.15625 0.014423076923076924 0.03365384615384615
0 0.8377403846153846 0.12980769230769232 0.01201923076923077 0.028846153846153848
0 0.8605769230769231 0.14182692307692307 0.019230769230769232 0.04326923076923077
0 0.8918269230769231 0.1658653846153846 0.019230769230769232 0.03365384615384615
0 0.9266826923076923 0.19110576923076922 0.014423076923076924 0.03365384615384615
0 0.9278846153846154 0.15264423076923078 0.014423076923076924 0.036057692307692304
0 0.8918269230769231 0.13701923076923078 0.014423076923076924 0.02403846153846154