0 0.21394230769230768 0.4519230769230769 0.04326923076923077 0.09615384615384616
0 0.24759615384615385 0.3786057692307692 0.04326923076923077 0.09375
0 0.2247596153846154 0.22115384615384615 0.016826923076923076 0.028846153846153848
0 0.28846153846153844 0.24759615384615385 0.019230769230769232 0.02403846153846154
0 0.33533653846153844 0.28125 0.021634615384615384 0.03365384615384615
0 0.3557692307692308 0.2548076923076923 0.019230769230769232 0.038461538461538464
0 0.4326923076923077 0.28125 0.019230769230769232 0.04326923076923077
0 0.4519230769230769 0.22115384615384615 0.019230769230769232 0.028846153846153848
0 0.43028846153846156 0.21634615384615385 0.014423076923076924 0.028846153846153848
0 0.3894230769230769 0.1875 0.019230769230769232 0.028846153846153848
0 0.453125 0.18509615384615385 0.016826923076923076 0.03365384615384615
0 0.47716346153846156 0.19951923076923078 0.014423076923076924 0.02403846153846154
0 0.46033653846153844 0.140625 0.01201923076923077 0.021634615384615384
0 0.4735576923076923 0.15264423076923078 0.014423076923076924 0.021634615384615384
0 0.484375 0.16346153846153846 0.016826923076923076 0.019230769230769232
0 0.5132211538461539 0.171875 0.01201923076923077 0.026442307692307692
0 0.5276442307692307 0.203125 0.019230769230769232 0.03125
0 0.4891826923076923 0.13221153846153846 0.01201923076923077 0.019230769230769232
0 0.5348557692307693 0.13822115384615385 0.016826923076923076 0.03125
0 0.5661057692307693 0.14543269230769232 0.014423076923076924 0.028846153846153848
0 0.5853365384615384 0.15865384615384615 0.01201923076923077 0.028846153846153848
0 0.578125 0.11057692307692307 0.01201923076923077 0.019230769230769232
0 0.6670673076923077 0.05048076923076923 0.016826923076923076 0.03365384615384615
0 0.6983173076923077 0.09254807692307693 0.01201923076923077 0.026442307692307692
0 0.48677884615384615 0.32091346153846156 0.026442307692307692 0.04567307692307692
0 0.6213942307692307 0.24519230769230768 0.02403846153846154 0.04807692307692308
0 0.6694711538461539 0.25600961538461536 0.019230769230769232 0.04807692307692308
0 0.7259615384615384 0.2824519230769231 0.02403846153846154 0.04567307692307692
0 0.7800480769230769 0.3125 0.02403846153846154 0.057692307692307696
0 0.7163461538461539 0.1814903846153846 0.019230769230769232 0.040865384615384616
0 0.6923076923076923 0.15264423076923078 0.019230769230769232 0.040865384615384616
0 0.7199519230769231 0.14783653846153846 0.016826923076923076 0.03125
0 0.7355769230769231 0.16105769230769232 0.019230769230769232 0.03365384615384615
0 0.765625 0.171875 0.019230769230769232 0.040865384615384616
0 0.7572115384615384 0.14302884615384615 0.014423076923076924 0.028846153846153848
0 0.7560096153846154 0.1141826923076923 0.01201923076923077 0.026442307692307692
0 0.8209134615384616 0.12620192307692307 0.01201923076923077 0.028846153846153848
0 0.8052884615384616 0.18269230769230768 0.014423076923076924 0.03365384615384615
0 0.8569711538461539 0.19471153846153846 0.019230769230769232 0.03365384615384615
0 0.8822115384615384 0.23076923076923078 0.014423076923076924 0.038461538461538464