0 0.09615384615384616 0.5 0.057692307692307696 0.10576923076923077
0 0.28125 0.21754807692307693 0.014423076923076924 0.038461538461538464
0 0.30288461538461536 0.2247596153846154 0.019230769230769232 0.036057692307692304
0 0.328125 0.234375 0.016826923076923076 0.036057692307692304
0 0.34615384615384615 0.18990384615384615 0.019230769230769232 0.03365384615384615
0 0.35216346153846156 0.17548076923076922 0.019230769230769232 0.03365384615384615
0 0.3762019230769231 0.18870192307692307 0.016826923076923076 0.036057692307692304
0 0.390625 0.18990384615384615 0.021634615384615384 0.04326923076923077
0 0.3798076923076923 0.23677884615384615 0.019230769230769232 0.04326923076923077
0 0.42427884615384615 0.22716346153846154 0.02403846153846154 0.05048076923076923
0 0.41346153846153844 0.18389423076923078 0.019230769230769232 0.04326923076923077
0 0.45072115384615385 0.21754807692307693 0.021634615384615384 0.04567307692307692
0 0.47836538461538464 0.21394230769230768 0.02403846153846154 0.052884615384615384
0 0.4855769230769231 0.18269230769230768 0.019230769230769232 0.028846153846153848
0 0.5060096153846154 0.18269230769230768 0.016826923076923076 0.038461538461538464
0 0.44350961538461536 0.16706730769230768 0.021634615384615384 0.04326923076923077
0 0.421875 0.13942307692307693 0.01201923076923077 0.03365384615384615
0 0.46033653846153844 0.14783653846153846 0.016826923076923076 0.03365384615384615
0 0.4699519230769231 0.15504807692307693 0.014423076923076924 0.03365384615384615
0 0.47115384615384615 0.12740384615384615 0.019230769230769232 0.02403846153846154
0 0.49158653846153844 0.12860576923076922 0.01201923076923077 0.028846153846153848
0 0.5024038461538461 0.11899038461538461 0.014423076923076924 0.026442307692307692
0 0.5108173076923077 0.1346153846153846 0.014423076923076924 0.038461538461538464
0 0.5264423076923077 0.11778846153846154 0.014423076923076924 0.028846153846153848
0 0.5264423076923077 0.15625 0.014423076923076924 0.03365384615384615
0 0.5528846153846154 0.15264423076923078 0.019230769230769232 0.028846153846153848
0 0.546875 0.13822115384615385 0.016826923076923076 0.026442307692307692
0 0.5540865384615384 0.11658653846153846 0.01201923076923077 0.026442307692307692
0 0.5600961538461539 0.1346153846153846 0.014423076923076924 0.019230769230769232
0 0.5853365384615384 0.16466346153846154 0.019230769230769232 0.038461538461538464
0 0.5588942307692307 0.17908653846153846 0.019230769230769232 0.036057692307692304
0 0.578125 0.109375 0.01201923076923077 0.028846153846153848
0 0.5889423076923077 0.10817307692307693 0.014423076923076924 0.028846153846153848
0 0.6009615384615384 0.125 0.009615384615384616 0.028846153846153848
0 0.6177884615384616 0.10697115384615384 0.014423076923076924 0.026442307692307692
0 0.625 0.140625 0.014423076923076924 0.03365384615384615
0 0.6298076923076923 0.11899038461538461 0.019230769230769232 0.026442307692307692
0 0.6418269230769231 0.10576923076923077 0.014423076923076924 0.028846153846153848
0 0.6646634615384616 0.12980769230769232 0.016826923076923076 0.028846153846153848
0 0.6598557692307693 0.11057692307692307 0.01201923076923077 0.019230769230769232
0 0.6694711538461539 0.09615384615384616 0.01201923076923077 0.028846153846153848
0 0.6935096153846154 0.09975961538461539 0.009615384615384616 0.02403846153846154
0 0.6911057692307693 0.12259615384615384 0.014423076923076924 0.02403846153846154
0 0.7043269230769231 0.1502403846153846 0.014423076923076924 0.03365384615384615
0 0.7199519230769231 0.10697115384615384 0.01201923076923077 0.03125
0 0.5697115384615384 0.234375 0.02403846153846154 0.04807692307692308
0 0.5516826923076923 0.2800480769230769 0.03365384615384615 0.07211538461538461
0 0.4951923076923077 0.27403846153846156 0.028846153846153848 0.052884615384615384
0 0.6141826923076923 0.3088942307692308 0.03125 0.0673076923076923
0 0.625 0.2439903846153846 0.028846153846153848 0.05048076923076923
0 0.6346153846153846 0.19831730769230768 0.019230769230769232 0.036057692307692304
0 0.6694711538461539 0.17668269230769232 0.019230769230769232 0.036057692307692304
0 0.7235576923076923 0.18028846153846154 0.019230769230769232 0.052884615384615384
0 0.7355769230769231 0.14302884615384615 0.019230769230769232 0.038461538461538464
0 0.7524038461538461 0.12980769230769232 0.014423076923076924 0.038461538461538464
0 0.7632211538461539 0.1502403846153846 0.016826923076923076 0.03365384615384615
0 0.7451923076923077 0.16466346153846154 0.019230769230769232 0.038461538461538464
0 0.7367788461538461 0.21394230769230768 0.021634615384615384 0.04326923076923077
0 0.671875 0.2692307692307692 0.026442307692307692 0.052884615384615384
0 0.6995192307692307 0.30408653846153844 0.028846153846153848 0.0625
0 0.7355769230769231 0.28966346153846156 0.02403846153846154 0.052884615384615384
0 0.7475961538461539 0.3641826923076923 0.038461538461538464 0.07211538461538461
0 0.8257211538461539 0.3918269230769231 0.038461538461538464 0.07211538461538461
0 0.9074519230769231 0.4206730769230769 0.038461538461538464 0.09134615384615384
0 0.8461538461538461 0.30288461538461536 0.03365384615384615 0.0673076923076923
0 0.7824519230769231 0.3088942307692308 0.026442307692307692 0.057692307692307696
0 0.7728365384615384 0.23197115384615385 0.021634615384615384 0.05048076923076923
0 0.7608173076923077 0.19471153846153846 0.019230769230769232 0.04807692307692308
0 0.796875 0.15264423076923078 0.016826923076923076 0.036057692307692304
0 0.8016826923076923 0.1310096153846154 0.014423076923076924 0.026442307692307692
0 0.8161057692307693 0.15264423076923078 0.016826923076923076 0.040865384615384616
0 0.8064903846153846 0.1935096153846154 0.02403846153846154 0.038461538461538464
0 0.8197115384615384 0.22956730769230768 0.02403846153846154 0.05048076923076923
0 0.875 0.26322115384615385 0.028846153846153848 0.052884615384615384
0 0.890625 0.22596153846153846 0.021634615384615384 0.04807692307692308
0 0.9278846153846154 0.20793269230769232 0.019230769230769232 0.04326923076923077
0 0.9254807692307693 0.27524038461538464 0.02403846153846154 0.052884615384615384
0 0.9182692307692307 0.33774038461538464 0.028846153846153848 0.0625