0 0.7776442307692307 0.22596153846153846 0.30528846153846156 0.4326923076923077
0 0.45552884615384615 0.4891826923076923 0.09375 0.1466346153846154
0 0.28846153846153844 0.578125 0.11538461538461539 0.18990384615384615
0 0.1141826923076923 0.44591346153846156 0.08413461538461539 0.1201923076923077
0 0.026442307692307692 0.38221153846153844 0.052884615384615384 0.10096153846153846
0 0.06850961538461539 0.3112980769230769 0.052884615384615384 0.07692307692307693
0 0.1466346153846154 0.33052884615384615 0.057692307692307696 0.08173076923076923
0 0.18629807692307693 0.3125 0.04567307692307692 0.07692307692307693
0 0.27163461538461536 0.3942307692307692 0.0625 0.10576923076923077
0 0.27163461538461536 0.3293269230769231 0.04326923076923077 0.08173076923076923
0 0.25841346153846156 0.2920673076923077 0.040865384615384616 0.057692307692307696
0 0.3581730769230769 0.3112980769230769 0.04326923076923077 0.06971153846153846
0 0.37259615384615385 0.38461538461538464 0.0625 0.09615384615384616
0 0.36658653846153844 0.25721153846153844 0.03365384615384615 0.052884615384615384
0 0.4110576923076923 0.2764423076923077 0.03365384615384615 0.0625
0 0.4423076923076923 0.25721153846153844 0.028846153846153848 0.052884615384615384
0 0.4855769230769231 0.36177884615384615 0.04807692307692308 0.08173076923076923
0 0.4963942307692308 0.26802884615384615 0.036057692307692304 0.06009615384615385
0 0.5997596153846154 0.2824519230769231 0.036057692307692304 0.0673076923076923