0 0.265625 0.22956730769230768 0.014423076923076924 0.036057692307692304
0 0.328125 0.24278846153846154 0.021634615384615384 0.04807692307692308
0 0.35697115384615385 0.19591346153846154 0.016826923076923076 0.036057692307692304
0 0.3762019230769231 0.1814903846153846 0.016826923076923076 0.028846153846153848
0 0.38221153846153844 0.20793269230769232 0.014423076923076924 0.028846153846153848
0 0.4050480769230769 0.16826923076923078 0.019230769230769232 0.038461538461538464
0 0.421875 0.15384615384615385 0.014423076923076924 0.028846153846153848
0 0.4387019230769231 0.17427884615384615 0.016826923076923076 0.036057692307692304
0 0.44591346153846156 0.21033653846153846 0.019230769230769232 0.04807692307692308
0 0.4206730769230769 0.21875 0.014423076923076924 0.028846153846153848
0 0.4074519230769231 0.23076923076923078 0.026442307692307692 0.052884615384615384
0 0.5060096153846154 0.21153846153846154 0.02403846153846154 0.04807692307692308
0 0.4639423076923077 0.20793269230769232 0.019230769230769232 0.028846153846153848
0 0.46153846153846156 0.14423076923076922 0.009615384615384616 0.028846153846153848
0 0.4855769230769231 0.15144230769230768 0.014423076923076924 0.03365384615384615
0 0.4987980769230769 0.13942307692307693 0.014423076923076924 0.03365384615384615
0 0.5108173076923077 0.14783653846153846 0.01201923076923077 0.028846153846153848
0 0.515625 0.13341346153846154 0.01201923076923077 0.028846153846153848
0 0.5192307692307693 0.18269230769230768 0.019230769230769232 0.04326923076923077
0 0.5336538461538461 0.1658653846153846 0.009615384615384616 0.03365384615384615
0 0.53125 0.14302884615384615 0.014423076923076924 0.028846153846153848
0 0.5384615384615384 0.13701923076923078 0.009615384615384616 0.028846153846153848
0 0.5588942307692307 0.1875 0.019230769230769232 0.038461538461538464
0 0.5649038461538461 0.140625 0.014423076923076924 0.026442307692307692
0 0.5793269230769231 0.125 0.014423076923076924 0.028846153846153848
0 0.6021634615384616 0.17307692307692307 0.019230769230769232 0.038461538461538464
0 0.5961538461538461 0.1466346153846154 0.019230769230769232 0.02403846153846154
0 0.6165865384615384 0.16826923076923078 0.016826923076923076 0.038461538461538464
0 0.6033653846153846 0.1141826923076923 0.014423076923076924 0.026442307692307692
0 0.6165865384615384 0.1141826923076923 0.01201923076923077 0.028846153846153848
0 0.6334134615384616 0.1310096153846154 0.014423076923076924 0.028846153846153848
0 0.6286057692307693 0.11538461538461539 0.014423076923076924 0.019230769230769232
0 0.6538461538461539 0.14182692307692307 0.019230769230769232 0.03365384615384615
0 0.65625 0.11899038461538461 0.014423076923076924 0.028846153846153848
0 0.6790865384615384 0.12860576923076922 0.016826923076923076 0.028846153846153848
0 0.6862980769230769 0.11177884615384616 0.01201923076923077 0.028846153846153848
0 0.7067307692307693 0.12259615384615384 0.009615384615384616 0.03365384615384615
0 0.5625 0.296875 0.028846153846153848 0.04807692307692308
0 0.5673076923076923 0.25721153846153844 0.028846153846153848 0.04326923076923077
0 0.6237980769230769 0.2608173076923077 0.026442307692307692 0.04807692307692308
0 0.6418269230769231 0.19591346153846154 0.019230769230769232 0.04326923076923077
0 0.6742788461538461 0.2247596153846154 0.021634615384615384 0.05048076923076923
0 0.6838942307692307 0.25721153846153844 0.02403846153846154 0.052884615384615384
0 0.7283653846153846 0.2860576923076923 0.03365384615384615 0.057692307692307696
0 0.6995192307692307 0.20793269230769232 0.019230769230769232 0.038461538461538464
0 0.6995192307692307 0.18028846153846154 0.014423076923076924 0.03365384615384615
0 0.7355769230769231 0.14783653846153846 0.019230769230769232 0.036057692307692304
0 0.7451923076923077 0.13942307692307693 0.019230769230769232 0.03365384615384615
0 0.765625 0.140625 0.016826923076923076 0.036057692307692304
0 0.7415865384615384 0.1875 0.019230769230769232 0.038461538461538464
0 0.7536057692307693 0.21394230769230768 0.019230769230769232 0.04326923076923077
0 0.765625 0.2512019230769231 0.021634615384615384 0.055288461538461536
0 0.7920673076923077 0.30649038461538464 0.026442307692307692 0.06009615384615385
0 0.8473557692307693 0.3245192307692308 0.028846153846153848 0.0625
0 0.8617788461538461 0.2848557692307692 0.026442307692307692 0.057692307692307696
0 0.9230769230769231 0.3425480769230769 0.028846153846153848 0.0673076923076923
0 0.9182692307692307 0.3016826923076923 0.019230769230769232 0.04326923076923077
0 0.9230769230769231 0.24759615384615385 0.019230769230769232 0.04326923076923077
0 0.8882211538461539 0.24158653846153846 0.019230769230769232 0.038461538461538464
0 0.8389423076923077 0.24278846153846154 0.02403846153846154 0.04326923076923077
0 0.796875 0.21995192307692307 0.014423076923076924 0.038461538461538464
0 0.8016826923076923 0.16826923076923078 0.014423076923076924 0.038461538461538464
0 0.8016826923076923 0.13581730769230768 0.01201923076923077 0.036057692307692304
0 0.8209134615384616 0.13942307692307693 0.01201923076923077 0.03365384615384615
0 0.8112980769230769 0.1622596153846154 0.01201923076923077 0.03125
0 0.8377403846153846 0.15144230769230768 0.014423076923076924 0.03365384615384615
0 0.8533653846153846 0.16105769230769232 0.014423076923076924 0.02403846153846154
0 0.8605769230769231 0.19230769230769232 0.019230769230769232 0.04326923076923077
0 0.8365384615384616 0.20432692307692307 0.019230769230769232 0.03365384615384615
0 0.8677884615384616 0.17668269230769232 0.019230769230769232 0.036057692307692304
0 0.8870192307692307 0.15865384615384615 0.014423076923076924 0.038461538461538464
0 0.9134615384615384 0.17067307692307693 0.009615384615384616 0.03365384615384615
0 0.8918269230769231 0.21394230769230768 0.014423076923076924 0.03365384615384615
0 0.9423076923076923 0.20793269230769232 0.014423076923076924 0.028846153846153848
0 0.9507211538461539 0.1814903846153846 0.01201923076923077 0.03125