0 0.0673076923076923 0.5240384615384616 0.09615384615384616 0.125
0 0.2127403846153846 0.4495192307692308 0.04567307692307692 0.08173076923076923
0 0.4375 0.33052884615384615 0.028846153846153848 0.055288461538461536
0 0.5360576923076923 0.4074519230769231 0.03365384615384615 0.06971153846153846
0 0.5600961538461539 0.453125 0.052884615384615384 0.08413461538461539
0 0.6177884615384616 0.5264423076923077 0.07211538461538461 0.1201923076923077
0 0.6298076923076923 0.4411057692307692 0.038461538461538464 0.0673076923076923
0 0.6814903846153846 0.45913461538461536 0.04567307692307692 0.08173076923076923
0 0.7175480769230769 0.4387019230769231 0.038461538461538464 0.07211538461538461
0 0.765625 0.46875 0.06009615384615385 0.08173076923076923
0 0.7908653846153846 0.6189903846153846 0.1201923076923077 0.22355769230769232
0 0.9266826923076923 0.5901442307692307 0.09375 0.14182692307692307
0 0.8725961538461539 0.4879807692307692 0.057692307692307696 0.09134615384615384
0 0.8521634615384616 0.44591346153846156 0.04326923076923077 0.06971153846153846
0 0.8846153846153846 0.41346153846153844 0.038461538461538464 0.07692307692307693
0 0.9663461538461539 0.4567307692307692 0.038461538461538464 0.07211538461538461
0 0.9795673076923077 0.4807692307692308 0.036057692307692304 0.08653846153846154