0 0.10096153846153846 0.8028846153846154 0.08653846153846154 0.11538461538461539
0 0.125 0.7331730769230769 0.0673076923076923 0.08173076923076923
0 0.15384615384615385 0.6646634615384616 0.052884615384615384 0.08653846153846154
0 0.27163461538461536 0.6141826923076923 0.038461538461538464 0.04807692307692308
0 0.3137019230769231 0.6826923076923077 0.06009615384615385 0.0673076923076923
0 0.27283653846153844 0.7463942307692307 0.08173076923076923 0.11778846153846154
0 0.36177884615384615 0.7680288461538461 0.07692307692307693 0.11538461538461539
0 0.40024038461538464 0.796875 0.10576923076923077 0.13701923076923078
0 0.3737980769230769 0.6237980769230769 0.040865384615384616 0.04807692307692308
0 0.4483173076923077 0.6778846153846154 0.055288461538461536 0.07692307692307693
0 0.46033653846153844 0.7487980769230769 0.052884615384615384 0.0889423076923077
0 0.5264423076923077 0.7379807692307693 0.07211538461538461 0.10576923076923077
0 0.5120192307692307 0.6730769230769231 0.04326923076923077 0.0673076923076923
0 0.5612980769230769 0.6838942307692307 0.052884615384615384 0.06490384615384616
0 0.6021634615384616 0.8545673076923077 0.10817307692307693 0.17307692307692307
0 0.6634615384615384 0.7079326923076923 0.0673076923076923 0.10576923076923077
0 0.7620192307692307 0.9122596153846154 0.13942307692307693 0.17307692307692307
0 0.7463942307692307 0.6382211538461539 0.04807692307692308 0.08173076923076923
0 0.7932692307692307 0.6694711538461539 0.04326923076923077 0.06490384615384616
0 0.8641826923076923 0.6778846153846154 0.05048076923076923 0.0673076923076923
0 0.9098557692307693 0.6742788461538461 0.038461538461538464 0.07211538461538461
0 0.9314903846153846 0.6370192307692307 0.040865384615384616 0.0625
0 0.9555288461538461 0.7043269230769231 0.06490384615384616 0.09615384615384616
0 0.8737980769230769 0.5036057692307693 0.028846153846153848 0.04326923076923077