0 0.28966346153846156 0.09495192307692307 0.06009615384615385 0.10817307692307693
0 0.44350961538461536 0.40384615384615385 0.055288461538461536 0.10096153846153846
0 0.43028846153846156 0.3245192307692308 0.04326923076923077 0.08173076923076923
0 0.4639423076923077 0.2956730769230769 0.03365384615384615 0.07211538461538461
0 0.49038461538461536 0.265625 0.028846153846153848 0.06009615384615385
0 0.5240384615384616 0.2548076923076923 0.028846153846153848 0.057692307692307696
0 0.5060096153846154 0.22355769230769232 0.02403846153846154 0.04326923076923077
0 0.5324519230769231 0.21514423076923078 0.02403846153846154 0.04567307692307692
0 0.5492788461538461 0.328125 0.03365384615384615 0.07211538461538461
0 0.6057692307692307 0.4411057692307692 0.0625 0.10817307692307693
0 0.5925480769230769 0.32572115384615385 0.04567307692307692 0.09134615384615384
0 0.5877403846153846 0.2608173076923077 0.026442307692307692 0.04807692307692308
0 0.5661057692307693 0.2283653846153846 0.02403846153846154 0.038461538461538464
0 0.5973557692307693 0.21033653846153846 0.026442307692307692 0.04326923076923077
0 0.7115384615384616 0.234375 0.019230769230769232 0.036057692307692304
0 0.7403846153846154 0.2439903846153846 0.019230769230769232 0.04326923076923077
0 0.7848557692307693 0.28365384615384615 0.026442307692307692 0.052884615384615384
0 0.8088942307692307 0.31490384615384615 0.040865384615384616 0.07211538461538461
0 0.7788461538461539 0.2283653846153846 0.019230769230769232 0.038461538461538464
0 0.8425480769230769 0.25721153846153844 0.028846153846153848 0.052884615384615384
0 0.8918269230769231 0.3269230769230769 0.03365384615384615 0.07692307692307693
0 0.9326923076923077 0.36177884615384615 0.04326923076923077 0.0889423076923077
0 0.11177884615384616 0.33413461538461536 0.0625 0.10096153846153846
0 0.06971153846153846 0.2800480769230769 0.04326923076923077 0.08173076923076923
0 0.09014423076923077 0.23317307692307693 0.036057692307692304 0.052884615384615384
0 0.11057692307692307 0.21634615384615385 0.028846153846153848 0.04807692307692308
0 0.16346153846153846 0.22235576923076922 0.028846153846153848 0.04567307692307692
0 0.18990384615384615 0.296875 0.038461538461538464 0.07932692307692307
0 0.23677884615384615 0.23677884615384615 0.03365384615384615 0.05048076923076923
0 0.21394230769230768 0.2247596153846154 0.03365384615384615 0.04567307692307692