0 0.5408653846153846 0.5817307692307693 0.11057692307692307 0.12980769230769232
0 0.7668269230769231 0.5072115384615384 0.10576923076923077 0.14903846153846154
0 0.8834134615384616 0.4110576923076923 0.06971153846153846 0.10096153846153846
0 0.9579326923076923 0.2848557692307692 0.038461538461538464 0.0673076923076923
0 0.7367788461538461 0.28966346153846156 0.04807692307692308 0.06490384615384616
0 0.6670673076923077 0.38100961538461536 0.07451923076923077 0.08653846153846154
0 0.6334134615384616 0.2980769230769231 0.04326923076923077 0.057692307692307696
0 0.5805288461538461 0.27403846153846156 0.036057692307692304 0.04807692307692308
0 0.5456730769230769 0.2932692307692308 0.03365384615384615 0.04807692307692308
0 0.5444711538461539 0.35096153846153844 0.0625 0.08653846153846154
0 0.47716346153846156 0.38341346153846156 0.0625 0.0673076923076923
0 0.42788461538461536 0.34975961538461536 0.04807692307692308 0.06009615384615385
0 0.4375 0.2956730769230769 0.038461538461538464 0.052884615384615384
0 0.5048076923076923 0.27884615384615385 0.028846153846153848 0.04807692307692308
0 0.46274038461538464 0.5012019230769231 0.08173076923076923 0.10576923076923077
0 0.25961538461538464 0.5721153846153846 0.10096153846153846 0.12980769230769232
0 0.22115384615384615 0.5096153846153846 0.0625 0.09615384615384616
0 0.14543269230769232 0.5372596153846154 0.07692307692307693 0.0889423076923077
0 0.13221153846153846 0.45072115384615385 0.0625 0.07932692307692307
0 0.16466346153846154 0.41947115384615385 0.04567307692307692 0.055288461538461536
0 0.20552884615384615 0.36658653846153844 0.05048076923076923 0.057692307692307696
0 0.30408653846153844 0.40865384615384615 0.057692307692307696 0.0625
0 0.296875 0.35697115384615385 0.04326923076923077 0.0625
0 0.11658653846153846 0.3762019230769231 0.040865384615384616 0.052884615384615384
0 0.019230769230769232 0.39302884615384615 0.038461538461538464 0.07932692307692307