0 0.078125 0.5432692307692307 0.04567307692307692 0.09615384615384616
0 0.23317307692307693 0.24759615384615385 0.019230769230769232 0.04326923076923077
0 0.24519230769230768 0.24639423076923078 0.019230769230769232 0.04567307692307692
0 0.2644230769230769 0.234375 0.019230769230769232 0.05048076923076923
0 0.32091346153846156 0.22235576923076922 0.021634615384615384 0.04326923076923077
0 0.32091346153846156 0.18629807692307693 0.021634615384615384 0.04326923076923077
0 0.3425480769230769 0.21995192307692307 0.019230769230769232 0.05048076923076923
0 0.3713942307692308 0.24759615384615385 0.021634615384615384 0.04807692307692308
0 0.359375 0.1875 0.016826923076923076 0.038461538461538464
0 0.3786057692307692 0.16947115384615385 0.016826923076923076 0.03365384615384615
0 0.40384615384615385 0.21634615384615385 0.019230769230769232 0.038461538461538464
0 0.44471153846153844 0.28125 0.02403846153846154 0.04326923076923077
0 0.4831730769230769 0.22115384615384615 0.02403846153846154 0.04807692307692308
0 0.5 0.18870192307692307 0.019230769230769232 0.04326923076923077
0 0.4855769230769231 0.14783653846153846 0.014423076923076924 0.038461538461538464
0 0.4987980769230769 0.1346153846153846 0.01201923076923077 0.03365384615384615
0 0.4543269230769231 0.14302884615384615 0.019230769230769232 0.038461538461538464
0 0.44350961538461536 0.17427884615384615 0.014423076923076924 0.040865384615384616
0 0.4254807692307692 0.1622596153846154 0.014423076923076924 0.038461538461538464
0 0.53125 0.14543269230769232 0.014423076923076924 0.04326923076923077
0 0.5540865384615384 0.20552884615384615 0.019230769230769232 0.04567307692307692
0 0.5865384615384616 0.1814903846153846 0.019230769230769232 0.04326923076923077
0 0.5564903846153846 0.14302884615384615 0.014423076923076924 0.03125
0 0.5588942307692307 0.1201923076923077 0.014423076923076924 0.03365384615384615
0 0.5829326923076923 0.1201923076923077 0.014423076923076924 0.03365384615384615
0 0.5889423076923077 0.14543269230769232 0.019230769230769232 0.03365384615384615
0 0.6009615384615384 0.11298076923076923 0.014423076923076924 0.02403846153846154
0 0.609375 0.13581730769230768 0.016826923076923076 0.03365384615384615
0 0.6165865384615384 0.17668269230769232 0.016826923076923076 0.036057692307692304
0 0.6141826923076923 0.15504807692307693 0.014423076923076924 0.028846153846153848
0 0.6322115384615384 0.11298076923076923 0.014423076923076924 0.03365384615384615
0 0.6526442307692307 0.13341346153846154 0.016826923076923076 0.036057692307692304
0 0.6586538461538461 0.11658653846153846 0.014423076923076924 0.036057692307692304
0 0.65625 0.16826923076923078 0.014423076923076924 0.03365384615384615
0 0.6682692307692307 0.2091346153846154 0.019230769230769232 0.052884615384615384
0 0.6923076923076923 0.19110576923076922 0.019230769230769232 0.04326923076923077
0 0.6875 0.1502403846153846 0.014423076923076924 0.04326923076923077
0 0.6911057692307693 0.12620192307692307 0.016826923076923076 0.03365384615384615
0 0.7163461538461539 0.13822115384615385 0.019230769230769232 0.038461538461538464
0 0.6105769230769231 0.2764423076923077 0.019230769230769232 0.052884615384615384
0 0.578125 0.3173076923076923 0.02403846153846154 0.057692307692307696
0 0.6141826923076923 0.35216346153846156 0.026442307692307692 0.057692307692307696
0 0.6586538461538461 0.38100961538461536 0.028846153846153848 0.07451923076923077
0 0.7295673076923077 0.3737980769230769 0.026442307692307692 0.06490384615384616
0 0.7211538461538461 0.24278846153846154 0.019230769230769232 0.04807692307692308
0 0.7415865384615384 0.21033653846153846 0.016826923076923076 0.04567307692307692
0 0.7596153846153846 0.1778846153846154 0.014423076923076924 0.028846153846153848
0 0.7764423076923077 0.1622596153846154 0.014423076923076924 0.04326923076923077
0 0.7632211538461539 0.25721153846153844 0.019230769230769232 0.052884615384615384
0 0.7956730769230769 0.22115384615384615 0.014423076923076924 0.04807692307692308
0 0.7836538461538461 0.20192307692307693 0.019230769230769232 0.038461538461538464
0 0.8137019230769231 0.16346153846153846 0.016826923076923076 0.038461538461538464
0 0.8305288461538461 0.19110576923076922 0.014423076923076924 0.038461538461538464
0 0.8100961538461539 0.21394230769230768 0.014423076923076924 0.04807692307692308
0 0.8149038461538461 0.2860576923076923 0.02403846153846154 0.052884615384615384
0 0.7992788461538461 0.4375 0.036057692307692304 0.07692307692307693
0 0.8497596153846154 0.47115384615384615 0.03365384615384615 0.07692307692307693
0 0.875 0.38822115384615385 0.02403846153846154 0.06490384615384616
0 0.8605769230769231 0.31490384615384615 0.019230769230769232 0.052884615384615384
0 0.8701923076923077 0.21634615384615385 0.014423076923076924 0.038461538461538464
0 0.8882211538461539 0.26322115384615385 0.016826923076923076 0.04567307692307692
0 0.8966346153846154 0.21995192307692307 0.014423076923076924 0.036057692307692304
0 0.9074519230769231 0.23557692307692307 0.01201923076923077 0.04326923076923077
0 0.9266826923076923 0.24759615384615385 0.016826923076923076 0.038461538461538464
0 0.9459134615384616 0.2247596153846154 0.01201923076923077 0.036057692307692304
0 0.9050480769230769 0.3161057692307692 0.019230769230769232 0.04567307692307692
0 0.9483173076923077 0.4266826923076923 0.02403846153846154 0.06971153846153846
0 0.9447115384615384 0.359375 0.02403846153846154 0.06009615384615385
0 0.9711538461538461 0.34134615384615385 0.019230769230769232 0.04807692307692308
0 0.9639423076923077 0.2980769230769231 0.014423076923076924 0.04807692307692308
0 0.9723557692307693 0.2824519230769231 0.01201923076923077 0.04326923076923077
0 0.9771634615384616 0.2403846153846154 0.01201923076923077 0.038461538461538464