0 0.08533653846153846 0.4735576923076923 0.03125 0.04807692307692308
0 0.1971153846153846 0.4639423076923077 0.03365384615384615 0.0625
0 0.15745192307692307 0.5805288461538461 0.028846153846153848 0.038461538461538464
0 0.22596153846153846 0.6165865384615384 0.028846153846153848 0.04807692307692308
0 0.265625 0.6213942307692307 0.036057692307692304 0.05048076923076923
0 0.2608173076923077 0.5889423076923077 0.021634615384615384 0.03365384615384615
0 0.23798076923076922 0.578125 0.02403846153846154 0.03125
0 0.3016826923076923 0.6021634615384616 0.02403846153846154 0.038461538461538464
0 0.33413461538461536 0.6165865384615384 0.03365384615384615 0.040865384615384616
0 0.375 0.6165865384615384 0.028846153846153848 0.04807692307692308
0 0.34375 0.5865384615384616 0.02403846153846154 0.03365384615384615
0 0.3245192307692308 0.5757211538461539 0.014423076923076924 0.03125
0 0.3954326923076923 0.5913461538461539 0.026442307692307692 0.04326923076923077
0 0.40024038461538464 0.578125 0.021634615384615384 0.03365384615384615
0 0.3713942307692308 0.5817307692307693 0.019230769230769232 0.028846153846153848
0 0.43028846153846156 0.6057692307692307 0.028846153846153848 0.038461538461538464
0 0.43149038461538464 0.5829326923076923 0.026442307692307692 0.03125
0 0.4579326923076923 0.5745192307692307 0.028846153846153848 0.04326923076923077
0 0.46033653846153844 0.609375 0.03125 0.05048076923076923
0 0.48197115384615385 0.6394230769230769 0.04326923076923077 0.057692307692307696
0 0.48677884615384615 0.5901442307692307 0.026442307692307692 0.040865384615384616
0 0.5192307692307693 0.5793269230769231 0.028846153846153848 0.03365384615384615
0 0.5456730769230769 0.6274038461538461 0.03365384615384615 0.0625
0 0.5889423076923077 0.6394230769230769 0.038461538461538464 0.0625
0 0.5901442307692307 0.5949519230769231 0.03125 0.05048076923076923
0 0.6334134615384616 0.6105769230769231 0.038461538461538464 0.0673076923076923
0 0.6634615384615384 0.640625 0.038461538461538464 0.06009615384615385
0 0.6586538461538461 0.6057692307692307 0.028846153846153848 0.038461538461538464
0 0.6959134615384616 0.6201923076923077 0.028846153846153848 0.04807692307692308
0 0.7367788461538461 0.6442307692307693 0.04807692307692308 0.0673076923076923
0 0.71875 0.6069711538461539 0.028846153846153848 0.05048076923076923
0 0.7632211538461539 0.609375 0.03365384615384615 0.05048076923076923
0 0.7872596153846154 0.640625 0.04326923076923077 0.06971153846153846
0 0.7944711538461539 0.5973557692307693 0.03125 0.05048076923076923
0 0.8377403846153846 0.6081730769230769 0.038461538461538464 0.07211538461538461
0 0.8569711538461539 0.5985576923076923 0.03125 0.052884615384615384
0 0.8713942307692307 0.6742788461538461 0.04567307692307692 0.08173076923076923
0 0.7139423076923077 0.46875 0.02403846153846154 0.04326923076923077