0 0.19951923076923078 0.45913461538461536 0.052884615384615384 0.08653846153846154
0 0.2512019230769231 0.3954326923076923 0.040865384615384616 0.10096153846153846
0 0.36778846153846156 0.2536057692307692 0.019230769230769232 0.040865384615384616
0 0.31490384615384615 0.2920673076923077 0.02403846153846154 0.04567307692307692
0 0.4807692307692308 0.32091346153846156 0.028846153846153848 0.06009615384615385
0 0.41225961538461536 0.23557692307692307 0.019230769230769232 0.038461538461538464
0 0.4375 0.2956730769230769 0.028846153846153848 0.04326923076923077
0 0.4495192307692308 0.22235576923076922 0.019230769230769232 0.040865384615384616
0 0.4519230769230769 0.18389423076923078 0.019230769230769232 0.040865384615384616
0 0.47596153846153844 0.19471153846153846 0.019230769230769232 0.03365384615384615
0 0.5396634615384616 0.19471153846153846 0.016826923076923076 0.03365384615384615
0 0.6622596153846154 0.25240384615384615 0.02403846153846154 0.052884615384615384
0 0.71875 0.28125 0.02403846153846154 0.052884615384615384
0 0.7692307692307693 0.2932692307692308 0.019230769230769232 0.052884615384615384
0 0.8822115384615384 0.21634615384615385 0.019230769230769232 0.04326923076923077
0 0.6923076923076923 0.14783653846153846 0.019230769230769232 0.036057692307692304
0 0.7199519230769231 0.140625 0.016826923076923076 0.03125
0 0.7331730769230769 0.14903846153846154 0.014423076923076924 0.038461538461538464
0 0.7524038461538461 0.14302884615384615 0.014423076923076924 0.03125
0 0.7752403846153846 0.15264423076923078 0.016826923076923076 0.040865384615384616
0 0.8028846153846154 0.16826923076923078 0.019230769230769232 0.038461538461538464
0 0.8185096153846154 0.12379807692307693 0.01201923076923077 0.028846153846153848
0 0.5793269230769231 0.14903846153846154 0.014423076923076924 0.03365384615384615
0 0.5540865384615384 0.14543269230769232 0.014423076923076924 0.03125
0 0.5336538461538461 0.13581730769230768 0.019230769230769232 0.03125
0 0.5132211538461539 0.15865384615384615 0.016826923076923076 0.038461538461538464
0 0.4831730769230769 0.15625 0.014423076923076924 0.03365384615384615
0 0.4699519230769231 0.15144230769230768 0.016826923076923076 0.03365384615384615