0 0.21754807692307693 0.44350961538461536 0.055288461538461536 0.11778846153846154
0 0.2644230769230769 0.4338942307692308 0.052884615384615384 0.11538461538461539
0 0.3233173076923077 0.2764423076923077 0.02403846153846154 0.04807692307692308
0 0.37740384615384615 0.25600961538461536 0.02403846153846154 0.04567307692307692
0 0.4230769230769231 0.23076923076923078 0.019230769230769232 0.04807692307692308
0 0.44350961538461536 0.2824519230769231 0.02403846153846154 0.04326923076923077
0 0.49038461538461536 0.3112980769230769 0.028846153846153848 0.0625
0 0.46274038461538464 0.22355769230769232 0.021634615384615384 0.04326923076923077
0 0.4639423076923077 0.18269230769230768 0.02403846153846154 0.038461538461538464
0 0.4891826923076923 0.1935096153846154 0.021634615384615384 0.04326923076923077
0 0.5504807692307693 0.19591346153846154 0.02403846153846154 0.040865384615384616
0 0.4639423076923077 0.09735576923076923 0.014423076923076924 0.03365384615384615
0 0.4951923076923077 0.07451923076923077 0.019230769230769232 0.03365384615384615
0 0.5480769230769231 0.1310096153846154 0.019230769230769232 0.03365384615384615
0 0.5685096153846154 0.14543269230769232 0.016826923076923076 0.036057692307692304
0 0.59375 0.14903846153846154 0.02403846153846154 0.038461538461538464
0 0.6766826923076923 0.24639423076923078 0.028846153846153848 0.0625
0 0.7355769230769231 0.28125 0.028846153846153848 0.0673076923076923
0 0.7115384615384616 0.1466346153846154 0.019230769230769232 0.038461538461538464
0 0.7307692307692307 0.14182692307692307 0.019230769230769232 0.04326923076923077
0 0.7524038461538461 0.14903846153846154 0.019230769230769232 0.038461538461538464
0 0.7740384615384616 0.13822115384615385 0.019230769230769232 0.040865384615384616
0 0.8028846153846154 0.15384615384615385 0.019230769230769232 0.038461538461538464
0 0.8233173076923077 0.16947115384615385 0.021634615384615384 0.04567307692307692
0 0.8413461538461539 0.12139423076923077 0.019230769230769232 0.036057692307692304
0 0.9098557692307693 0.23317307692307693 0.026442307692307692 0.052884615384615384
0 0.8497596153846154 0.31490384615384615 0.03365384615384615 0.0625