0 0.11177884615384616 0.4879807692307692 0.04807692307692308 0.11538461538461539
0 0.19951923076923078 0.3125 0.019230769230769232 0.052884615384615384
0 0.22596153846153846 0.30408653846153844 0.019230769230769232 0.06009615384615385
0 0.265625 0.24879807692307693 0.02403846153846154 0.052884615384615384
0 0.30528846153846156 0.25240384615384615 0.014423076923076924 0.04807692307692308
0 0.3245192307692308 0.24519230769230768 0.02403846153846154 0.057692307692307696
0 0.31009615384615385 0.22355769230769232 0.02403846153846154 0.04807692307692308
0 0.34615384615384615 0.21995192307692307 0.019230769230769232 0.052884615384615384
0 0.36899038461538464 0.27884615384615385 0.02403846153846154 0.0625
0 0.36177884615384615 0.20552884615384615 0.019230769230769232 0.04567307692307692
0 0.3870192307692308 0.19831730769230768 0.019230769230769232 0.05048076923076923
0 0.3954326923076923 0.2536057692307692 0.019230769230769232 0.052884615384615384
0 0.42788461538461536 0.203125 0.019230769230769232 0.04326923076923077
0 0.4254807692307692 0.16826923076923078 0.014423076923076924 0.038461538461538464
0 0.44471153846153844 0.1622596153846154 0.014423076923076924 0.04807692307692308
0 0.4675480769230769 0.2548076923076923 0.02403846153846154 0.057692307692307696
0 0.43509615384615385 0.3269230769230769 0.02403846153846154 0.057692307692307696
0 0.49278846153846156 0.2127403846153846 0.019230769230769232 0.055288461538461536
0 0.484375 0.1658653846153846 0.019230769230769232 0.04326923076923077
0 0.49278846153846156 0.15504807692307693 0.014423076923076924 0.036057692307692304
0 0.515625 0.16947115384615385 0.021634615384615384 0.05048076923076923
0 0.5300480769230769 0.23798076923076922 0.02403846153846154 0.057692307692307696
0 0.5528846153846154 0.13942307692307693 0.019230769230769232 0.04807692307692308
0 0.5612980769230769 0.171875 0.016826923076923076 0.040865384615384616
0 0.5721153846153846 0.2091346153846154 0.019230769230769232 0.052884615384615384
0 0.5805288461538461 0.17668269230769232 0.019230769230769232 0.04807692307692308
0 0.5793269230769231 0.13581730769230768 0.019230769230769232 0.040865384615384616
0 0.5949519230769231 0.11658653846153846 0.016826923076923076 0.04807692307692308
0 0.6021634615384616 0.19471153846153846 0.016826923076923076 0.052884615384615384
0 0.6057692307692307 0.15985576923076922 0.019230769230769232 0.036057692307692304
0 0.6213942307692307 0.20192307692307693 0.019230769230769232 0.04807692307692308
0 0.6310096153846154 0.12860576923076922 0.016826923076923076 0.040865384615384616
0 0.6514423076923077 0.15144230769230768 0.014423076923076924 0.04807692307692308
0 0.6586538461538461 0.19110576923076922 0.019230769230769232 0.04326923076923077
0 0.6646634615384616 0.13822115384615385 0.016826923076923076 0.04807692307692308
0 0.6875 0.13701923076923078 0.014423076923076924 0.04326923076923077
0 0.7127403846153846 0.15625 0.016826923076923076 0.04326923076923077
0 0.6875 0.1778846153846154 0.019230769230769232 0.038461538461538464
0 0.5721153846153846 0.3545673076923077 0.02403846153846154 0.07932692307692307
0 0.6033653846153846 0.38822115384615385 0.028846153846153848 0.07692307692307693
0 0.6177884615384616 0.3088942307692308 0.02403846153846154 0.06971153846153846
0 0.6550480769230769 0.265625 0.026442307692307692 0.0625
0 0.6610576923076923 0.41947115384615385 0.028846153846153848 0.06971153846153846
0 0.7091346153846154 0.21634615384615385 0.014423076923076924 0.04807692307692308
0 0.7235576923076923 0.2692307692307692 0.02403846153846154 0.052884615384615384
0 0.7475961538461539 0.30528846153846156 0.02403846153846154 0.057692307692307696
0 0.7391826923076923 0.24278846153846154 0.021634615384615384 0.057692307692307696
0 0.7548076923076923 0.2091346153846154 0.019230769230769232 0.04807692307692308
0 0.7752403846153846 0.2127403846153846 0.019230769230769232 0.04567307692307692
0 0.8064903846153846 0.19471153846153846 0.021634615384615384 0.04326923076923077
0 0.7920673076923077 0.2692307692307692 0.021634615384615384 0.0625
0 0.8125 0.3112980769230769 0.02403846153846154 0.06009615384615385
0 0.8149038461538461 0.23076923076923078 0.014423076923076924 0.04807692307692308
0 0.8305288461538461 0.22235576923076922 0.014423076923076924 0.04567307692307692
0 0.8665865384615384 0.23557692307692307 0.01201923076923077 0.04326923076923077
0 0.7271634615384616 0.4182692307692308 0.03365384615384615 0.07692307692307693
0 0.7932692307692307 0.4807692307692308 0.038461538461538464 0.10576923076923077
0 0.8653846153846154 0.5216346153846154 0.038461538461538464 0.09134615384615384
0 0.8774038461538461 0.46153846153846156 0.03365384615384615 0.07692307692307693
0 0.8569711538461539 0.35096153846153844 0.019230769230769232 0.057692307692307696
0 0.8701923076923077 0.33413461538461536 0.019230769230769232 0.057692307692307696
0 0.8846153846153846 0.28125 0.02403846153846154 0.052884615384615384
0 0.9002403846153846 0.265625 0.016826923076923076 0.040865384615384616
0 0.90625 0.23557692307692307 0.019230769230769232 0.04807692307692308
0 0.9350961538461539 0.27884615384615385 0.014423076923076924 0.04326923076923077
0 0.9471153846153846 0.2548076923076923 0.009615384615384616 0.038461538461538464
0 0.9290865384615384 0.34615384615384615 0.019230769230769232 0.057692307692307696
0 0.9471153846153846 0.4014423076923077 0.019230769230769232 0.0625
0 0.9519230769230769 0.46274038461538464 0.02403846153846154 0.07692307692307693
0 0.9735576923076923 0.3858173076923077 0.014423076923076924 0.052884615384615384
0 0.9627403846153846 0.33774038461538464 0.016826923076923076 0.04807692307692308
0 0.9747596153846154 0.31971153846153844 0.01201923076923077 0.04326923076923077
0 0.9855769230769231 0.2932692307692308 0.019230769230769232 0.04807692307692308