0 0.0829326923076923 0.27884615384615385 0.04807692307692308 0.08653846153846154
0 0.12860576923076922 0.23557692307692307 0.03365384615384615 0.08173076923076923
0 0.15625 0.2283653846153846 0.03365384615384615 0.07692307692307693
0 0.171875 0.2920673076923077 0.03365384615384615 0.08653846153846154
0 0.21995192307692307 0.25240384615384615 0.038461538461538464 0.07211538461538461
0 0.23197115384615385 0.2091346153846154 0.03125 0.0625
0 0.2824519230769231 0.24879807692307693 0.038461538461538464 0.06490384615384616
0 0.27524038461538464 0.3858173076923077 0.04807692307692308 0.09615384615384616
0 0.3762019230769231 0.4567307692307692 0.04807692307692308 0.11538461538461539
0 0.3629807692307692 0.3870192307692308 0.04326923076923077 0.08653846153846154
0 0.4387019230769231 0.27163461538461536 0.036057692307692304 0.07211538461538461
0 0.4699519230769231 0.24879807692307693 0.026442307692307692 0.052884615384615384
0 0.5036057692307693 0.3016826923076923 0.02403846153846154 0.05048076923076923
0 0.5516826923076923 0.30408653846153844 0.026442307692307692 0.0625
0 0.46033653846153844 0.43509615384615385 0.05048076923076923 0.11538461538461539
0 0.5108173076923077 0.48677884615384615 0.07451923076923077 0.14903846153846154
0 0.5396634615384616 0.390625 0.03365384615384615 0.08653846153846154
0 0.5997596153846154 0.359375 0.03365384615384615 0.06490384615384616
0 0.6262019230769231 0.39903846153846156 0.04567307692307692 0.08653846153846154
0 0.6382211538461539 0.5456730769230769 0.06490384615384616 0.13942307692307693
0 0.7716346153846154 0.6622596153846154 0.10576923076923077 0.20673076923076922
0 0.953125 0.6201923076923077 0.09134615384615384 0.19230769230769232
0 0.7728365384615384 0.45552884615384615 0.05048076923076923 0.09615384615384616
0 0.7103365384615384 0.40625 0.038461538461538464 0.07211538461538461
0 0.6935096153846154 0.35216346153846156 0.038461538461538464 0.06971153846153846
0 0.7475961538461539 0.34375 0.03365384615384615 0.0625
0 0.78125 0.33653846153846156 0.02403846153846154 0.057692307692307696
0 0.8413461538461539 0.3942307692307692 0.038461538461538464 0.07692307692307693
0 0.8834134615384616 0.4254807692307692 0.04326923076923077 0.10096153846153846
0 0.8461538461538461 0.33653846153846156 0.028846153846153848 0.0625
0 0.9254807692307693 0.36177884615384615 0.03365384615384615 0.06490384615384616
0 0.9230769230769231 0.328125 0.028846153846153848 0.04567307692307692
0 0.9795673076923077 0.34615384615384615 0.026442307692307692 0.0625
0 0.9867788461538461 0.42908653846153844 0.021634615384615384 0.0889423076923077