0 0.23918269230769232 0.18269230769230768 0.0673076923076923 0.10576923076923077
0 0.2764423076923077 0.5540865384615384 0.10096153846153846 0.125
0 0.40384615384615385 0.48677884615384615 0.07692307692307693 0.11298076923076923
0 0.4891826923076923 0.47836538461538464 0.07451923076923077 0.09134615384615384
0 0.5649038461538461 0.4735576923076923 0.0625 0.09134615384615384
0 0.6310096153846154 0.4651442307692308 0.06490384615384616 0.08653846153846154
0 0.6730769230769231 0.44711538461538464 0.057692307692307696 0.08173076923076923
0 0.7247596153846154 0.4206730769230769 0.057692307692307696 0.08173076923076923
0 0.7872596153846154 0.37259615384615385 0.05048076923076923 0.07211538461538461
0 0.8088942307692307 0.3605769230769231 0.038461538461538464 0.057692307692307696
0 0.44711538461538464 0.7788461538461539 0.16346153846153846 0.23557692307692307
0 0.6045673076923077 0.7247596153846154 0.15384615384615385 0.1971153846153846
0 0.7295673076923077 0.625 0.1346153846153846 0.16826923076923078
0 0.7259615384615384 0.53125 0.11538461538461539 0.12980769230769232
0 0.7860576923076923 0.49158653846153844 0.08653846153846154 0.10817307692307693
0 0.8293269230769231 0.4795673076923077 0.0625 0.11057692307692307
0 0.9314903846153846 0.4651442307692308 0.09375 0.10576923076923077