0 0.08653846153846154 0.7043269230769231 0.08173076923076923 0.10576923076923077
0 0.05889423076923077 0.6610576923076923 0.06009615384615385 0.08173076923076923
0 0.02283653846153846 0.6370192307692307 0.04326923076923077 0.0625
0 0.020432692307692308 0.6117788461538461 0.040865384615384616 0.06009615384615385
0 0.13221153846153846 0.6165865384615384 0.04326923076923077 0.07211538461538461
0 0.17668269230769232 0.4879807692307692 0.04807692307692308 0.057692307692307696
0 0.17548076923076922 0.6959134615384616 0.07211538461538461 0.12980769230769232
0 0.24278846153846154 0.7632211538461539 0.125 0.21634615384615385
0 0.18870192307692307 0.6165865384615384 0.036057692307692304 0.06490384615384616
0 0.23918269230769232 0.6502403846153846 0.04326923076923077 0.06971153846153846
0 0.29086538461538464 0.6670673076923077 0.052884615384615384 0.07692307692307693
0 0.3473557692307692 0.6706730769230769 0.06009615384615385 0.10096153846153846
0 0.4855769230769231 0.8341346153846154 0.11538461538461539 0.1875
0 0.47716346153846156 0.7079326923076923 0.06971153846153846 0.11057692307692307
0 0.5973557692307693 0.6706730769230769 0.07451923076923077 0.10096153846153846
0 0.6802884615384616 0.7524038461538461 0.09134615384615384 0.13942307692307693
0 0.6862980769230769 0.6598557692307693 0.057692307692307696 0.0985576923076923
0 0.7295673076923077 0.6730769230769231 0.0673076923076923 0.10576923076923077
0 0.8473557692307693 0.6586538461538461 0.07451923076923077 0.11538461538461539