0 0.036057692307692304 0.5300480769230769 0.038461538461538464 0.06490384615384616
0 0.11177884615384616 0.5360576923076923 0.03365384615384615 0.0625
0 0.11538461538461539 0.7572115384615384 0.09615384615384616 0.17307692307692307
0 0.11538461538461539 0.6466346153846154 0.052884615384615384 0.09134615384615384
0 0.2692307692307692 0.6490384615384616 0.0673076923076923 0.125
0 0.27283653846153844 0.53125 0.04326923076923077 0.08173076923076923
0 0.34134615384615385 0.5949519230769231 0.04807692307692308 0.08173076923076923
0 0.3713942307692308 0.5625 0.036057692307692304 0.057692307692307696
0 0.40384615384615385 0.5228365384615384 0.028846153846153848 0.055288461538461536
0 0.3161057692307692 0.5456730769230769 0.03365384615384615 0.052884615384615384
0 0.5588942307692307 0.4387019230769231 0.03125 0.052884615384615384
0 0.5661057692307693 0.5817307692307693 0.03365384615384615 0.052884615384615384
0 0.5757211538461539 0.5552884615384616 0.03125 0.0625
0 0.6310096153846154 0.6213942307692307 0.06009615384615385 0.10336538461538461
0 0.6514423076923077 0.5528846153846154 0.02403846153846154 0.0673076923076923
0 0.6658653846153846 0.5733173076923077 0.03365384615384615 0.055288461538461536
0 0.6959134615384616 0.5649038461538461 0.036057692307692304 0.0625
0 0.7319711538461539 0.6538461538461539 0.06971153846153846 0.1346153846153846
0 0.7824519230769231 0.6009615384615384 0.04326923076923077 0.07692307692307693
0 0.8786057692307693 0.5372596153846154 0.04326923076923077 0.05048076923076923
0 0.9194711538461539 0.6971153846153846 0.08413461538461539 0.1346153846153846
0 0.9699519230769231 0.5673076923076923 0.03365384615384615 0.057692307692307696
0 0.9579326923076923 0.546875 0.03125 0.0673076923076923