0 0.06850961538461539 0.36177884615384615 0.040865384615384616 0.06971153846153846
0 0.09254807692307693 0.32091346153846156 0.026442307692307692 0.03365384615384615
0 0.13581730769230768 0.33533653846153844 0.026442307692307692 0.04326923076923077
0 0.15745192307692307 0.4254807692307692 0.06490384615384616 0.11057692307692307
0 0.21634615384615385 0.34615384615384615 0.028846153846153848 0.057692307692307696
0 0.25961538461538464 0.39663461538461536 0.0673076923076923 0.1201923076923077
0 0.35216346153846156 0.34375 0.02403846153846154 0.04326923076923077
0 0.359375 0.4014423076923077 0.04326923076923077 0.07211538461538461
0 0.4963942307692308 0.4014423076923077 0.04326923076923077 0.07692307692307693
0 0.46875 0.27884615384615385 0.02403846153846154 0.038461538461538464
0 0.47716346153846156 0.3605769230769231 0.028846153846153848 0.038461538461538464
0 0.4675480769230769 0.3293269230769231 0.019230769230769232 0.03365384615384615
0 0.5444711538461539 0.36538461538461536 0.028846153846153848 0.052884615384615384
0 0.5757211538461539 0.3641826923076923 0.016826923076923076 0.026442307692307692
0 0.8521634615384616 0.5228365384615384 0.07211538461538461 0.13221153846153846
0 0.8269230769230769 0.41225961538461536 0.038461538461538464 0.07932692307692307
0 0.8990384615384616 0.36538461538461536 0.02403846153846154 0.052884615384615384
0 0.9170673076923077 0.36899038461538464 0.03365384615384615 0.057692307692307696
0 0.9543269230769231 0.41466346153846156 0.04326923076923077 0.08413461538461539
0 0.014423076923076924 0.375 0.028846153846153848 0.07692307692307693