0 0.06610576923076923 0.47115384615384615 0.038461538461538464 0.07692307692307693
0 0.2247596153846154 0.3293269230769231 0.021634615384615384 0.04326923076923077
0 0.27403846153846156 0.30528846153846156 0.019230769230769232 0.04326923076923077
0 0.24759615384615385 0.35697115384615385 0.02403846153846154 0.04567307692307692
0 0.28125 0.35336538461538464 0.019230769230769232 0.04326923076923077
0 0.33774038461538464 0.2932692307692308 0.019230769230769232 0.038461538461538464
0 0.3233173076923077 0.3425480769230769 0.019230769230769232 0.040865384615384616
0 0.375 0.25841346153846156 0.019230769230769232 0.038461538461538464
0 0.3918269230769231 0.27524038461538464 0.02403846153846154 0.040865384615384616
0 0.36778846153846156 0.3293269230769231 0.02403846153846154 0.03365384615384615
0 0.3954326923076923 0.33533653846153844 0.019230769230769232 0.038461538461538464
0 0.4098557692307692 0.2536057692307692 0.016826923076923076 0.03125
0 0.4338942307692308 0.2548076923076923 0.01201923076923077 0.028846153846153848
0 0.44471153846153844 0.24759615384615385 0.019230769230769232 0.04326923076923077
0 0.45552884615384615 0.23197115384615385 0.021634615384615384 0.038461538461538464
0 0.4951923076923077 0.2403846153846154 0.009615384615384616 0.02403846153846154
0 0.48677884615384615 0.25961538461538464 0.016826923076923076 0.028846153846153848
0 0.5 0.2644230769230769 0.019230769230769232 0.03365384615384615
0 0.5084134615384616 0.2439903846153846 0.01201923076923077 0.019230769230769232
0 0.5288461538461539 0.23918269230769232 0.009615384615384616 0.02403846153846154
0 0.5396634615384616 0.21754807692307693 0.01201923076923077 0.02403846153846154
0 0.5528846153846154 0.20432692307692307 0.009615384615384616 0.02403846153846154
0 0.4326923076923077 0.33533653846153844 0.019230769230769232 0.038461538461538464
0 0.45072115384615385 0.31490384615384615 0.021634615384615384 0.03365384615384615
0 0.48677884615384615 0.3125 0.019230769230769232 0.038461538461538464
0 0.5540865384615384 0.27163461538461536 0.01201923076923077 0.028846153846153848
0 0.5649038461538461 0.24879807692307693 0.02403846153846154 0.028846153846153848
0 0.5841346153846154 0.25 0.02403846153846154 0.028846153846153848
0 0.5817307692307693 0.21995192307692307 0.019230769230769232 0.040865384615384616
0 0.5901442307692307 0.19951923076923078 0.016826923076923076 0.03365384615384615
0 0.6033653846153846 0.21514423076923078 0.014423076923076924 0.03125
0 0.6177884615384616 0.21634615384615385 0.014423076923076924 0.028846153846153848
0 0.44711538461538464 0.40384615384615385 0.02403846153846154 0.057692307692307696
0 0.5108173076923077 0.3629807692307692 0.021634615384615384 0.052884615384615384
0 0.5216346153846154 0.39903846153846156 0.02403846153846154 0.052884615384615384
0 0.5745192307692307 0.3293269230769231 0.019230769230769232 0.04326923076923077
0 0.5709134615384616 0.3894230769230769 0.036057692307692304 0.04807692307692308
0 0.5685096153846154 0.44350961538461536 0.03125 0.06490384615384616
0 0.6394230769230769 0.21153846153846154 0.019230769230769232 0.028846153846153848
0 0.6514423076923077 0.21634615384615385 0.014423076923076924 0.028846153846153848
0 0.6177884615384616 0.2536057692307692 0.02403846153846154 0.040865384615384616
0 0.6454326923076923 0.26802884615384615 0.019230769230769232 0.040865384615384616
0 0.6153846153846154 0.3004807692307692 0.028846153846153848 0.038461538461538464
0 0.6225961538461539 0.34375 0.019230769230769232 0.04807692307692308
0 0.6322115384615384 0.36658653846153844 0.02403846153846154 0.055288461538461536
0 0.6742788461538461 0.2127403846153846 0.019230769230769232 0.026442307692307692
0 0.6778846153846154 0.2439903846153846 0.019230769230769232 0.03365384615384615
0 0.6670673076923077 0.2956730769230769 0.02403846153846154 0.038461538461538464
0 0.6634615384615384 0.35697115384615385 0.019230769230769232 0.055288461538461536
0 0.6177884615384616 0.47115384615384615 0.038461538461538464 0.0673076923076923
0 0.6983173076923077 0.4014423076923077 0.03125 0.052884615384615384
0 0.6887019230769231 0.5060096153846154 0.036057692307692304 0.07932692307692307
0 0.6983173076923077 0.2776442307692308 0.014423076923076924 0.03365384615384615
0 0.7103365384615384 0.24519230769230768 0.016826923076923076 0.028846153846153848
0 0.71875 0.24879807692307693 0.019230769230769232 0.040865384615384616
0 0.7367788461538461 0.2283653846153846 0.016826923076923076 0.02403846153846154
0 0.7379807692307693 0.25961538461538464 0.014423076923076924 0.028846153846153848
0 0.7487980769230769 0.2776442307692308 0.01201923076923077 0.028846153846153848
0 0.7560096153846154 0.23677884615384615 0.01201923076923077 0.021634615384615384
0 0.7728365384615384 0.23918269230769232 0.014423076923076924 0.026442307692307692
0 0.78125 0.25961538461538464 0.019230769230769232 0.04807692307692308
0 0.7884615384615384 0.2956730769230769 0.019230769230769232 0.03365384615384615
0 0.7848557692307693 0.35336538461538464 0.021634615384615384 0.04807692307692308
0 0.7367788461538461 0.421875 0.03125 0.057692307692307696
0 0.7992788461538461 0.5024038461538461 0.026442307692307692 0.0625
0 0.8233173076923077 0.46153846153846156 0.026442307692307692 0.0673076923076923
0 0.8149038461538461 0.24879807692307693 0.014423076923076924 0.028846153846153848
0 0.8028846153846154 0.32211538461538464 0.019230769230769232 0.038461538461538464
0 0.8100961538461539 0.30288461538461536 0.014423076923076924 0.038461538461538464
0 0.8329326923076923 0.2620192307692308 0.014423076923076924 0.02403846153846154
0 0.8449519230769231 0.25240384615384615 0.01201923076923077 0.02403846153846154
0 0.8641826923076923 0.27163461538461536 0.014423076923076924 0.02403846153846154
0 0.8473557692307693 0.34134615384615385 0.021634615384615384 0.04807692307692308
0 0.8317307692307693 0.359375 0.019230769230769232 0.052884615384615384
0 0.8810096153846154 0.45072115384615385 0.03125 0.057692307692307696
0 0.8774038461538461 0.31490384615384615 0.014423076923076924 0.03365384615384615
0 0.8966346153846154 0.3016826923076923 0.019230769230769232 0.04567307692307692
0 0.9050480769230769 0.27283653846153844 0.009615384615384616 0.02403846153846154
0 0.90625 0.3545673076923077 0.019230769230769232 0.05048076923076923
0 0.8233173076923077 0.27163461538461536 0.01201923076923077 0.038461538461538464
0 0.859375 0.30649038461538464 0.019230769230769232 0.04807692307692308
0 0.390625 0.29927884615384615 0.019230769230769232 0.038461538461538464
0 0.34134615384615385 0.3161057692307692 0.019230769230769232 0.03125