0 0.03485576923076923 0.36538461538461536 0.03125 0.057692307692307696
0 0.2536057692307692 0.2776442307692308 0.021634615384615384 0.040865384615384616
0 0.28725961538461536 0.25961538461538464 0.016826923076923076 0.038461538461538464
0 0.29927884615384615 0.25721153846153844 0.021634615384615384 0.04326923076923077
0 0.3233173076923077 0.27403846153846156 0.021634615384615384 0.038461538461538464
0 0.3425480769230769 0.26802884615384615 0.019230769230769232 0.038461538461538464
0 0.31490384615384615 0.21995192307692307 0.019230769230769232 0.036057692307692304
0 0.34134615384615385 0.22235576923076922 0.019230769230769232 0.03125
0 0.36899038461538464 0.22716346153846154 0.016826923076923076 0.036057692307692304
0 0.36899038461538464 0.20432692307692307 0.019230769230769232 0.03365384615384615
0 0.38221153846153844 0.19831730769230768 0.014423076923076924 0.03125
0 0.41225961538461536 0.22115384615384615 0.016826923076923076 0.038461538461538464
0 0.40625 0.2764423076923077 0.028846153846153848 0.052884615384615384
0 0.4387019230769231 0.22355769230769232 0.019230769230769232 0.04807692307692308
0 0.43028846153846156 0.18870192307692307 0.019230769230769232 0.03365384615384615
0 0.4110576923076923 0.17067307692307693 0.014423076923076924 0.03365384615384615
0 0.4495192307692308 0.18629807692307693 0.014423076923076924 0.03365384615384615
0 0.4675480769230769 0.18389423076923078 0.019230769230769232 0.036057692307692304
0 0.45072115384615385 0.14783653846153846 0.016826923076923076 0.026442307692307692
0 0.47115384615384615 0.14302884615384615 0.014423076923076924 0.03125
0 0.48197115384615385 0.15745192307692307 0.016826923076923076 0.03125
0 0.4723557692307692 0.23197115384615385 0.021634615384615384 0.04567307692307692
0 0.49038461538461536 0.19831730769230768 0.019230769230769232 0.040865384615384616
0 0.5108173076923077 0.15985576923076922 0.016826923076923076 0.03125
0 0.4831730769230769 0.12980769230769232 0.014423076923076924 0.019230769230769232
0 0.5336538461538461 0.13942307692307693 0.009615384615384616 0.028846153846153848
0 0.5540865384615384 0.1502403846153846 0.016826923076923076 0.03365384615384615
0 0.5685096153846154 0.15745192307692307 0.019230769230769232 0.040865384615384616
0 0.5588942307692307 0.11057692307692307 0.01201923076923077 0.028846153846153848
0 0.5877403846153846 0.11778846153846154 0.01201923076923077 0.02403846153846154
0 0.5841346153846154 0.13581730769230768 0.014423076923076924 0.03125
0 0.609375 0.15504807692307693 0.019230769230769232 0.03365384615384615
0 0.6057692307692307 0.13341346153846154 0.014423076923076924 0.028846153846153848
0 0.5901442307692307 0.0985576923076923 0.014423076923076924 0.03365384615384615
0 0.6165865384615384 0.1141826923076923 0.01201923076923077 0.026442307692307692
0 0.6382211538461539 0.109375 0.014423076923076924 0.03125
0 0.6478365384615384 0.1141826923076923 0.01201923076923077 0.026442307692307692
0 0.6742788461538461 0.1141826923076923 0.014423076923076924 0.028846153846153848
0 0.6983173076923077 0.09615384615384616 0.016826923076923076 0.03365384615384615
0 0.4807692307692308 0.30408653846153844 0.028846153846153848 0.057692307692307696
0 0.53125 0.20673076923076922 0.02403846153846154 0.038461538461538464
0 0.5384615384615384 0.29927884615384615 0.028846153846153848 0.06009615384615385
0 0.5649038461538461 0.2512019230769231 0.02403846153846154 0.04567307692307692
0 0.6069711538461539 0.25 0.02403846153846154 0.04807692307692308
0 0.5985576923076923 0.3317307692307692 0.028846153846153848 0.0673076923076923
0 0.6790865384615384 0.32211538461538464 0.03125 0.057692307692307696
0 0.6574519230769231 0.26802884615384615 0.02403846153846154 0.04807692307692308
0 0.6201923076923077 0.20673076923076922 0.02403846153846154 0.04807692307692308
0 0.65625 0.20192307692307693 0.02403846153846154 0.04807692307692308
0 0.6502403846153846 0.17307692307692307 0.019230769230769232 0.038461538461538464
0 0.6826923076923077 0.15504807692307693 0.019230769230769232 0.036057692307692304
0 0.6923076923076923 0.17548076923076922 0.019230769230769232 0.04326923076923077
0 0.6983173076923077 0.21153846153846154 0.02403846153846154 0.04807692307692308
0 0.7223557692307693 0.265625 0.03125 0.06009615384615385
0 0.7475961538461539 0.234375 0.028846153846153848 0.057692307692307696
0 0.7836538461538461 0.28846153846153844 0.028846153846153848 0.0673076923076923
0 0.8125 0.21995192307692307 0.028846153846153848 0.055288461538461536
0 0.7307692307692307 0.19831730769230768 0.019230769230769232 0.04567307692307692
0 0.7115384615384616 0.1346153846153846 0.019230769230769232 0.038461538461538464
0 0.7295673076923077 0.15504807692307693 0.019230769230769232 0.036057692307692304
0 0.7331730769230769 0.1201923076923077 0.014423076923076924 0.028846153846153848
0 0.75 0.11538461538461539 0.014423076923076924 0.028846153846153848
0 0.7487980769230769 0.14783653846153846 0.016826923076923076 0.038461538461538464
0 0.7596153846153846 0.15985576923076922 0.019230769230769232 0.036057692307692304
0 0.765625 0.12740384615384615 0.014423076923076924 0.03365384615384615
0 0.7824519230769231 0.1141826923076923 0.01201923076923077 0.03125
0 0.7956730769230769 0.13341346153846154 0.014423076923076924 0.03125
0 0.7956730769230769 0.17427884615384615 0.019230769230769232 0.036057692307692304
0 0.8125 0.16466346153846154 0.019230769230769232 0.038461538461538464
0 0.8245192307692307 0.13221153846153846 0.014423076923076924 0.03365384615384615
0 0.8112980769230769 0.12379807692307693 0.016826923076923076 0.03365384615384615
0 0.8425480769230769 0.18629807692307693 0.021634615384615384 0.04326923076923077
0 0.8701923076923077 0.22115384615384615 0.019230769230769232 0.038461538461538464
0 0.9182692307692307 0.2800480769230769 0.028846153846153848 0.055288461538461536
0 0.8894230769230769 0.1875 0.019230769230769232 0.038461538461538464
0 0.8689903846153846 0.1658653846153846 0.019230769230769232 0.03365384615384615
0 0.8545673076923077 0.15504807692307693 0.014423076923076924 0.03365384615384615
0 0.8605769230769231 0.13341346153846154 0.014423076923076924 0.028846153846153848
0 0.8665865384615384 0.12259615384615384 0.014423076923076924 0.02403846153846154
0 0.8870192307692307 0.14903846153846154 0.014423076923076924 0.028846153846153848
0 0.8966346153846154 0.12740384615384615 0.014423076923076924 0.02403846153846154
0 0.921875 0.19831730769230768 0.014423076923076924 0.040865384615384616
0 0.9266826923076923 0.17067307692307693 0.01201923076923077 0.02403846153846154
0 0.9254807692307693 0.15384615384615385 0.014423076923076924 0.019230769230769232