0 0.20552884615384615 0.4375 0.038461538461538464 0.07692307692307693
0 0.16105769230769232 0.22596153846153846 0.014423076923076924 0.038461538461538464
0 0.2860576923076923 0.23076923076923078 0.014423076923076924 0.038461538461538464
0 0.3329326923076923 0.21394230769230768 0.019230769230769232 0.03365384615384615
0 0.3485576923076923 0.25961538461538464 0.02403846153846154 0.04326923076923077
0 0.35697115384615385 0.21514423076923078 0.019230769230769232 0.038461538461538464
0 0.39302884615384615 0.19471153846153846 0.019230769230769232 0.03365384615384615
0 0.40865384615384615 0.24278846153846154 0.019230769230769232 0.03365384615384615
0 0.4206730769230769 0.19471153846153846 0.014423076923076924 0.03365384615384615
0 0.4495192307692308 0.21394230769230768 0.019230769230769232 0.038461538461538464
0 0.49158653846153844 0.171875 0.014423076923076924 0.03125
0 0.4723557692307692 0.15384615384615385 0.014423076923076924 0.028846153846153848
0 0.4411057692307692 0.15625 0.016826923076923076 0.02403846153846154
0 0.4230769230769231 0.16105769230769232 0.009615384615384616 0.019230769230769232
0 0.5432692307692307 0.19110576923076922 0.019230769230769232 0.04567307692307692
0 0.5432692307692307 0.15504807692307693 0.019230769230769232 0.03125
0 0.49038461538461536 0.13701923076923078 0.014423076923076924 0.03365384615384615
0 0.5 0.1502403846153846 0.019230769230769232 0.026442307692307692
0 0.6634615384615384 0.04927884615384615 0.014423076923076924 0.02403846153846154
0 0.7319711538461539 0.14182692307692307 0.014423076923076924 0.03365384615384615
0 0.6514423076923077 0.22716346153846154 0.019230769230769232 0.04326923076923077
0 0.6730769230769231 0.2283653846153846 0.019230769230769232 0.038461538461538464
0 0.5985576923076923 0.23317307692307693 0.02403846153846154 0.03365384615384615
0 0.9110576923076923 0.3557692307692308 0.028846153846153848 0.057692307692307696
0 0.8918269230769231 0.23918269230769232 0.019230769230769232 0.04326923076923077
0 0.9206730769230769 0.24158653846153846 0.019230769230769232 0.04567307692307692
0 0.9002403846153846 0.19831730769230768 0.014423076923076924 0.036057692307692304
0 0.9375 0.20192307692307693 0.014423076923076924 0.038461538461538464
0 0.9543269230769231 0.17668269230769232 0.014423076923076924 0.028846153846153848