0 0.04807692307692308 0.5973557692307693 0.09134615384615384 0.19471153846153846
0 0.07932692307692307 0.39302884615384615 0.057692307692307696 0.10576923076923077
0 0.11177884615384616 0.42908653846153844 0.0625 0.0889423076923077
0 0.12980769230769232 0.3954326923076923 0.0625 0.08653846153846154
0 0.21033653846153846 0.5 0.08653846153846154 0.14423076923076922
0 0.33413461538461536 0.8377403846153846 0.20673076923076922 0.31971153846153844
0 0.265625 0.4026442307692308 0.06490384615384616 0.09375
0 0.32211538461538464 0.3786057692307692 0.04807692307692308 0.07211538461538461
0 0.3581730769230769 0.6069711538461539 0.14903846153846154 0.21394230769230768
0 0.43149038461538464 0.40865384615384615 0.055288461538461536 0.11057692307692307
0 0.5240384615384616 0.4651442307692308 0.07692307692307693 0.12980769230769232
0 0.5709134615384616 0.35697115384615385 0.04326923076923077 0.08413461538461539
0 0.609375 0.35096153846153844 0.038461538461538464 0.07211538461538461
0 0.5012019230769231 0.21875 0.03365384615384615 0.0625
0 0.6442307692307693 0.4411057692307692 0.0673076923076923 0.1346153846153846
0 0.6887019230769231 0.5060096153846154 0.09134615384615384 0.16826923076923078
0 0.6802884615384616 0.3545673076923077 0.04326923076923077 0.07211538461538461
0 0.7475961538461539 0.38100961538461536 0.057692307692307696 0.0985576923076923
0 0.7536057692307693 0.3293269230769231 0.05048076923076923 0.07211538461538461
0 0.7872596153846154 0.35697115384615385 0.052884615384615384 0.08413461538461539
0 0.8629807692307693 0.33533653846153844 0.052884615384615384 0.07932692307692307
0 0.8870192307692307 0.3545673076923077 0.04326923076923077 0.07211538461538461
0 0.9507211538461539 0.3894230769230769 0.06490384615384616 0.10576923076923077
0 0.9675480769230769 0.5637019230769231 0.0625 0.1971153846153846
0 0.8774038461538461 0.7644230769230769 0.1971153846153846 0.34134615384615385
0 0.8149038461538461 0.484375 0.08173076923076923 0.125