0 0.20072115384615385 0.4567307692307692 0.040865384615384616 0.08653846153846154
0 0.42908653846153844 0.08774038461538461 0.01201923076923077 0.021634615384615384
0 0.484375 0.17908653846153846 0.016826923076923076 0.040865384615384616
0 0.5144230769230769 0.18629807692307693 0.019230769230769232 0.03125
0 0.5576923076923077 0.13581730769230768 0.014423076923076924 0.03365384615384615
0 0.7067307692307693 0.17668269230769232 0.019230769230769232 0.038461538461538464
0 0.7608173076923077 0.1778846153846154 0.014423076923076924 0.03365384615384615
0 0.7932692307692307 0.18990384615384615 0.014423076923076924 0.03365384615384615
0 0.8016826923076923 0.1778846153846154 0.014423076923076924 0.03365384615384615
0 0.8365384615384616 0.1875 0.014423076923076924 0.038461538461538464
0 0.8774038461538461 0.28966346153846156 0.019230769230769232 0.04807692307692308
0 0.9435096153846154 0.24639423076923078 0.014423076923076924 0.036057692307692304
0 0.9759615384615384 0.13341346153846154 0.009615384615384616 0.03125