0 0.046875 0.21033653846153846 0.09375 0.18028846153846154
0 0.0889423076923077 0.040865384615384616 0.07211538461538461 0.08173076923076923
0 0.3245192307692308 0.21754807692307693 0.10096153846153846 0.14903846153846154
0 0.3894230769230769 0.41346153846153844 0.1875 0.2980769230769231
0 0.5036057692307693 0.2283653846153846 0.0985576923076923 0.14903846153846154
0 0.3786057692307692 0.14903846153846154 0.06009615384615385 0.09615384615384616
0 0.33533653846153844 0.0829326923076923 0.052884615384615384 0.07451923076923077
0 0.4338942307692308 0.14543269230769232 0.040865384615384616 0.07451923076923077
0 0.5420673076923077 0.17427884615384615 0.052884615384615384 0.10817307692307693
0 0.75 0.25841346153846156 0.07692307692307693 0.12740384615384615
0 0.8870192307692307 0.3786057692307692 0.14903846153846154 0.24759615384615385
0 0.875 0.19591346153846154 0.04807692307692308 0.07211538461538461
0 0.8545673076923077 0.12740384615384615 0.052884615384615384 0.08173076923076923
0 0.8209134615384616 0.08774038461538461 0.028846153846153848 0.05048076923076923
0 0.8305288461538461 0.036057692307692304 0.028846153846153848 0.052884615384615384
0 0.8942307692307693 0.026442307692307692 0.028846153846153848 0.04807692307692308
0 0.9459134615384616 0.1466346153846154 0.038461538461538464 0.0673076923076923
0 0.9723557692307693 0.3485576923076923 0.05048076923076923 0.15865384615384615