0 0.052884615384615384 0.36658653846153844 0.028846153846153848 0.06490384615384616
0 0.25721153846153844 0.28846153846153844 0.02403846153846154 0.038461538461538464
0 0.28365384615384615 0.25721153846153844 0.019230769230769232 0.04326923076923077
0 0.30408653846153844 0.234375 0.019230769230769232 0.036057692307692304
0 0.3173076923076923 0.2512019230769231 0.02403846153846154 0.040865384615384616
0 0.34975961538461536 0.2704326923076923 0.02403846153846154 0.04567307692307692
0 0.38341346153846156 0.3016826923076923 0.026442307692307692 0.057692307692307696
0 0.3737980769230769 0.21394230769230768 0.016826923076923076 0.038461538461538464
0 0.390625 0.21394230769230768 0.019230769230769232 0.038461538461538464
0 0.41947115384615385 0.22716346153846154 0.021634615384615384 0.04326923076923077
0 0.421875 0.18870192307692307 0.019230769230769232 0.03125
0 0.4098557692307692 0.171875 0.016826923076923076 0.028846153846153848
0 0.4495192307692308 0.19110576923076922 0.014423076923076924 0.036057692307692304
0 0.44711538461538464 0.2247596153846154 0.019230769230769232 0.036057692307692304
0 0.48677884615384615 0.22235576923076922 0.021634615384615384 0.04326923076923077
0 0.49399038461538464 0.19471153846153846 0.016826923076923076 0.03365384615384615
0 0.47836538461538464 0.17067307692307693 0.014423076923076924 0.028846153846153848
0 0.4831730769230769 0.15865384615384615 0.014423076923076924 0.03365384615384615
0 0.4699519230769231 0.15384615384615385 0.014423076923076924 0.028846153846153848
0 0.45552884615384615 0.1502403846153846 0.014423076923076924 0.026442307692307692
0 0.45913461538461536 0.17548076923076922 0.014423076923076924 0.02403846153846154
0 0.47475961538461536 0.1935096153846154 0.019230769230769232 0.028846153846153848
0 0.5252403846153846 0.2091346153846154 0.019230769230769232 0.04326923076923077
0 0.5084134615384616 0.17307692307692307 0.016826923076923076 0.03365384615384615
0 0.49038461538461536 0.12980769230769232 0.009615384615384616 0.019230769230769232
0 0.5240384615384616 0.14302884615384615 0.009615384615384616 0.03125
0 0.5348557692307693 0.12980769230769232 0.01201923076923077 0.028846153846153848
0 0.5504807692307693 0.14903846153846154 0.014423076923076924 0.038461538461538464
0 0.4987980769230769 0.2800480769230769 0.026442307692307692 0.052884615384615384
0 0.5649038461538461 0.28846153846153844 0.028846153846153848 0.057692307692307696
0 0.5661057692307693 0.2439903846153846 0.02403846153846154 0.04807692307692308
0 0.5793269230769231 0.16826923076923078 0.014423076923076924 0.04326923076923077
0 0.5673076923076923 0.11177884615384616 0.014423076923076924 0.026442307692307692
0 0.5901442307692307 0.125 0.016826923076923076 0.038461538461538464
0 0.6213942307692307 0.14182692307692307 0.019230769230769232 0.03365384615384615
0 0.6045673076923077 0.09735576923076923 0.016826923076923076 0.03125
0 0.6237980769230769 0.1141826923076923 0.01201923076923077 0.021634615384615384
0 0.6201923076923077 0.0985576923076923 0.009615384615384616 0.02403846153846154
0 0.6442307692307693 0.12259615384615384 0.019230769230769232 0.03365384615384615
0 0.6550480769230769 0.10216346153846154 0.01201923076923077 0.026442307692307692
0 0.6862980769230769 0.11658653846153846 0.016826923076923076 0.03365384615384615
0 0.6899038461538461 0.1045673076923077 0.014423076923076924 0.026442307692307692
0 0.6923076923076923 0.15144230769230768 0.019230769230769232 0.04326923076923077
0 0.6550480769230769 0.16947115384615385 0.019230769230769232 0.04326923076923077
0 0.625 0.19591346153846154 0.019230769230769232 0.05048076923076923
0 0.6201923076923077 0.25600961538461536 0.028846153846153848 0.057692307692307696
0 0.6045673076923077 0.3389423076923077 0.028846153846153848 0.0673076923076923
0 0.6694711538461539 0.3473557692307692 0.03365384615384615 0.07211538461538461
0 0.7235576923076923 0.2932692307692308 0.028846153846153848 0.057692307692307696
0 0.6658653846153846 0.25961538461538464 0.02403846153846154 0.04807692307692308
0 0.6658653846153846 0.2091346153846154 0.02403846153846154 0.04326923076923077
0 0.6995192307692307 0.21514423076923078 0.02403846153846154 0.04807692307692308
0 0.7055288461538461 0.17427884615384615 0.019230769230769232 0.036057692307692304
0 0.7151442307692307 0.140625 0.016826923076923076 0.036057692307692304
0 0.7367788461538461 0.12379807692307693 0.014423076923076924 0.040865384615384616
0 0.7836538461538461 0.2920673076923077 0.028846153846153848 0.0625
0 0.7632211538461539 0.21514423076923078 0.02403846153846154 0.052884615384615384
0 0.7463942307692307 0.1778846153846154 0.021634615384615384 0.04807692307692308
0 0.7632211538461539 0.15745192307692307 0.016826923076923076 0.03125
0 0.7524038461538461 0.13581730769230768 0.014423076923076924 0.03125
0 0.7716346153846154 0.12379807692307693 0.014423076923076924 0.03365384615384615
0 0.7884615384615384 0.125 0.019230769230769232 0.038461538461538464
0 0.8064903846153846 0.1310096153846154 0.019230769230769232 0.03125
0 0.8185096153846154 0.125 0.01201923076923077 0.028846153846153848
0 0.8137019230769231 0.171875 0.019230769230769232 0.038461538461538464
0 0.828125 0.17427884615384615 0.019230769230769232 0.036057692307692304
0 0.8521634615384616 0.18629807692307693 0.021634615384615384 0.04326923076923077
0 0.84375 0.13822115384615385 0.014423076923076924 0.03125
0 0.8569711538461539 0.14783653846153846 0.019230769230769232 0.038461538461538464
0 0.8762019230769231 0.125 0.014423076923076924 0.038461538461538464
0 0.8762019230769231 0.20552884615384615 0.016826923076923076 0.04807692307692308
0 0.8930288461538461 0.18870192307692307 0.019230769230769232 0.04567307692307692
0 0.9002403846153846 0.1346153846153846 0.019230769230769232 0.038461538461538464
0 0.9338942307692307 0.16105769230769232 0.016826923076923076 0.038461538461538464
0 0.9314903846153846 0.19591346153846154 0.02403846153846154 0.04567307692307692
0 0.9278846153846154 0.2776442307692308 0.02403846153846154 0.0625
0 0.8257211538461539 0.22596153846153846 0.02403846153846154 0.04326923076923077