0 0.1310096153846154 0.5576923076923077 0.040865384615384616 0.08173076923076923
0 0.22956730769230768 0.34975961538461536 0.019230769230769232 0.038461538461538464
0 0.25721153846153844 0.37740384615384615 0.019230769230769232 0.04807692307692308
0 0.28966346153846156 0.375 0.019230769230769232 0.04326923076923077
0 0.2860576923076923 0.3233173076923077 0.014423076923076924 0.03365384615384615
0 0.3401442307692308 0.36778846153846156 0.019230769230769232 0.04326923076923077
0 0.3545673076923077 0.3389423076923077 0.014423076923076924 0.038461538461538464
0 0.35336538461538464 0.3088942307692308 0.014423076923076924 0.036057692307692304
0 0.3858173076923077 0.3425480769230769 0.016826923076923076 0.040865384615384616
0 0.4110576923076923 0.3389423076923077 0.02403846153846154 0.04326923076923077
0 0.4098557692307692 0.3076923076923077 0.019230769230769232 0.02403846153846154
0 0.39302884615384615 0.27403846153846156 0.019230769230769232 0.038461538461538464
0 0.4050480769230769 0.28725961538461536 0.016826923076923076 0.028846153846153848
0 0.43028846153846156 0.265625 0.014423076923076924 0.028846153846153848
0 0.4495192307692308 0.2704326923076923 0.014423076923076924 0.03365384615384615
0 0.4675480769230769 0.24759615384615385 0.014423076923076924 0.028846153846153848
0 0.47475961538461536 0.24158653846153846 0.014423076923076924 0.028846153846153848
0 0.42788461538461536 0.29927884615384615 0.019230769230769232 0.028846153846153848
0 0.4675480769230769 0.32572115384615385 0.02403846153846154 0.038461538461538464
0 0.5060096153846154 0.33413461538461536 0.02403846153846154 0.038461538461538464
0 0.453125 0.359375 0.019230769230769232 0.036057692307692304
0 0.47115384615384615 0.4375 0.028846153846153848 0.057692307692307696
0 0.5432692307692307 0.375 0.028846153846153848 0.04807692307692308
0 0.5108173076923077 0.27283653846153844 0.016826923076923076 0.028846153846153848
0 0.5204326923076923 0.24759615384615385 0.01201923076923077 0.028846153846153848
0 0.5252403846153846 0.26322115384615385 0.016826923076923076 0.03125
0 0.5276442307692307 0.2860576923076923 0.019230769230769232 0.038461538461538464
0 0.5540865384615384 0.29086538461538464 0.019230769230769232 0.038461538461538464
0 0.5600961538461539 0.23197115384615385 0.014423076923076924 0.028846153846153848
0 0.5588942307692307 0.2536057692307692 0.016826923076923076 0.028846153846153848
0 0.5769230769230769 0.25961538461538464 0.019230769230769232 0.038461538461538464
0 0.5721153846153846 0.22956730769230768 0.009615384615384616 0.021634615384615384
0 0.5817307692307693 0.23798076923076922 0.014423076923076924 0.028846153846153848
0 0.6153846153846154 0.21875 0.019230769230769232 0.028846153846153848
0 0.6346153846153846 0.21754807692307693 0.009615384615384616 0.028846153846153848
0 0.6045673076923077 0.23918269230769232 0.016826923076923076 0.02403846153846154
0 0.6033653846153846 0.25841346153846156 0.014423076923076924 0.028846153846153848
0 0.6442307692307693 0.23197115384615385 0.014423076923076924 0.028846153846153848
0 0.6358173076923077 0.2620192307692308 0.016826923076923076 0.03365384615384615
0 0.6706730769230769 0.22235576923076922 0.014423076923076924 0.028846153846153848
0 0.6814903846153846 0.23677884615384615 0.014423076923076924 0.028846153846153848
0 0.6875 0.22596153846153846 0.009615384615384616 0.028846153846153848
0 0.6766826923076923 0.2824519230769231 0.016826923076923076 0.03125
0 0.640625 0.3112980769230769 0.019230769230769232 0.036057692307692304
0 0.6069711538461539 0.33653846153846156 0.02403846153846154 0.04807692307692308
0 0.6262019230769231 0.3786057692307692 0.02403846153846154 0.04567307692307692
0 0.6610576923076923 0.38100961538461536 0.02403846153846154 0.06009615384615385
0 0.6514423076923077 0.35216346153846156 0.019230769230769232 0.038461538461538464
0 0.6862980769230769 0.3245192307692308 0.019230769230769232 0.04326923076923077
0 0.6971153846153846 0.38221153846153844 0.019230769230769232 0.052884615384615384
0 0.7259615384615384 0.41346153846153844 0.028846153846153848 0.057692307692307696
0 0.5901442307692307 0.45913461538461536 0.03365384615384615 0.07692307692307693
0 0.6382211538461539 0.4735576923076923 0.036057692307692304 0.07211538461538461
0 0.5384615384615384 0.4362980769230769 0.03365384615384615 0.052884615384615384
0 0.7127403846153846 0.25841346153846156 0.014423076923076924 0.03365384615384615
0 0.7415865384615384 0.24639423076923078 0.01201923076923077 0.028846153846153848
0 0.7536057692307693 0.2403846153846154 0.01201923076923077 0.038461538461538464
0 0.7439903846153846 0.265625 0.01201923076923077 0.036057692307692304
0 0.7704326923076923 0.2620192307692308 0.01201923076923077 0.02403846153846154
0 0.7740384615384616 0.27283653846153844 0.009615384615384616 0.02403846153846154
0 0.7824519230769231 0.28846153846153844 0.016826923076923076 0.04326923076923077
0 0.7091346153846154 0.30528846153846156 0.02403846153846154 0.038461538461538464
0 0.7908653846153846 0.24759615384615385 0.014423076923076924 0.028846153846153848
0 0.8161057692307693 0.2512019230769231 0.016826923076923076 0.028846153846153848
0 0.8233173076923077 0.3076923076923077 0.014423076923076924 0.038461538461538464
0 0.8485576923076923 0.26322115384615385 0.014423076923076924 0.02403846153846154
0 0.8605769230769231 0.2824519230769231 0.014423076923076924 0.040865384615384616
0 0.875 0.26802884615384615 0.014423076923076924 0.036057692307692304
0 0.8978365384615384 0.2800480769230769 0.014423076923076924 0.028846153846153848
0 0.9459134615384616 0.28846153846153844 0.01201923076923077 0.028846153846153848
0 0.9459134615384616 0.3112980769230769 0.01201923076923077 0.02403846153846154
0 0.9266826923076923 0.33533653846153844 0.014423076923076924 0.04567307692307692
0 0.9483173076923077 0.36778846153846156 0.021634615384615384 0.052884615384615384
0 0.9002403846153846 0.3293269230769231 0.014423076923076924 0.038461538461538464
0 0.859375 0.33413461538461536 0.021634615384615384 0.04326923076923077
0 0.8810096153846154 0.3449519230769231 0.016826923076923076 0.052884615384615384
0 0.8653846153846154 0.39783653846153844 0.028846153846153848 0.06490384615384616
0 0.8293269230769231 0.34975961538461536 0.019230769230769232 0.057692307692307696
0 0.8185096153846154 0.36658653846153844 0.019230769230769232 0.052884615384615384
0 0.9206730769230769 0.4723557692307692 0.03365384615384615 0.07692307692307693
0 0.8485576923076923 0.47475961538461536 0.028846153846153848 0.0625
0 0.8329326923076923 0.5072115384615384 0.03365384615384615 0.07211538461538461
0 0.7848557692307693 0.4375 0.026442307692307692 0.0625
0 0.7043269230769231 0.5528846153846154 0.038461538461538464 0.07692307692307693