0 0.09375 0.3137019230769231 0.019230769230769232 0.038461538461538464
0 0.7043269230769231 0.10697115384615384 0.014423076923076924 0.03125
0 0.7668269230769231 0.10817307692307693 0.014423076923076924 0.03365384615384615
0 0.8245192307692307 0.13822115384615385 0.014423076923076924 0.021634615384615384
0 0.5865384615384616 0.11778846153846154 0.014423076923076924 0.02403846153846154
0 0.4951923076923077 0.13701923076923078 0.019230769230769232 0.03365384615384615
0 0.5408653846153846 0.1466346153846154 0.014423076923076924 0.03365384615384615
0 0.2704326923076923 0.2127403846153846 0.021634615384615384 0.04807692307692308
0 0.20192307692307693 0.3713942307692308 0.04807692307692308 0.10576923076923077
0 0.18389423076923078 0.4567307692307692 0.057692307692307696 0.09615384615384616
0 0.6971153846153846 0.15985576923076922 0.019230769230769232 0.040865384615384616
0 0.7235576923076923 0.13701923076923078 0.019230769230769232 0.04326923076923077
0 0.7584134615384616 0.14903846153846154 0.019230769230769232 0.03365384615384615
0 0.8605769230769231 0.18269230769230768 0.02403846153846154 0.04326923076923077
0 0.8870192307692307 0.23197115384615385 0.02403846153846154 0.04567307692307692
0 0.7788461538461539 0.2932692307692308 0.028846153846153848 0.04807692307692308
0 0.8112980769230769 0.18629807692307693 0.019230769230769232 0.03365384615384615
0 0.6766826923076923 0.2548076923076923 0.02403846153846154 0.04807692307692308
0 0.6370192307692307 0.24278846153846154 0.02403846153846154 0.052884615384615384
0 0.5504807692307693 0.20432692307692307 0.014423076923076924 0.03365384615384615
0 0.4579326923076923 0.18990384615384615 0.021634615384615384 0.038461538461538464
0 0.4807692307692308 0.20072115384615385 0.019230769230769232 0.036057692307692304
0 0.5192307692307693 0.17908653846153846 0.019230769230769232 0.036057692307692304
0 0.5673076923076923 0.15504807692307693 0.019230769230769232 0.036057692307692304
0 0.5901442307692307 0.16826923076923078 0.019230769230769232 0.038461538461538464
0 0.41225961538461536 0.19471153846153846 0.02403846153846154 0.03365384615384615
0 0.4951923076923077 0.31009615384615385 0.028846153846153848 0.052884615384615384
0 0.3798076923076923 0.27283653846153844 0.028846153846153848 0.04567307692307692
0 0.35697115384615385 0.28365384615384615 0.03125 0.04807692307692308
0 0.7307692307692307 0.2824519230769231 0.02403846153846154 0.04807692307692308
0 0.42788461538461536 0.2247596153846154 0.019230769230769232 0.04567307692307692
0 0.46033653846153844 0.23197115384615385 0.028846153846153848 0.05048076923076923
0 0.4387019230769231 0.28966346153846156 0.028846153846153848 0.04567307692307692
0 0.7367788461538461 0.16947115384615385 0.019230769230769232 0.036057692307692304
0 0.7668269230769231 0.18269230769230768 0.019230769230769232 0.038461538461538464
0 0.46634615384615385 0.16105769230769232 0.014423076923076924 0.03365384615384615
0 0.4795673076923077 0.16105769230769232 0.019230769230769232 0.03365384615384615