0 0.78125 0.2800480769230769 0.052884615384615384 0.10336538461538461
0 0.8533653846153846 0.28966346153846156 0.052884615384615384 0.07692307692307693
0 0.9122596153846154 0.28846153846153844 0.04326923076923077 0.08653846153846154
0 0.6490384615384616 0.27403846153846156 0.028846153846153848 0.052884615384615384
0 0.6790865384615384 0.2776442307692308 0.028846153846153848 0.057692307692307696
0 0.7307692307692307 0.265625 0.028846153846153848 0.052884615384615384
0 0.7524038461538461 0.2704326923076923 0.02403846153846154 0.05048076923076923
0 0.6081730769230769 0.2764423076923077 0.028846153846153848 0.0625
0 0.5540865384615384 0.2800480769230769 0.040865384615384616 0.057692307692307696
0 0.5384615384615384 0.24759615384615385 0.019230769230769232 0.03365384615384615
0 0.515625 0.2608173076923077 0.026442307692307692 0.05048076923076923
0 0.453125 0.2776442307692308 0.052884615384615384 0.10817307692307693
0 0.4170673076923077 0.2536057692307692 0.016826923076923076 0.03365384615384615
0 0.3858173076923077 0.24158653846153846 0.016826923076923076 0.04326923076923077
0 0.33413461538461536 0.2608173076923077 0.0625 0.13701923076923078
0 0.2956730769230769 0.2548076923076923 0.04807692307692308 0.09615384615384616
0 0.2704326923076923 0.23798076923076922 0.026442307692307692 0.04326923076923077
0 0.24158653846153846 0.23918269230769232 0.03365384615384615 0.06490384615384616
0 0.21754807692307693 0.23197115384615385 0.038461538461538464 0.06971153846153846
0 0.15745192307692307 0.25961538461538464 0.10336538461538461 0.18269230769230768
0 0.10216346153846154 0.22716346153846154 0.055288461538461536 0.08173076923076923
0 0.06009615384615385 0.22115384615384615 0.052884615384615384 0.057692307692307696