0 0.05048076923076923 0.5252403846153846 0.052884615384615384 0.06490384615384616
0 0.140625 0.5132211538461539 0.038461538461538464 0.057692307692307696
0 0.1875 0.5048076923076923 0.038461538461538464 0.057692307692307696
0 0.21754807692307693 0.5084134615384616 0.03125 0.04567307692307692
0 0.24158653846153846 0.5180288461538461 0.026442307692307692 0.04326923076923077
0 0.2608173076923077 0.5240384615384616 0.03125 0.057692307692307696
0 0.2800480769230769 0.5432692307692307 0.040865384615384616 0.0625
0 0.3004807692307692 0.5048076923076923 0.028846153846153848 0.038461538461538464
0 0.3389423076923077 0.5108173076923077 0.028846153846153848 0.04567307692307692
0 0.34134615384615385 0.5769230769230769 0.057692307692307696 0.08653846153846154
0 0.3786057692307692 0.5300480769230769 0.028846153846153848 0.05048076923076923
0 0.35216346153846156 0.7199519230769231 0.11778846153846154 0.14182692307692307
0 0.421875 0.5420673076923077 0.038461538461538464 0.04807692307692308
0 0.43028846153846156 0.5132211538461539 0.03365384615384615 0.040865384615384616
0 0.4170673076923077 0.6358173076923077 0.06971153846153846 0.09134615384615384
0 0.48677884615384615 0.6610576923076923 0.06971153846153846 0.1201923076923077
0 0.5372596153846154 0.5709134615384616 0.04326923076923077 0.057692307692307696
0 0.5276442307692307 0.5360576923076923 0.036057692307692304 0.052884615384615384
0 0.5228365384615384 0.5024038461538461 0.03125 0.04326923076923077
0 0.47475961538461536 0.5564903846153846 0.036057692307692304 0.057692307692307696
0 0.4795673076923077 0.5204326923076923 0.028846153846153848 0.038461538461538464
0 0.47716346153846156 0.4951923076923077 0.02403846153846154 0.028846153846153848
0 0.5673076923076923 0.5108173076923077 0.02403846153846154 0.03365384615384615
0 0.5504807692307693 0.49759615384615385 0.02403846153846154 0.04326923076923077
0 0.5745192307692307 0.5492788461538461 0.028846153846153848 0.057692307692307696
0 0.5949519230769231 0.59375 0.05048076923076923 0.07211538461538461
0 0.6081730769230769 0.5432692307692307 0.03365384615384615 0.04807692307692308
0 0.6430288461538461 0.5600961538461539 0.04567307692307692 0.07211538461538461
0 0.6394230769230769 0.515625 0.028846153846153848 0.038461538461538464
0 0.6201923076923077 0.5 0.028846153846153848 0.038461538461538464
0 0.6634615384615384 0.5540865384615384 0.028846153846153848 0.055288461538461536
0 0.7103365384615384 0.5180288461538461 0.028846153846153848 0.052884615384615384
0 0.7043269230769231 0.5757211538461539 0.04807692307692308 0.0625
0 0.7139423076923077 0.6382211538461539 0.0625 0.08653846153846154
0 0.5733173076923077 0.7055288461538461 0.09134615384615384 0.1201923076923077
0 0.8269230769230769 0.7704326923076923 0.125 0.16826923076923078
0 0.7620192307692307 0.5408653846153846 0.03365384615384615 0.04326923076923077
0 0.7415865384615384 0.5685096153846154 0.040865384615384616 0.055288461538461536
0 0.8425480769230769 0.5829326923076923 0.03365384615384615 0.04807692307692308
0 0.8365384615384616 0.5576923076923077 0.028846153846153848 0.038461538461538464
0 0.8365384615384616 0.5252403846153846 0.028846153846153848 0.04326923076923077
0 0.9110576923076923 0.5528846153846154 0.028846153846153848 0.038461538461538464
0 0.9110576923076923 0.6045673076923077 0.03365384615384615 0.057692307692307696
0 0.9411057692307693 0.6454326923076923 0.04326923076923077 0.07451923076923077
0 0.953125 0.7487980769230769 0.0625 0.11778846153846154
0 0.9326923076923077 0.5733173076923077 0.038461538461538464 0.05048076923076923