0 0.16346153846153846 0.47716346153846156 0.04326923076923077 0.10096153846153846
0 0.59375 0.21394230769230768 0.014423076923076924 0.038461538461538464
0 0.609375 0.21634615384615385 0.01201923076923077 0.038461538461538464
0 0.4543269230769231 0.234375 0.014423076923076924 0.026442307692307692
0 0.546875 0.2247596153846154 0.01201923076923077 0.040865384615384616
0 0.5036057692307693 0.2439903846153846 0.014423076923076924 0.03125
0 0.2800480769230769 0.31009615384615385 0.016826923076923076 0.038461538461538464
0 0.6382211538461539 0.22355769230769232 0.014423076923076924 0.03365384615384615
0 0.6526442307692307 0.22956730769230768 0.01201923076923077 0.03365384615384615
0 0.6634615384615384 0.22956730769230768 0.009615384615384616 0.03365384615384615
0 0.5288461538461539 0.24879807692307693 0.019230769230769232 0.040865384615384616
0 0.3485576923076923 0.29927884615384615 0.019230769230769232 0.03125
0 0.2283653846153846 0.34134615384615385 0.014423076923076924 0.04807692307692308
0 0.2548076923076923 0.35336538461538464 0.019230769230769232 0.04326923076923077
0 0.41346153846153844 0.2608173076923077 0.019230769230769232 0.021634615384615384
0 0.28125 0.3701923076923077 0.02403846153846154 0.04807692307692308
0 0.3233173076923077 0.37259615384615385 0.021634615384615384 0.04807692307692308
0 0.3473557692307692 0.3389423076923077 0.014423076923076924 0.04326923076923077
0 0.375 0.33533653846153844 0.019230769230769232 0.04567307692307692
0 0.39663461538461536 0.3016826923076923 0.014423076923076924 0.038461538461538464
0 0.4050480769230769 0.33774038461538464 0.021634615384615384 0.04326923076923077
0 0.43028846153846156 0.30528846153846156 0.02403846153846154 0.038461538461538464
0 0.4375 0.3473557692307692 0.02403846153846154 0.04807692307692308
0 0.5600961538461539 0.28365384615384615 0.019230769230769232 0.038461538461538464
0 0.4951923076923077 0.3329326923076923 0.02403846153846154 0.052884615384615384
0 0.4579326923076923 0.3076923076923077 0.019230769230769232 0.04807692307692308
0 0.6141826923076923 0.2980769230769231 0.019230769230769232 0.04326923076923077
0 0.5769230769230769 0.328125 0.019230769230769232 0.04326923076923077
0 0.4855769230769231 0.39663461538461536 0.028846153846153848 0.0625
0 0.515625 0.3701923076923077 0.028846153846153848 0.052884615384615384
0 0.5252403846153846 0.41225961538461536 0.028846153846153848 0.055288461538461536
0 0.5901442307692307 0.43028846153846156 0.03125 0.0673076923076923
0 0.6009615384615384 0.3737980769230769 0.028846153846153848 0.04807692307692308
0 0.6286057692307693 0.34615384615384615 0.021634615384615384 0.04807692307692308
0 0.6790865384615384 0.25721153846153844 0.02403846153846154 0.04326923076923077
0 0.6682692307692307 0.3485576923076923 0.028846153846153848 0.04326923076923077
0 0.6442307692307693 0.37740384615384615 0.028846153846153848 0.04807692307692308
0 0.6514423076923077 0.45072115384615385 0.03365384615384615 0.0673076923076923
0 0.6923076923076923 0.47596153846153844 0.038461538461538464 0.07692307692307693
0 0.7127403846153846 0.40024038461538464 0.028846153846153848 0.052884615384615384
0 0.7295673076923077 0.23197115384615385 0.019230769230769232 0.028846153846153848
0 0.71875 0.25240384615384615 0.014423076923076924 0.03365384615384615
0 0.703125 0.2920673076923077 0.021634615384615384 0.040865384615384616
0 0.7415865384615384 0.28365384615384615 0.014423076923076924 0.03365384615384615
0 0.7536057692307693 0.24519230769230768 0.016826923076923076 0.028846153846153848
0 0.7836538461538461 0.24639423076923078 0.014423076923076924 0.03365384615384615
0 0.7908653846153846 0.30288461538461536 0.014423076923076924 0.04807692307692308
0 0.8112980769230769 0.25961538461538464 0.016826923076923076 0.03365384615384615
0 0.8245192307692307 0.27403846153846156 0.019230769230769232 0.038461538461538464
0 0.8449519230769231 0.25961538461538464 0.01201923076923077 0.03365384615384615
0 0.7848557692307693 0.359375 0.016826923076923076 0.04326923076923077
0 0.7668269230769231 0.4254807692307692 0.02403846153846154 0.0673076923076923
0 0.7788461538461539 0.5444711538461539 0.03365384615384615 0.07211538461538461
0 0.8209134615384616 0.4543269230769231 0.03125 0.057692307692307696
0 0.8317307692307693 0.3762019230769231 0.019230769230769232 0.04567307692307692
0 0.8137019230769231 0.32211538461538464 0.014423076923076924 0.038461538461538464
0 0.8653846153846154 0.2860576923076923 0.014423076923076924 0.03365384615384615
0 0.8317307692307693 0.32572115384615385 0.019230769230769232 0.04807692307692308
0 0.8473557692307693 0.3076923076923077 0.02403846153846154 0.038461538461538464
0 0.9146634615384616 0.2824519230769231 0.014423076923076924 0.028846153846153848
0 0.8774038461538461 0.4699519230769231 0.02403846153846154 0.0625
0 0.8786057692307693 0.40024038461538464 0.016826923076923076 0.04326923076923077
0 0.8978365384615384 0.37259615384615385 0.02403846153846154 0.052884615384615384
0 0.4411057692307692 0.25961538461538464 0.016826923076923076 0.028846153846153848
0 0.4951923076923077 0.26322115384615385 0.019230769230769232 0.03125
0 0.5540865384615384 0.22355769230769232 0.01201923076923077 0.03365384615384615
0 0.5877403846153846 0.24879807692307693 0.019230769230769232 0.026442307692307692
0 0.6189903846153846 0.22956730769230768 0.016826923076923076 0.03125
0 0.625 0.25240384615384615 0.019230769230769232 0.04326923076923077
0 0.6538461538461539 0.2776442307692308 0.019230769230769232 0.036057692307692304
0 0.8473557692307693 0.34615384615384615 0.021634615384615384 0.04807692307692308
0 0.9026442307692307 0.2932692307692308 0.016826923076923076 0.038461538461538464
0 0.37740384615384615 0.28725961538461536 0.014423076923076924 0.038461538461538464
0 0.421875 0.2824519230769231 0.019230769230769232 0.038461538461538464