0 0.43149038461538464 0.3485576923076923 0.028846153846153848 0.04326923076923077
0 0.38461538461538464 0.4891826923076923 0.0625 0.11538461538461539
0 0.21995192307692307 0.5072115384615384 0.07451923076923077 0.10096153846153846
0 0.16466346153846154 0.41346153846153844 0.03125 0.04807692307692308
0 0.10817307692307693 0.4182692307692308 0.038461538461538464 0.0625
0 0.07692307692307693 0.421875 0.038461538461538464 0.052884615384615384
0 0.03125 0.421875 0.052884615384615384 0.0625
0 0.03485576923076923 0.5 0.06490384615384616 0.09615384615384616
0 0.5516826923076923 0.5 0.06971153846153846 0.09615384615384616
0 0.7247596153846154 0.49759615384615385 0.06971153846153846 0.11538461538461539
0 0.9098557692307693 0.42908653846153844 0.04807692307692308 0.0673076923076923
0 0.9627403846153846 0.421875 0.052884615384615384 0.08173076923076923
0 0.8737980769230769 0.40625 0.03365384615384615 0.0673076923076923
0 0.8966346153846154 0.40384615384615385 0.03365384615384615 0.04807692307692308