0 0.27163461538461536 0.43149038461538464 0.10576923076923077 0.1778846153846154
0 0.41947115384615385 0.4266826923076923 0.09134615384615384 0.13701923076923078
0 0.5396634615384616 0.3545673076923077 0.05048076923076923 0.07932692307692307
0 0.6454326923076923 0.5288461538461539 0.13942307692307693 0.21153846153846154
0 0.7139423076923077 0.4074519230769231 0.08653846153846154 0.15625
0 0.7331730769230769 0.33413461538461536 0.04807692307692308 0.07692307692307693
0 0.7680288461538461 0.36778846153846156 0.052884615384615384 0.09134615384615384
0 0.8161057692307693 0.3401442307692308 0.05048076923076923 0.08173076923076923
0 0.8485576923076923 0.30528846153846156 0.04326923076923077 0.052884615384615384
0 0.8305288461538461 0.28365384615384615 0.028846153846153848 0.04326923076923077
0 0.8978365384615384 0.2932692307692308 0.021634615384615384 0.04807692307692308
0 0.9230769230769231 0.31971153846153844 0.038461538461538464 0.0625
0 0.9399038461538461 0.2860576923076923 0.03365384615384615 0.052884615384615384
0 0.984375 0.29447115384615385 0.028846153846153848 0.052884615384615384