0 0.036057692307692304 0.14543269230769232 0.0625 0.1201923076923077
0 0.03125 0.5048076923076923 0.0625 0.16826923076923078
0 0.17427884615384615 0.3954326923076923 0.057692307692307696 0.10336538461538461
0 0.14182692307692307 0.30528846153846156 0.03365384615384615 0.0625
0 0.20072115384615385 0.31850961538461536 0.040865384615384616 0.0625
0 0.25841346153846156 0.28125 0.036057692307692304 0.0625
0 0.32091346153846156 0.29086538461538464 0.038461538461538464 0.057692307692307696
0 0.35336538461538464 0.2668269230769231 0.028846153846153848 0.052884615384615384
0 0.3942307692307692 0.2860576923076923 0.028846153846153848 0.052884615384615384
0 0.43509615384615385 0.24639423076923078 0.02403846153846154 0.038461538461538464
0 0.47596153846153844 0.2608173076923077 0.019230769230769232 0.028846153846153848
0 0.4879807692307692 0.24278846153846154 0.019230769230769232 0.038461538461538464
0 0.5108173076923077 0.23918269230769232 0.016826923076923076 0.028846153846153848
0 0.5372596153846154 0.2439903846153846 0.021634615384615384 0.040865384615384616
0 0.2704326923076923 0.44591346153846156 0.057692307692307696 0.11298076923076923
0 0.3485576923076923 0.3581730769230769 0.04326923076923077 0.07692307692307693
0 0.4651442307692308 0.328125 0.04326923076923077 0.09615384615384616
0 0.484375 0.29927884615384615 0.028846153846153848 0.0625
0 0.5552884615384616 0.3245192307692308 0.028846153846153848 0.07211538461538461
0 0.546875 0.29927884615384615 0.03365384615384615 0.040865384615384616
0 0.6117788461538461 0.2668269230769231 0.026442307692307692 0.052884615384615384
0 0.6274038461538461 0.2980769230769231 0.03365384615384615 0.057692307692307696
0 0.671875 0.2800480769230769 0.02403846153846154 0.055288461538461536
0 0.6586538461538461 0.2620192307692308 0.019230769230769232 0.038461538461538464
0 0.40625 0.6274038461538461 0.1201923076923077 0.20673076923076922
0 0.6117788461538461 0.46274038461538464 0.07932692307692307 0.16105769230769232
0 0.7319711538461539 0.36538461538461536 0.052884615384615384 0.11057692307692307
0 0.7920673076923077 0.33533653846153844 0.03365384615384615 0.08413461538461539
0 0.8185096153846154 0.29927884615384615 0.03365384615384615 0.0673076923076923
0 0.8473557692307693 0.29927884615384615 0.03125 0.0673076923076923
0 0.7668269230769231 0.6802884615384616 0.12980769230769232 0.27403846153846156
0 0.8389423076923077 0.5396634615384616 0.08173076923076923 0.15625
0 0.9038461538461539 0.4387019230769231 0.0673076923076923 0.12980769230769232
0 0.9050480769230769 0.3485576923076923 0.052884615384615384 0.09134615384615384
0 0.9435096153846154 0.30528846153846156 0.03125 0.057692307692307696
0 0.984375 0.15144230769230768 0.026442307692307692 0.057692307692307696