0 0.04927884615384615 0.3762019230769231 0.028846153846153848 0.0625
0 0.2512019230769231 0.2848557692307692 0.019230769230769232 0.03125
0 0.27163461538461536 0.2704326923076923 0.014423076923076924 0.03365384615384615
0 0.3173076923076923 0.2512019230769231 0.019230769230769232 0.03125
0 0.3112980769230769 0.21875 0.019230769230769232 0.03365384615384615
0 0.33413461538461536 0.21875 0.019230769230769232 0.03365384615384615
0 0.3425480769230769 0.2776442307692308 0.016826923076923076 0.036057692307692304
0 0.3485576923076923 0.25600961538461536 0.014423076923076924 0.036057692307692304
0 0.3954326923076923 0.28725961538461536 0.019230769230769232 0.04807692307692308
0 0.3701923076923077 0.21875 0.014423076923076924 0.03365384615384615
0 0.40625 0.22355769230769232 0.014423076923076924 0.03365384615384615
0 0.38221153846153844 0.19951923076923078 0.014423076923076924 0.02403846153846154
0 0.40384615384615385 0.17307692307692307 0.014423076923076924 0.028846153846153848
0 0.4411057692307692 0.14423076923076922 0.01201923076923077 0.019230769230769232
0 0.4675480769230769 0.16706730769230768 0.014423076923076924 0.026442307692307692
0 0.4543269230769231 0.20072115384615385 0.014423076923076924 0.03125
0 0.453125 0.23677884615384615 0.021634615384615384 0.036057692307692304
0 0.42908653846153844 0.22235576923076922 0.016826923076923076 0.036057692307692304
0 0.421875 0.1971153846153846 0.016826923076923076 0.028846153846153848
0 0.4423076923076923 0.19110576923076922 0.014423076923076924 0.021634615384615384
0 0.4651442307692308 0.14423076923076922 0.01201923076923077 0.019230769230769232
0 0.47475961538461536 0.140625 0.01201923076923077 0.026442307692307692
0 0.4855769230769231 0.19591346153846154 0.019230769230769232 0.040865384615384616
0 0.5348557692307693 0.1935096153846154 0.016826923076923076 0.036057692307692304
0 0.5276442307692307 0.16346153846153846 0.014423076923076924 0.028846153846153848
0 0.5240384615384616 0.1346153846153846 0.019230769230769232 0.03365384615384615
0 0.5492788461538461 0.11658653846153846 0.01201923076923077 0.03125
0 0.5420673076923077 0.140625 0.014423076923076924 0.03125
0 0.5649038461538461 0.15625 0.014423076923076924 0.04326923076923077
0 0.5949519230769231 0.140625 0.016826923076923076 0.038461538461538464
0 0.5757211538461539 0.1310096153846154 0.014423076923076924 0.03365384615384615
0 0.59375 0.0985576923076923 0.014423076923076924 0.02403846153846154
0 0.609375 0.12259615384615384 0.014423076923076924 0.02403846153846154
0 0.6189903846153846 0.09615384615384616 0.01201923076923077 0.028846153846153848
0 0.6394230769230769 0.11658653846153846 0.009615384615384616 0.03125
0 0.6334134615384616 0.1045673076923077 0.01201923076923077 0.026442307692307692
0 0.6634615384615384 0.11298076923076923 0.009615384615384616 0.02403846153846154
0 0.6814903846153846 0.09975961538461539 0.01201923076923077 0.03125
0 0.46875 0.296875 0.02403846153846154 0.05048076923076923
0 0.5504807692307693 0.2956730769230769 0.02403846153846154 0.052884615384615384
0 0.5576923076923077 0.234375 0.019230769230769232 0.036057692307692304
0 0.5985576923076923 0.21033653846153846 0.02403846153846154 0.038461538461538464
0 0.6009615384615384 0.25841346153846156 0.019230769230769232 0.04807692307692308
0 0.65625 0.2668269230769231 0.02403846153846154 0.04326923076923077
0 0.6622596153846154 0.3401442307692308 0.026442307692307692 0.06009615384615385
0 0.5949519230769231 0.33533653846153844 0.026442307692307692 0.06490384615384616
0 0.6622596153846154 0.20552884615384615 0.019230769230769232 0.04326923076923077
0 0.6394230769230769 0.17908653846153846 0.019230769230769232 0.036057692307692304
0 0.6694711538461539 0.1466346153846154 0.016826923076923076 0.03365384615384615
0 0.6814903846153846 0.18629807692307693 0.019230769230769232 0.04326923076923077
0 0.7079326923076923 0.140625 0.014423076923076924 0.03125
0 0.7319711538461539 0.18269230769230768 0.016826923076923076 0.038461538461538464
0 0.6850961538461539 0.2283653846153846 0.019230769230769232 0.038461538461538464
0 0.7139423076923077 0.29086538461538464 0.02403846153846154 0.0625
0 0.7740384615384616 0.2776442307692308 0.019230769230769232 0.04807692307692308
0 0.7548076923076923 0.21634615384615385 0.019230769230769232 0.04326923076923077
0 0.8028846153846154 0.24759615384615385 0.019230769230769232 0.052884615384615384
0 0.7415865384615384 0.109375 0.01201923076923077 0.03125
0 0.7283653846153846 0.12259615384615384 0.009615384615384616 0.02403846153846154
0 0.7379807692307693 0.1466346153846154 0.014423076923076924 0.03365384615384615
0 0.7560096153846154 0.13341346153846154 0.014423076923076924 0.036057692307692304
0 0.7668269230769231 0.15865384615384615 0.014423076923076924 0.028846153846153848
0 0.7716346153846154 0.11899038461538461 0.014423076923076924 0.03365384615384615
0 0.7872596153846154 0.13221153846153846 0.01201923076923077 0.02403846153846154
0 0.8028846153846154 0.13341346153846154 0.009615384615384616 0.026442307692307692
0 0.8100961538461539 0.16826923076923078 0.014423076923076924 0.03365384615384615
0 0.7884615384615384 0.17908653846153846 0.014423076923076924 0.036057692307692304
0 0.8341346153846154 0.18870192307692307 0.019230769230769232 0.038461538461538464
0 0.8233173076923077 0.13822115384615385 0.01201923076923077 0.03125
0 0.8509615384615384 0.12620192307692307 0.009615384615384616 0.03125
0 0.8605769230769231 0.22596153846153846 0.019230769230769232 0.038461538461538464
0 0.8810096153846154 0.1971153846153846 0.01201923076923077 0.03365384615384615
0 0.9134615384615384 0.18990384615384615 0.019230769230769232 0.04326923076923077
0 0.9194711538461539 0.27524038461538464 0.021634615384615384 0.04326923076923077
0 0.9194711538461539 0.15625 0.014423076923076924 0.03365384615384615
0 0.8870192307692307 0.13221153846153846 0.014423076923076924 0.028846153846153848
0 0.8894230769230769 0.16947115384615385 0.009615384615384616 0.026442307692307692
0 0.8737980769230769 0.171875 0.01201923076923077 0.026442307692307692
0 0.7307692307692307 0.15384615384615385 0.009615384615384616 0.028846153846153848