0 0.057692307692307696 0.6550480769230769 0.07692307692307693 0.22115384615384615
0 0.03365384615384615 0.7644230769230769 0.0673076923076923 0.3173076923076923
0 0.11538461538461539 0.515625 0.038461538461538464 0.11057692307692307
0 0.037259615384615384 0.46875 0.040865384615384616 0.10096153846153846
0 0.07451923076923077 0.4855769230769231 0.03365384615384615 0.08653846153846154
0 0.34975961538461536 0.4543269230769231 0.038461538461538464 0.09134615384615384
0 0.36778846153846156 0.4723557692307692 0.028846153846153848 0.10336538461538461
0 0.38822115384615385 0.5 0.03365384615384615 0.07692307692307693
0 0.4230769230769231 0.5204326923076923 0.04807692307692308 0.1201923076923077
0 0.46634615384615385 0.5456730769230769 0.057692307692307696 0.1201923076923077
0 0.45552884615384615 0.45072115384615385 0.03125 0.07692307692307693
0 0.5300480769230769 0.2800480769230769 0.028846153846153848 0.08413461538461539
0 0.5084134615384616 0.49038461538461536 0.03365384615384615 0.09134615384615384
0 0.5733173076923077 0.5612980769230769 0.057692307692307696 0.1466346153846154
0 0.5276442307692307 0.5973557692307693 0.04326923076923077 0.13221153846153846
0 0.6081730769230769 0.5396634615384616 0.04326923076923077 0.10336538461538461
0 0.5552884615384616 0.47836538461538464 0.02403846153846154 0.08173076923076923
0 0.6069711538461539 0.4795673076923077 0.03365384615384615 0.06490384615384616
0 0.6237980769230769 0.4519230769230769 0.026442307692307692 0.07692307692307693
0 0.6971153846153846 0.5649038461538461 0.057692307692307696 0.15865384615384615
0 0.65625 0.5096153846153846 0.028846153846153848 0.10096153846153846
0 0.7367788461538461 0.5420673076923077 0.04326923076923077 0.13942307692307693
0 0.7788461538461539 0.5396634615384616 0.04326923076923077 0.11778846153846154
0 0.7872596153846154 0.7439903846153846 0.1201923076923077 0.24278846153846154
0 0.7572115384615384 0.6826923076923077 0.07211538461538461 0.18269230769230768
0 0.8449519230769231 0.6033653846153846 0.052884615384615384 0.15865384615384615
0 0.8521634615384616 0.4567307692307692 0.038461538461538464 0.10576923076923077
0 0.9230769230769231 0.4879807692307692 0.03365384615384615 0.09134615384615384
0 0.9050480769230769 0.5036057692307693 0.026442307692307692 0.08653846153846154
0 0.96875 0.6310096153846154 0.052884615384615384 0.1346153846153846
0 0.9555288461538461 0.5252403846153846 0.04807692307692308 0.11538461538461539