0 0.18509615384615385 0.44350961538461536 0.04326923076923077 0.08413461538461539
0 0.17908653846153846 0.22596153846153846 0.019230769230769232 0.038461538461538464
0 0.2536057692307692 0.20793269230769232 0.021634615384615384 0.04807692307692308
0 0.2692307692307692 0.21033653846153846 0.02403846153846154 0.055288461538461536
0 0.3293269230769231 0.18269230769230768 0.028846153846153848 0.04807692307692308
0 0.30649038461538464 0.22596153846153846 0.016826923076923076 0.038461538461538464
0 0.34615384615384615 0.18509615384615385 0.014423076923076924 0.03365384615384615
0 0.40024038461538464 0.17668269230769232 0.026442307692307692 0.057692307692307696
0 0.4182692307692308 0.16826923076923078 0.009615384615384616 0.028846153846153848
0 0.4098557692307692 0.19110576923076922 0.014423076923076924 0.03365384615384615
0 0.4423076923076923 0.13822115384615385 0.014423076923076924 0.028846153846153848
0 0.46274038461538464 0.16706730769230768 0.02403846153846154 0.05048076923076923
0 0.46274038461538464 0.140625 0.014423076923076924 0.028846153846153848
0 0.4807692307692308 0.140625 0.009615384615384616 0.021634615384615384
0 0.49158653846153844 0.13581730769230768 0.014423076923076924 0.03125
0 0.5084134615384616 0.125 0.01201923076923077 0.028846153846153848
0 0.4795673076923077 0.22115384615384615 0.016826923076923076 0.028846153846153848
0 0.47475961538461536 0.16826923076923078 0.014423076923076924 0.03365384615384615
0 0.5360576923076923 0.1310096153846154 0.014423076923076924 0.028846153846153848
0 0.5697115384615384 0.12620192307692307 0.014423076923076924 0.028846153846153848
0 0.5925480769230769 0.13701923076923078 0.016826923076923076 0.03365384615384615
0 0.6201923076923077 0.12860576923076922 0.009615384615384616 0.028846153846153848
0 0.5528846153846154 0.1814903846153846 0.019230769230769232 0.036057692307692304
0 0.5132211538461539 0.16346153846153846 0.019230769230769232 0.028846153846153848
0 0.5072115384615384 0.2704326923076923 0.02403846153846154 0.055288461538461536
0 0.5552884615384616 0.2512019230769231 0.019230769230769232 0.038461538461538464
0 0.5745192307692307 0.27884615384615385 0.028846153846153848 0.052884615384615384
0 0.6189903846153846 0.296875 0.026442307692307692 0.04807692307692308
0 0.625 0.19591346153846154 0.019230769230769232 0.04567307692307692
0 0.6550480769230769 0.1814903846153846 0.019230769230769232 0.03365384615384615
0 0.65625 0.2127403846153846 0.02403846153846154 0.038461538461538464
0 0.6995192307692307 0.1971153846153846 0.019230769230769232 0.038461538461538464
0 0.7115384615384616 0.23557692307692307 0.019230769230769232 0.04807692307692308
0 0.734375 0.16466346153846154 0.016826923076923076 0.038461538461538464
0 0.7788461538461539 0.19831730769230768 0.019230769230769232 0.04807692307692308
0 0.7932692307692307 0.14423076923076922 0.019230769230769232 0.038461538461538464
0 0.8209134615384616 0.16466346153846154 0.014423076923076924 0.03365384615384615
0 0.8617788461538461 0.17067307692307693 0.016826923076923076 0.03365384615384615
0 0.8425480769230769 0.21514423076923078 0.016826923076923076 0.04326923076923077
0 0.8810096153846154 0.22355769230769232 0.016826923076923076 0.052884615384615384
0 0.9242788461538461 0.23798076923076922 0.019230769230769232 0.04326923076923077
0 0.9278846153846154 0.28966346153846156 0.019230769230769232 0.04807692307692308
0 0.9098557692307693 0.3473557692307692 0.026442307692307692 0.055288461538461536
0 0.8641826923076923 0.28966346153846156 0.019230769230769232 0.038461538461538464
0 0.8461538461538461 0.31490384615384615 0.019230769230769232 0.052884615384615384
0 0.7944711538461539 0.28966346153846156 0.02403846153846154 0.06009615384615385
0 0.8064903846153846 0.2548076923076923 0.021634615384615384 0.04326923076923077
0 0.8918269230769231 0.48197115384615385 0.028846153846153848 0.07451923076923077
0 0.671875 0.3245192307692308 0.028846153846153848 0.07211538461538461
0 0.6658653846153846 0.27283653846153844 0.019230769230769232 0.038461538461538464
0 0.6334134615384616 0.2764423076923077 0.02403846153846154 0.04326923076923077