0 0.04326923076923077 0.19230769230769232 0.04326923076923077 0.057692307692307696
0 0.09134615384615384 0.2403846153846154 0.052884615384615384 0.057692307692307696
0 0.13581730769230768 0.2704326923076923 0.057692307692307696 0.0673076923076923
0 0.09975961538461539 0.36538461538461536 0.07451923076923077 0.08653846153846154
0 0.04807692307692308 0.46875 0.09615384615384616 0.1201923076923077
0 0.28725961538461536 0.42788461538461536 0.11538461538461539 0.12980769230769232
0 0.2548076923076923 0.328125 0.057692307692307696 0.07932692307692307
0 0.30288461538461536 0.20192307692307693 0.04807692307692308 0.0625
0 0.25961538461538464 0.1346153846153846 0.038461538461538464 0.07692307692307693
0 0.36658653846153844 0.15745192307692307 0.04807692307692308 0.04807692307692308
0 0.39783653846153844 0.1875 0.05048076923076923 0.0625
0 0.4483173076923077 0.17548076923076922 0.04326923076923077 0.052884615384615384
0 0.4206730769230769 0.25 0.0625 0.10096153846153846
0 0.3894230769230769 0.3605769230769231 0.08173076923076923 0.10576923076923077
0 0.5180288461538461 0.32211538461538464 0.06971153846153846 0.10576923076923077
0 0.5180288461538461 0.13701923076923078 0.038461538461538464 0.0625
0 0.5180288461538461 0.037259615384615384 0.04326923076923077 0.06009615384615385
0 0.5504807692307693 0.1201923076923077 0.03365384615384615 0.0625
0 0.5997596153846154 0.16346153846153846 0.04326923076923077 0.08173076923076923
0 0.6358173076923077 0.17548076923076922 0.057692307692307696 0.10096153846153846
0 0.71875 0.27403846153846156 0.057692307692307696 0.08653846153846154
0 0.6478365384615384 0.4423076923076923 0.10576923076923077 0.15865384615384615
0 0.4855769230769231 0.5793269230769231 0.14423076923076922 0.21153846153846154
0 0.3701923076923077 0.640625 0.18269230769230768 0.23798076923076922
0 0.7367788461538461 0.21995192307692307 0.038461538461538464 0.0625
0 0.7295673076923077 0.16346153846153846 0.036057692307692304 0.04807692307692308
0 0.7776442307692307 0.14423076923076922 0.03365384615384615 0.057692307692307696
0 0.8413461538461539 0.25721153846153844 0.057692307692307696 0.08173076923076923
0 0.8966346153846154 0.21875 0.0673076923076923 0.10096153846153846
0 0.8653846153846154 0.17067307692307693 0.038461538461538464 0.0625