0 0.36177884615384615 0.1935096153846154 0.02403846153846154 0.04326923076923077
0 0.4110576923076923 0.1971153846153846 0.02403846153846154 0.04326923076923077
0 0.43990384615384615 0.22115384615384615 0.02403846153846154 0.04326923076923077
0 0.5564903846153846 0.18269230769230768 0.019230769230769232 0.038461538461538464
0 0.5552884615384616 0.15865384615384615 0.02403846153846154 0.038461538461538464
0 0.6262019230769231 0.11778846153846154 0.019230769230769232 0.03365384615384615
0 0.6682692307692307 0.16826923076923078 0.019230769230769232 0.038461538461538464
0 0.6766826923076923 0.21394230769230768 0.021634615384615384 0.04326923076923077
0 0.6658653846153846 0.2536057692307692 0.02403846153846154 0.04807692307692308
0 0.6225961538461539 0.29447115384615385 0.03365384615384615 0.0673076923076923
0 0.6237980769230769 0.21995192307692307 0.028846153846153848 0.04807692307692308
0 0.7800480769230769 0.3798076923076923 0.055288461538461536 0.11538461538461539
0 0.9375 0.23918269230769232 0.019230769230769232 0.038461538461538464