0 0.15865384615384615 0.4879807692307692 0.04807692307692308 0.07692307692307693
0 0.27283653846153844 0.2620192307692308 0.019230769230769232 0.038461538461538464
0 0.28966346153846156 0.28125 0.019230769230769232 0.04326923076923077
0 0.296875 0.24639423076923078 0.021634615384615384 0.03365384615384615
0 0.34975961538461536 0.27283653846153844 0.02403846153846154 0.04807692307692308
0 0.3786057692307692 0.2764423076923077 0.021634615384615384 0.04326923076923077
0 0.3762019230769231 0.2403846153846154 0.019230769230769232 0.038461538461538464
0 0.36658653846153844 0.18990384615384615 0.016826923076923076 0.02403846153846154
0 0.3762019230769231 0.20432692307692307 0.016826923076923076 0.028846153846153848
0 0.4026442307692308 0.18269230769230768 0.014423076923076924 0.028846153846153848
0 0.4170673076923077 0.1778846153846154 0.021634615384615384 0.038461538461538464
0 0.43509615384615385 0.15745192307692307 0.019230769230769232 0.03365384615384615
0 0.4423076923076923 0.18509615384615385 0.019230769230769232 0.03365384615384615
0 0.4579326923076923 0.19110576923076922 0.019230769230769232 0.03125
0 0.44711538461538464 0.22716346153846154 0.02403846153846154 0.040865384615384616
0 0.4723557692307692 0.2247596153846154 0.02403846153846154 0.036057692307692304
0 0.4795673076923077 0.1935096153846154 0.016826923076923076 0.036057692307692304
0 0.47716346153846156 0.15384615384615385 0.014423076923076924 0.028846153846153848
0 0.4699519230769231 0.14423076923076922 0.014423076923076924 0.028846153846153848
0 0.4951923076923077 0.1622596153846154 0.014423076923076924 0.028846153846153848
0 0.5012019230769231 0.140625 0.01201923076923077 0.02403846153846154
0 0.5216346153846154 0.19591346153846154 0.019230769230769232 0.040865384615384616
0 0.5072115384615384 0.17908653846153846 0.019230769230769232 0.036057692307692304
0 0.5144230769230769 0.14783653846153846 0.014423076923076924 0.03125
0 0.5360576923076923 0.17668269230769232 0.014423076923076924 0.036057692307692304
0 0.5288461538461539 0.12259615384615384 0.014423076923076924 0.03365384615384615
0 0.5432692307692307 0.12620192307692307 0.009615384615384616 0.02403846153846154
0 0.5564903846153846 0.1310096153846154 0.014423076923076924 0.028846153846153848
0 0.5733173076923077 0.13942307692307693 0.014423076923076924 0.028846153846153848
0 0.5649038461538461 0.17908653846153846 0.019230769230769232 0.03365384615384615
0 0.5829326923076923 0.12259615384615384 0.014423076923076924 0.02403846153846154
0 0.5913461538461539 0.10697115384615384 0.009615384615384616 0.02403846153846154
0 0.6081730769230769 0.14903846153846154 0.014423076923076924 0.03365384615384615
0 0.6129807692307693 0.12740384615384615 0.014423076923076924 0.02403846153846154
0 0.6129807692307693 0.10216346153846154 0.014423076923076924 0.021634615384615384
0 0.640625 0.10216346153846154 0.014423076923076924 0.02403846153846154
0 0.6442307692307693 0.11778846153846154 0.009615384615384616 0.02403846153846154
0 0.6526442307692307 0.13942307692307693 0.01201923076923077 0.019230769230769232
0 0.6622596153846154 0.1141826923076923 0.014423076923076924 0.026442307692307692
0 0.6983173076923077 0.1045673076923077 0.014423076923076924 0.03125
0 0.5685096153846154 0.24158653846153846 0.019230769230769232 0.040865384615384616
0 0.5576923076923077 0.3016826923076923 0.028846153846153848 0.055288461538461536
0 0.5228365384615384 0.28365384615384615 0.028846153846153848 0.04807692307692308
0 0.6177884615384616 0.25961538461538464 0.02403846153846154 0.04807692307692308
0 0.6310096153846154 0.3016826923076923 0.028846153846153848 0.06009615384615385
0 0.6298076923076923 0.20552884615384615 0.019230769230769232 0.036057692307692304
0 0.6550480769230769 0.21153846153846154 0.021634615384615384 0.04326923076923077
0 0.6586538461538461 0.1658653846153846 0.019230769230769232 0.04326923076923077
0 0.6670673076923077 0.16706730769230768 0.019230769230769232 0.028846153846153848
0 0.6899038461538461 0.1814903846153846 0.019230769230769232 0.038461538461538464
0 0.7127403846153846 0.16947115384615385 0.014423076923076924 0.026442307692307692
0 0.7223557692307693 0.20673076923076922 0.019230769230769232 0.04807692307692308
0 0.7079326923076923 0.2668269230769231 0.028846153846153848 0.057692307692307696
0 0.6947115384615384 0.3076923076923077 0.038461538461538464 0.07692307692307693
0 0.7367788461538461 0.3401442307692308 0.036057692307692304 0.07211538461538461
0 0.7668269230769231 0.27283653846153844 0.03365384615384615 0.055288461538461536
0 0.7487980769230769 0.21634615384615385 0.019230769230769232 0.04326923076923077
0 0.7271634615384616 0.12379807692307693 0.016826923076923076 0.038461538461538464
0 0.7379807692307693 0.14182692307692307 0.014423076923076924 0.03365384615384615
0 0.7596153846153846 0.1310096153846154 0.019230769230769232 0.03125
0 0.7728365384615384 0.15144230769230768 0.019230769230769232 0.03365384615384615
0 0.8052884615384616 0.15384615384615385 0.02403846153846154 0.028846153846153848
0 0.7764423076923077 0.1971153846153846 0.02403846153846154 0.04326923076923077
0 0.8052884615384616 0.23798076923076922 0.02403846153846154 0.04326923076923077
0 0.8257211538461539 0.19831730769230768 0.02403846153846154 0.04567307692307692
0 0.8221153846153846 0.13942307692307693 0.019230769230769232 0.028846153846153848
0 0.8257211538461539 0.1201923076923077 0.014423076923076924 0.028846153846153848
0 0.84375 0.16706730769230768 0.014423076923076924 0.038461538461538464
0 0.8485576923076923 0.14182692307692307 0.014423076923076924 0.03365384615384615
0 0.8605769230769231 0.13341346153846154 0.014423076923076924 0.03365384615384615
0 0.890625 0.13822115384615385 0.014423076923076924 0.03125
0 0.8846153846153846 0.16826923076923078 0.009615384615384616 0.03365384615384615
0 0.8737980769230769 0.21033653846153846 0.021634615384615384 0.04567307692307692
0 0.8641826923076923 0.25961538461538464 0.02403846153846154 0.04807692307692308
0 0.8040865384615384 0.3173076923076923 0.028846153846153848 0.057692307692307696
0 0.8125 0.38100961538461536 0.038461538461538464 0.07692307692307693
0 0.8978365384615384 0.36658653846153844 0.040865384615384616 0.08653846153846154
0 0.9134615384615384 0.30408653846153844 0.02403846153846154 0.057692307692307696
0 0.9086538461538461 0.25240384615384615 0.019230769230769232 0.04326923076923077
0 0.9134615384615384 0.21153846153846154 0.019230769230769232 0.028846153846153848
0 0.9230769230769231 0.24519230769230768 0.019230769230769232 0.038461538461538464
0 0.9206730769230769 0.15384615384615385 0.014423076923076924 0.019230769230769232