0 0.4519230769230769 0.5949519230769231 0.052884615384615384 0.09134615384615384
0 0.5204326923076923 0.7536057692307693 0.06971153846153846 0.12740384615384615
0 0.5913461538461539 0.8173076923076923 0.07692307692307693 0.125
0 0.6598557692307693 0.8052884615384616 0.06490384615384616 0.08173076923076923
0 0.7548076923076923 0.7572115384615384 0.0673076923076923 0.11057692307692307
0 0.8088942307692307 0.8497596153846154 0.10096153846153846 0.13221153846153846
0 0.45913461538461536 0.8846153846153846 0.11057692307692307 0.14423076923076922
0 0.34134615384615385 0.8076923076923077 0.07692307692307693 0.1201923076923077
0 0.29447115384615385 0.7716346153846154 0.06971153846153846 0.09615384615384616
0 0.23076923076923078 0.7403846153846154 0.0673076923076923 0.10576923076923077
0 0.14182692307692307 0.7067307692307693 0.0625 0.09615384615384616