0 0.22956730769230768 0.4170673076923077 0.04567307692307692 0.08413461538461539
0 0.2776442307692308 0.27524038461538464 0.019230769230769232 0.03365384615384615
0 0.28725961538461536 0.2620192307692308 0.016826923076923076 0.03365384615384615
0 0.33052884615384615 0.2620192307692308 0.026442307692307692 0.04326923076923077
0 0.35336538461538464 0.2548076923076923 0.02403846153846154 0.038461538461538464
0 0.3329326923076923 0.2247596153846154 0.019230769230769232 0.03365384615384615
0 0.33774038461538464 0.21394230769230768 0.014423076923076924 0.02403846153846154
0 0.39663461538461536 0.25240384615384615 0.02403846153846154 0.04326923076923077
0 0.4182692307692308 0.2608173076923077 0.02403846153846154 0.04807692307692308
0 0.4567307692307692 0.21634615384615385 0.019230769230769232 0.04326923076923077
0 0.49278846153846156 0.20673076923076922 0.019230769230769232 0.038461538461538464
0 0.39302884615384615 0.1935096153846154 0.016826923076923076 0.038461538461538464
0 0.4098557692307692 0.17307692307692307 0.016826923076923076 0.038461538461538464
0 0.42427884615384615 0.17908653846153846 0.016826923076923076 0.038461538461538464
0 0.43990384615384615 0.15985576923076922 0.019230769230769232 0.03125
0 0.46634615384615385 0.15504807692307693 0.014423076923076924 0.036057692307692304
0 0.47475961538461536 0.19471153846153846 0.016826923076923076 0.038461538461538464
0 0.5096153846153846 0.18269230769230768 0.019230769230769232 0.038461538461538464
0 0.5372596153846154 0.1935096153846154 0.019230769230769232 0.040865384615384616
0 0.5456730769230769 0.15745192307692307 0.019230769230769232 0.04326923076923077
0 0.5733173076923077 0.18629807692307693 0.019230769230769232 0.04567307692307692
0 0.5108173076923077 0.14543269230769232 0.016826923076923076 0.03125
0 0.4963942307692308 0.125 0.014423076923076924 0.028846153846153848
0 0.5865384615384616 0.14783653846153846 0.014423076923076924 0.03365384615384615
0 0.609375 0.1466346153846154 0.01201923076923077 0.03365384615384615
0 0.625 0.1310096153846154 0.014423076923076924 0.03125
0 0.640625 0.11899038461538461 0.014423076923076924 0.026442307692307692
0 0.6634615384615384 0.11899038461538461 0.014423076923076924 0.03125
0 0.6069711538461539 0.10216346153846154 0.01201923076923077 0.02403846153846154
0 0.5949519230769231 0.10697115384615384 0.01201923076923077 0.03125
0 0.49399038461538464 0.3016826923076923 0.028846153846153848 0.057692307692307696
0 0.5420673076923077 0.3088942307692308 0.03365384615384615 0.06009615384615385
0 0.5540865384615384 0.2668269230769231 0.02403846153846154 0.0625
0 0.6081730769230769 0.2536057692307692 0.02403846153846154 0.05048076923076923
0 0.6213942307692307 0.20673076923076922 0.02403846153846154 0.052884615384615384
0 0.6538461538461539 0.16826923076923078 0.019230769230769232 0.04807692307692308
0 0.6526442307692307 0.2247596153846154 0.02403846153846154 0.05048076923076923
0 0.6490384615384616 0.2692307692307692 0.028846153846153848 0.057692307692307696
0 0.6887019230769231 0.3088942307692308 0.03125 0.06009615384615385
0 0.7127403846153846 0.2824519230769231 0.026442307692307692 0.0625
0 0.7091346153846154 0.23076923076923078 0.02403846153846154 0.04326923076923077
0 0.6911057692307693 0.19591346153846154 0.021634615384615384 0.038461538461538464
0 0.6899038461538461 0.1658653846153846 0.019230769230769232 0.038461538461538464
0 0.7175480769230769 0.15865384615384615 0.019230769230769232 0.03365384615384615
0 0.7379807692307693 0.15264423076923078 0.019230769230769232 0.03365384615384615
0 0.765625 0.1346153846153846 0.016826923076923076 0.03365384615384615
0 0.7788461538461539 0.14903846153846154 0.014423076923076924 0.028846153846153848
0 0.8028846153846154 0.13341346153846154 0.009615384615384616 0.03365384615384615
0 0.7632211538461539 0.16826923076923078 0.016826923076923076 0.028846153846153848
0 0.7415865384615384 0.19110576923076922 0.021634615384615384 0.040865384615384616
0 0.7403846153846154 0.2247596153846154 0.02403846153846154 0.04326923076923077
0 0.7548076923076923 0.3425480769230769 0.028846153846153848 0.0673076923076923
0 0.7992788461538461 0.2764423076923077 0.026442307692307692 0.0625
0 0.8137019230769231 0.2512019230769231 0.02403846153846154 0.05048076923076923
0 0.8185096153846154 0.21394230769230768 0.021634615384615384 0.04326923076923077
0 0.7836538461538461 0.21033653846153846 0.019230769230769232 0.040865384615384616
0 0.8052884615384616 0.1778846153846154 0.019230769230769232 0.03365384615384615
0 0.8209134615384616 0.15865384615384615 0.019230769230769232 0.038461538461538464
0 0.8461538461538461 0.14543269230769232 0.019230769230769232 0.036057692307692304
0 0.8389423076923077 0.18870192307692307 0.019230769230769232 0.040865384615384616
0 0.8737980769230769 0.14783653846153846 0.016826923076923076 0.036057692307692304
0 0.8846153846153846 0.18990384615384615 0.019230769230769232 0.04326923076923077
0 0.8725961538461539 0.2127403846153846 0.02403846153846154 0.04807692307692308
0 0.8641826923076923 0.2704326923076923 0.026442307692307692 0.057692307692307696
0 0.9182692307692307 0.2980769230769231 0.028846153846153848 0.057692307692307696
0 0.8485576923076923 0.3088942307692308 0.028846153846153848 0.0625