0 0.7728365384615384 0.2668269230769231 0.06971153846153846 0.1201923076923077
0 0.5012019230769231 0.3557692307692308 0.028846153846153848 0.04807692307692308
0 0.41586538461538464 0.36538461538461536 0.038461538461538464 0.07692307692307693
0 0.39302884615384615 0.3701923076923077 0.038461538461538464 0.07692307692307693
0 0.3173076923076923 0.40384615384615385 0.057692307692307696 0.08173076923076923
0 0.24879807692307693 0.4110576923076923 0.057692307692307696 0.11057692307692307
0 0.16466346153846154 0.44471153846153844 0.08173076923076923 0.12980769230769232
0 0.028846153846153848 0.5144230769230769 0.057692307692307696 0.14423076923076922
0 0.12980769230769232 0.3894230769230769 0.052884615384615384 0.07692307692307693
0 0.20552884615384615 0.34975961538461536 0.026442307692307692 0.038461538461538464
0 0.21875 0.3798076923076923 0.03365384615384615 0.07211538461538461
0 0.23317307692307693 0.34134615384615385 0.03365384615384615 0.04326923076923077
0 0.28125 0.3473557692307692 0.038461538461538464 0.055288461538461536
0 0.3125 0.359375 0.038461538461538464 0.057692307692307696
0 0.32211538461538464 0.34615384615384615 0.02403846153846154 0.04326923076923077
0 0.1045673076923077 0.36538461538461536 0.03125 0.057692307692307696
0 0.06370192307692307 0.38221153846153844 0.04326923076923077 0.08173076923076923
0 0.020432692307692308 0.3641826923076923 0.040865384615384616 0.07211538461538461