0 0.24158653846153846 0.26322115384615385 0.13942307692307693 0.17067307692307693
0 0.39903846153846156 0.5132211538461539 0.0673076923076923 0.1201923076923077
0 0.49759615384615385 0.46274038461538464 0.052884615384615384 0.08653846153846154
0 0.5649038461538461 0.41466346153846156 0.04807692307692308 0.08653846153846154
0 0.5769230769230769 0.34134615384615385 0.028846153846153848 0.04807692307692308
0 0.6370192307692307 0.4074519230769231 0.02403846153846154 0.03365384615384615
0 0.6586538461538461 0.4026442307692308 0.014423076923076924 0.026442307692307692
0 0.6766826923076923 0.4206730769230769 0.019230769230769232 0.03365384615384615
0 0.7163461538461539 0.4050480769230769 0.028846153846153848 0.04326923076923077
0 0.890625 0.3701923076923077 0.021634615384615384 0.028846153846153848
0 0.9074519230769231 0.39903846153846156 0.02403846153846154 0.04326923076923077
0 0.9350961538461539 0.5060096153846154 0.08173076923076923 0.12740384615384615