0 0.08533653846153846 0.5240384615384616 0.04567307692307692 0.11538461538461539
0 0.08653846153846154 0.4050480769230769 0.04326923076923077 0.10336538461538461
0 0.13822115384615385 0.4254807692307692 0.040865384615384616 0.09134615384615384
0 0.2091346153846154 0.2860576923076923 0.03365384615384615 0.052884615384615384
0 0.3713942307692308 0.2932692307692308 0.03125 0.057692307692307696
0 0.4014423076923077 0.421875 0.028846153846153848 0.07451923076923077
0 0.4639423076923077 0.2283653846153846 0.02403846153846154 0.04326923076923077
0 0.3858173076923077 0.21033653846153846 0.019230769230769232 0.036057692307692304
0 0.6177884615384616 0.23918269230769232 0.02403846153846154 0.0673076923076923
0 0.5685096153846154 0.1346153846153846 0.019230769230769232 0.028846153846153848
0 0.7283653846153846 0.1310096153846154 0.02403846153846154 0.052884615384615384
0 0.7211538461538461 0.057692307692307696 0.019230769230769232 0.028846153846153848
0 0.7632211538461539 0.0733173076923077 0.01201923076923077 0.02403846153846154