0 0.12980769230769232 0.35697115384615385 0.038461538461538464 0.0889423076923077
0 0.17908653846153846 0.3245192307692308 0.03365384615384615 0.08173076923076923
0 0.22716346153846154 0.39783653846153844 0.040865384615384616 0.04567307692307692
0 0.2956730769230769 0.2127403846153846 0.019230769230769232 0.03365384615384615
0 0.3401442307692308 0.21394230769230768 0.021634615384615384 0.03365384615384615
0 0.36778846153846156 0.25600961538461536 0.02403846153846154 0.04567307692307692
0 0.3918269230769231 0.19230769230769232 0.014423076923076924 0.028846153846153848
0 0.41947115384615385 0.16105769230769232 0.01201923076923077 0.02403846153846154
0 0.42427884615384615 0.2668269230769231 0.021634615384615384 0.03365384615384615
0 0.44471153846153844 0.2127403846153846 0.014423076923076924 0.040865384615384616
0 0.43990384615384615 0.17307692307692307 0.014423076923076924 0.028846153846153848
0 0.421875 0.14182692307692307 0.014423076923076924 0.019230769230769232
0 0.4651442307692308 0.12980769230769232 0.01201923076923077 0.028846153846153848
0 0.4855769230769231 0.13341346153846154 0.009615384615384616 0.026442307692307692
0 0.4795673076923077 0.16947115384615385 0.016826923076923076 0.03365384615384615
0 0.5024038461538461 0.20673076923076922 0.014423076923076924 0.03365384615384615
0 0.5144230769230769 0.18269230769230768 0.014423076923076924 0.03365384615384615
0 0.5372596153846154 0.1935096153846154 0.016826923076923076 0.036057692307692304
0 0.53125 0.15625 0.014423076923076924 0.02403846153846154
0 0.5144230769230769 0.1201923076923077 0.009615384615384616 0.019230769230769232
0 0.5228365384615384 0.12620192307692307 0.01201923076923077 0.021634615384615384
0 0.5408653846153846 0.12860576923076922 0.014423076923076924 0.026442307692307692
0 0.5805288461538461 0.1201923076923077 0.01201923076923077 0.028846153846153848
0 0.6117788461538461 0.15625 0.016826923076923076 0.02403846153846154
0 0.6033653846153846 0.12379807692307693 0.014423076923076924 0.02403846153846154
0 0.6165865384615384 0.13221153846153846 0.014423076923076924 0.028846153846153848
0 0.609375 0.11057692307692307 0.009615384615384616 0.019230769230769232
0 0.625 0.11057692307692307 0.014423076923076924 0.02403846153846154
0 0.6382211538461539 0.09615384615384616 0.01201923076923077 0.02403846153846154
0 0.6586538461538461 0.1045673076923077 0.009615384615384616 0.02403846153846154
0 0.6814903846153846 0.10216346153846154 0.009615384615384616 0.019230769230769232
0 0.6790865384615384 0.11298076923076923 0.01201923076923077 0.02403846153846154
0 0.5829326923076923 0.17307692307692307 0.019230769230769232 0.028846153846153848
0 0.5757211538461539 0.28125 0.026442307692307692 0.052884615384615384
0 0.5865384615384616 0.24879807692307693 0.019230769230769232 0.038461538461538464
0 0.609375 0.25600961538461536 0.02403846153846154 0.04807692307692308
0 0.6478365384615384 0.20552884615384615 0.016826923076923076 0.036057692307692304
0 0.6586538461538461 0.19951923076923078 0.019230769230769232 0.03365384615384615
0 0.6862980769230769 0.2548076923076923 0.021634615384615384 0.038461538461538464
0 0.7103365384615384 0.1935096153846154 0.016826923076923076 0.036057692307692304
0 0.7007211538461539 0.1658653846153846 0.016826923076923076 0.03365384615384615
0 0.7295673076923077 0.14903846153846154 0.014423076923076924 0.028846153846153848
0 0.7536057692307693 0.13341346153846154 0.01201923076923077 0.026442307692307692
0 0.7800480769230769 0.07692307692307693 0.01201923076923077 0.02403846153846154
0 0.7956730769230769 0.15264423076923078 0.014423076923076924 0.028846153846153848
0 0.7439903846153846 0.1875 0.019230769230769232 0.028846153846153848
0 0.75 0.19831730769230768 0.019230769230769232 0.03365384615384615
0 0.7836538461538461 0.21634615384615385 0.019230769230769232 0.028846153846153848
0 0.75 0.265625 0.019230769230769232 0.057692307692307696
0 0.7644230769230769 0.2692307692307692 0.019230769230769232 0.038461538461538464
0 0.8016826923076923 0.2800480769230769 0.02403846153846154 0.04567307692307692
0 0.7199519230769231 0.23076923076923078 0.019230769230769232 0.028846153846153848
0 0.8473557692307693 0.31971153846153844 0.021634615384615384 0.04807692307692308
0 0.9146634615384616 0.34615384615384615 0.021634615384615384 0.04807692307692308
0 0.9314903846153846 0.3112980769230769 0.02403846153846154 0.04807692307692308
0 0.8677884615384616 0.2848557692307692 0.02403846153846154 0.05048076923076923
0 0.9230769230769231 0.24759615384615385 0.019230769230769232 0.04326923076923077
0 0.9411057692307693 0.23798076923076922 0.014423076923076924 0.03365384615384615
0 0.9447115384615384 0.2127403846153846 0.014423076923076924 0.026442307692307692
0 0.9399038461538461 0.18509615384615385 0.014423076923076924 0.028846153846153848
0 0.9074519230769231 0.171875 0.014423076923076924 0.03125
0 0.8918269230769231 0.2283653846153846 0.019230769230769232 0.03365384615384615
0 0.859375 0.19591346153846154 0.016826923076923076 0.028846153846153848
0 0.8425480769230769 0.234375 0.019230769230769232 0.038461538461538464
0 0.8473557692307693 0.20673076923076922 0.016826923076923076 0.028846153846153848
0 0.8497596153846154 0.14903846153846154 0.014423076923076924 0.028846153846153848