0 0.32091346153846156 0.203125 0.019230769230769232 0.03125
0 0.3581730769230769 0.19831730769230768 0.014423076923076924 0.03125
0 0.375 0.18870192307692307 0.014423076923076924 0.026442307692307692
0 0.40865384615384615 0.17307692307692307 0.014423076923076924 0.028846153846153848
0 0.41947115384615385 0.1778846153846154 0.014423076923076924 0.028846153846153848
0 0.4230769230769231 0.16346153846153846 0.009615384615384616 0.02403846153846154
0 0.4362980769230769 0.15985576923076922 0.01201923076923077 0.02403846153846154
0 0.46153846153846156 0.15384615384615385 0.014423076923076924 0.019230769230769232
0 0.48197115384615385 0.14903846153846154 0.014423076923076924 0.03365384615384615
0 0.46634615384615385 0.18028846153846154 0.019230769230769232 0.02403846153846154
0 0.4651442307692308 0.2091346153846154 0.019230769230769232 0.028846153846153848
0 0.44591346153846156 0.24639423076923078 0.019230769230769232 0.028846153846153848
0 0.4987980769230769 0.12379807692307693 0.01201923076923077 0.021634615384615384
0 0.4987980769230769 0.18990384615384615 0.019230769230769232 0.03365384615384615
0 0.5192307692307693 0.18509615384615385 0.019230769230769232 0.02403846153846154
0 0.5360576923076923 0.12620192307692307 0.014423076923076924 0.021634615384615384
0 0.5360576923076923 0.14903846153846154 0.014423076923076924 0.028846153846153848
0 0.5637019230769231 0.13581730769230768 0.01201923076923077 0.02403846153846154
0 0.5709134615384616 0.14903846153846154 0.01201923076923077 0.019230769230769232
0 0.5516826923076923 0.1814903846153846 0.016826923076923076 0.03125
0 0.5757211538461539 0.18509615384615385 0.016826923076923076 0.03365384615384615
0 0.5973557692307693 0.14903846153846154 0.014423076923076924 0.019230769230769232
0 0.5805288461538461 0.12860576923076922 0.01201923076923077 0.021634615384615384
0 0.6105769230769231 0.1045673076923077 0.009615384615384616 0.021634615384615384
0 0.6394230769230769 0.12139423076923077 0.009615384615384616 0.021634615384615384
0 0.6358173076923077 0.1346153846153846 0.01201923076923077 0.019230769230769232
0 0.6526442307692307 0.14543269230769232 0.01201923076923077 0.021634615384615384
0 0.6622596153846154 0.11298076923076923 0.01201923076923077 0.02403846153846154
0 0.6682692307692307 0.12379807692307693 0.009615384615384616 0.019230769230769232
0 0.7019230769230769 0.12620192307692307 0.009615384615384616 0.016826923076923076
0 0.671875 0.14302884615384615 0.01201923076923077 0.016826923076923076
0 0.625 0.17908653846153846 0.014423076923076924 0.021634615384615384
0 0.5841346153846154 0.16826923076923078 0.019230769230769232 0.019230769230769232
0 0.5709134615384616 0.23076923076923078 0.02403846153846154 0.04807692307692308
0 0.6346153846153846 0.19951923076923078 0.019230769230769232 0.04326923076923077
0 0.6538461538461539 0.23557692307692307 0.019230769230769232 0.038461538461538464
0 0.6598557692307693 0.18269230769230768 0.016826923076923076 0.03365384615384615
0 0.6959134615384616 0.17908653846153846 0.014423076923076924 0.021634615384615384
0 0.7103365384615384 0.15264423076923078 0.01201923076923077 0.028846153846153848
0 0.7139423076923077 0.23317307692307693 0.019230769230769232 0.04326923076923077
0 0.7211538461538461 0.1875 0.019230769230769232 0.038461538461538464
0 0.7331730769230769 0.171875 0.014423076923076924 0.036057692307692304
0 0.7427884615384616 0.15264423076923078 0.014423076923076924 0.02403846153846154
0 0.7632211538461539 0.14543269230769232 0.01201923076923077 0.016826923076923076
0 0.7872596153846154 0.14543269230769232 0.01201923076923077 0.028846153846153848
0 0.796875 0.12980769230769232 0.009615384615384616 0.02403846153846154
0 0.8052884615384616 0.15264423076923078 0.014423076923076924 0.028846153846153848
0 0.7932692307692307 0.17668269230769232 0.009615384615384616 0.02403846153846154
0 0.7680288461538461 0.18389423076923078 0.016826923076923076 0.03365384615384615
0 0.7560096153846154 0.3088942307692308 0.036057692307692304 0.06971153846153846
0 0.7992788461538461 0.20673076923076922 0.014423076923076924 0.038461538461538464
0 0.8125 0.20192307692307693 0.019230769230769232 0.038461538461538464
0 0.828125 0.17668269230769232 0.014423076923076924 0.03125
0 0.8257211538461539 0.15625 0.01201923076923077 0.02403846153846154
0 0.8533653846153846 0.14903846153846154 0.014423076923076924 0.028846153846153848
0 0.8653846153846154 0.09615384615384616 0.009615384615384616 0.028846153846153848
0 0.8882211538461539 0.15745192307692307 0.01201923076923077 0.02403846153846154
0 0.8557692307692307 0.21153846153846154 0.009615384615384616 0.028846153846153848
0 0.8822115384615384 0.23557692307692307 0.014423076923076924 0.038461538461538464
0 0.8737980769230769 0.2704326923076923 0.016826923076923076 0.038461538461538464
0 0.9170673076923077 0.18028846153846154 0.01201923076923077 0.028846153846153848
0 0.9375 0.21153846153846154 0.019230769230769232 0.038461538461538464
0 0.9206730769230769 0.265625 0.014423076923076924 0.038461538461538464
0 0.9338942307692307 0.24759615384615385 0.019230769230769232 0.03365384615384615