0 0.07451923076923077 0.6814903846153846 0.052884615384615384 0.08173076923076923
0 0.12139423076923077 0.7307692307692307 0.0625 0.10096153846153846
0 0.04807692307692308 0.8197115384615384 0.07692307692307693 0.1201923076923077
0 0.21634615384615385 0.6790865384615384 0.04807692307692308 0.08173076923076923
0 0.34134615384615385 0.8485576923076923 0.0673076923076923 0.125
0 0.34615384615384615 0.7512019230769231 0.057692307692307696 0.08173076923076923
0 0.3786057692307692 0.6947115384615384 0.038461538461538464 0.0673076923076923
0 0.4891826923076923 0.6947115384615384 0.04326923076923077 0.0625
0 0.5252403846153846 0.7536057692307693 0.05048076923076923 0.08173076923076923
0 0.5372596153846154 0.8401442307692307 0.0625 0.09615384615384616
0 0.5733173076923077 0.9435096153846154 0.09134615384615384 0.0985576923076923
0 0.6730769230769231 0.7127403846153846 0.04326923076923077 0.06009615384615385
0 0.7475961538461539 0.5384615384615384 0.04326923076923077 0.0673076923076923
0 0.7307692307692307 0.7692307692307693 0.04807692307692308 0.07211538461538461
0 0.7872596153846154 0.7019230769230769 0.04567307692307692 0.07692307692307693
0 0.8245192307692307 0.8293269230769231 0.0625 0.10096153846153846
0 0.859375 0.7560096153846154 0.04807692307692308 0.08413461538461539