0 0.055288461538461536 0.5480769230769231 0.08173076923076923 0.09615384615384616
0 0.15264423076923078 0.5240384615384616 0.06971153846153846 0.08653846153846154
0 0.10336538461538461 0.34375 0.08173076923076923 0.10096153846153846
0 0.04927884615384615 0.3161057692307692 0.06490384615384616 0.07451923076923077
0 0.019230769230769232 0.34975961538461536 0.038461538461538464 0.07932692307692307
0 0.22355769230769232 0.3329326923076923 0.07211538461538461 0.10096153846153846
0 0.2764423076923077 0.4987980769230769 0.07211538461538461 0.08173076923076923
0 0.3329326923076923 0.3786057692307692 0.0673076923076923 0.08413461538461539
0 0.3545673076923077 0.3269230769230769 0.06009615384615385 0.07692307692307693
0 0.4050480769230769 0.32091346153846156 0.052884615384615384 0.06009615384615385
0 0.4411057692307692 0.35697115384615385 0.057692307692307696 0.06490384615384616
0 0.4230769230769231 0.5276442307692307 0.057692307692307696 0.06971153846153846
0 0.5036057692307693 0.49278846153846156 0.057692307692307696 0.07692307692307693
0 0.5 0.3233173076923077 0.052884615384615384 0.07692307692307693
0 0.5444711538461539 0.3605769230769231 0.04807692307692308 0.0625
0 0.6033653846153846 0.4795673076923077 0.057692307692307696 0.06971153846153846
0 0.6730769230769231 0.46274038461538464 0.057692307692307696 0.07932692307692307
0 0.5901442307692307 0.31490384615384615 0.04326923076923077 0.0625
0 0.6514423076923077 0.34134615384615385 0.04326923076923077 0.057692307692307696
0 0.7055288461538461 0.3233173076923077 0.04326923076923077 0.0673076923076923
0 0.75 0.44711538461538464 0.057692307692307696 0.0673076923076923
0 0.7475961538461539 0.35216346153846156 0.04326923076923077 0.04326923076923077
0 0.8137019230769231 0.44711538461538464 0.04807692307692308 0.057692307692307696
0 0.8425480769230769 0.33413461538461536 0.038461538461538464 0.052884615384615384
0 0.9603365384615384 0.3641826923076923 0.052884615384615384 0.06971153846153846