0 0.9206730769230769 0.22596153846153846 0.014423076923076924 0.038461538461538464
0 0.8870192307692307 0.2247596153846154 0.014423076923076924 0.04807692307692308
0 0.8713942307692307 0.25961538461538464 0.016826923076923076 0.04807692307692308
0 0.9206730769230769 0.2776442307692308 0.014423076923076924 0.05048076923076923
0 0.9134615384615384 0.33413461538461536 0.019230769230769232 0.07211538461538461
0 0.8341346153846154 0.30408653846153844 0.02403846153846154 0.06490384615384616
0 0.8894230769230769 0.45552884615384615 0.028846153846153848 0.08173076923076923
0 0.8161057692307693 0.40384615384615385 0.03125 0.07692307692307693
0 0.7920673076923077 0.125 0.009615384615384616 0.028846153846153848
0 0.7944711538461539 0.14783653846153846 0.01201923076923077 0.038461538461538464
0 0.8100961538461539 0.14783653846153846 0.014423076923076924 0.03365384615384615
0 0.8028846153846154 0.21153846153846154 0.019230769230769232 0.04326923076923077
0 0.796875 0.2439903846153846 0.021634615384615384 0.05048076923076923
0 0.7800480769230769 0.31009615384615385 0.021634615384615384 0.052884615384615384
0 0.7512019230769231 0.36538461538461536 0.03125 0.07211538461538461
0 0.7668269230769231 0.22956730769230768 0.014423076923076924 0.040865384615384616
0 0.7283653846153846 0.28846153846153844 0.02403846153846154 0.057692307692307696
0 0.6983173076923077 0.30408653846153844 0.02403846153846154 0.055288461538461536
0 0.6887019230769231 0.22956730769230768 0.021634615384615384 0.052884615384615384
0 0.7211538461538461 0.22716346153846154 0.019230769230769232 0.05048076923076923
0 0.7584134615384616 0.1935096153846154 0.016826923076923076 0.038461538461538464
0 0.7439903846153846 0.1658653846153846 0.016826923076923076 0.03365384615384615
0 0.7487980769230769 0.12620192307692307 0.01201923076923077 0.036057692307692304
0 0.7259615384615384 0.14423076923076922 0.009615384615384616 0.03365384615384615
0 0.7019230769230769 0.15384615384615385 0.014423076923076924 0.03365384615384615
0 0.7199519230769231 0.17548076923076922 0.016826923076923076 0.038461538461538464
0 0.7127403846153846 0.10336538461538461 0.009615384615384616 0.02403846153846154
0 0.6935096153846154 0.09735576923076923 0.009615384615384616 0.026442307692307692
0 0.6610576923076923 0.09975961538461539 0.014423076923076924 0.02403846153846154
0 0.6790865384615384 0.11538461538461539 0.01201923076923077 0.028846153846153848
0 0.671875 0.16947115384615385 0.019230769230769232 0.04326923076923077
0 0.6286057692307693 0.11778846153846154 0.01201923076923077 0.02403846153846154
0 0.6382211538461539 0.109375 0.009615384615384616 0.026442307692307692
0 0.6129807692307693 0.10817307692307693 0.014423076923076924 0.028846153846153848
0 0.6310096153846154 0.2247596153846154 0.021634615384615384 0.05048076923076923
0 0.6177884615384616 0.15985576923076922 0.014423076923076924 0.03365384615384615
0 0.5901442307692307 0.10216346153846154 0.007211538461538462 0.019230769230769232
0 0.5985576923076923 0.12620192307692307 0.014423076923076924 0.026442307692307692
0 0.5769230769230769 0.11899038461538461 0.009615384615384616 0.02403846153846154
0 0.5108173076923077 0.11778846153846154 0.01201923076923077 0.02403846153846154
0 0.5276442307692307 0.12139423076923077 0.009615384615384616 0.026442307692307692
0 0.546875 0.12259615384615384 0.009615384615384616 0.02403846153846154
0 0.5649038461538461 0.14423076923076922 0.014423076923076924 0.028846153846153848
0 0.5841346153846154 0.16466346153846154 0.014423076923076924 0.036057692307692304
0 0.4879807692307692 0.13341346153846154 0.014423076923076924 0.021634615384615384
0 0.5096153846153846 0.14423076923076922 0.009615384615384616 0.028846153846153848
0 0.5228365384615384 0.15745192307692307 0.01201923076923077 0.03365384615384615
0 0.5396634615384616 0.13942307692307693 0.01201923076923077 0.02403846153846154
0 0.5492788461538461 0.16346153846153846 0.01201923076923077 0.038461538461538464
0 0.5588942307692307 0.18028846153846154 0.014423076923076924 0.04326923076923077
0 0.49278846153846156 0.17307692307692307 0.014423076923076924 0.038461538461538464
0 0.49759615384615385 0.18269230769230768 0.014423076923076924 0.038461538461538464
0 0.46274038461538464 0.13822115384615385 0.01201923076923077 0.026442307692307692
0 0.4206730769230769 0.140625 0.014423076923076924 0.026442307692307692
0 0.44711538461538464 0.15985576923076922 0.014423076923076924 0.03365384615384615
0 0.41346153846153844 0.16706730769230768 0.014423076923076924 0.036057692307692304
0 0.390625 0.19471153846153846 0.016826923076923076 0.038461538461538464
0 0.4170673076923077 0.2283653846153846 0.019230769230769232 0.04326923076923077
0 0.41947115384615385 0.20072115384615385 0.016826923076923076 0.040865384615384616
0 0.44350961538461536 0.21995192307692307 0.016826923076923076 0.04807692307692308
0 0.47716346153846156 0.22956730769230768 0.021634615384615384 0.04326923076923077
0 0.49278846153846156 0.27283653846153844 0.02403846153846154 0.055288461538461536
0 0.34375 0.16947115384615385 0.014423076923076924 0.026442307692307692
0 0.36778846153846156 0.1971153846153846 0.014423076923076924 0.038461538461538464
0 0.34134615384615385 0.203125 0.019230769230769232 0.028846153846153848
0 0.30408653846153844 0.21033653846153846 0.016826923076923076 0.036057692307692304
0 0.30408653846153844 0.23317307692307693 0.019230769230769232 0.038461538461538464
0 0.3317307692307692 0.23197115384615385 0.019230769230769232 0.036057692307692304
0 0.36899038461538464 0.24519230769230768 0.021634615384615384 0.04807692307692308
0 0.5360576923076923 0.29086538461538464 0.02403846153846154 0.057692307692307696
0 0.5757211538461539 0.24639423076923078 0.021634615384615384 0.055288461538461536
0 0.5985576923076923 0.3269230769230769 0.02403846153846154 0.0673076923076923
0 0.20673076923076922 0.359375 0.038461538461538464 0.08413461538461539