0 0.03245192307692308 0.5985576923076923 0.06009615384615385 0.1346153846153846
0 0.03245192307692308 0.5360576923076923 0.04567307692307692 0.0625
0 0.10697115384615384 0.5444711538461539 0.0625 0.0889423076923077
0 0.09254807692307693 0.4807692307692308 0.04326923076923077 0.057692307692307696
0 0.13701923076923078 0.4543269230769231 0.04326923076923077 0.07211538461538461
0 0.1971153846153846 0.5024038461538461 0.04807692307692308 0.08653846153846154
0 0.23197115384615385 0.4879807692307692 0.04567307692307692 0.0625
0 0.24278846153846154 0.46274038461538464 0.038461538461538464 0.057692307692307696
0 0.47115384615384615 0.4651442307692308 0.038461538461538464 0.0625
0 0.5288461538461539 0.33052884615384615 0.028846153846153848 0.052884615384615384
0 0.5132211538461539 0.7475961538461539 0.11778846153846154 0.16826923076923078
0 0.5084134615384616 0.6153846153846154 0.08653846153846154 0.1346153846153846
0 0.5264423076923077 0.5420673076923077 0.057692307692307696 0.09615384615384616
0 0.5384615384615384 0.4831730769230769 0.057692307692307696 0.08653846153846154
0 0.6141826923076923 0.47836538461538464 0.040865384615384616 0.08173076923076923
0 0.6490384615384616 0.49158653846153844 0.04807692307692308 0.08173076923076923
0 0.6935096153846154 0.5324519230769231 0.0625 0.10096153846153846
0 0.7415865384615384 0.6189903846153846 0.08413461538461539 0.125
0 0.8954326923076923 0.7271634615384616 0.11778846153846154 0.18509615384615385
0 0.9074519230769231 0.5144230769230769 0.04567307692307692 0.08173076923076923
0 0.8545673076923077 0.4951923076923077 0.04567307692307692 0.07211538461538461
0 0.8088942307692307 0.46274038461538464 0.04326923076923077 0.06971153846153846
0 0.9014423076923077 0.4735576923076923 0.04326923076923077 0.0625
0 0.9603365384615384 0.5 0.052884615384615384 0.0673076923076923
0 0.984375 0.5564903846153846 0.028846153846153848 0.07932692307692307