0 0.06490384615384616 0.4519230769230769 0.052884615384615384 0.11538461538461539
0 0.12860576923076922 0.4411057692307692 0.040865384615384616 0.08173076923076923
0 0.19230769230769232 0.4519230769230769 0.04807692307692308 0.09615384615384616
0 0.26802884615384615 0.453125 0.0673076923076923 0.14423076923076922
0 0.3713942307692308 0.44350961538461536 0.040865384615384616 0.08653846153846154
0 0.3329326923076923 0.46634615384615385 0.02403846153846154 0.0625
0 0.44471153846153844 0.47596153846153844 0.0625 0.10576923076923077
0 0.5252403846153846 0.4483173076923077 0.05048076923076923 0.1201923076923077
0 0.5805288461538461 0.4651442307692308 0.04326923076923077 0.11298076923076923
0 0.6574519230769231 0.4387019230769231 0.055288461538461536 0.10576923076923077
0 0.7199519230769231 0.4651442307692308 0.05048076923076923 0.10336538461538461
0 0.7644230769230769 0.44350961538461536 0.038461538461538464 0.06971153846153846
0 0.7992788461538461 0.4495192307692308 0.026442307692307692 0.0625
0 0.8353365384615384 0.4807692307692308 0.036057692307692304 0.08173076923076923
0 0.8689903846153846 0.49038461538461536 0.03125 0.0625
0 0.8822115384615384 0.44711538461538464 0.02403846153846154 0.04807692307692308
0 0.9266826923076923 0.4879807692307692 0.038461538461538464 0.08173076923076923
0 0.9759615384615384 0.4735576923076923 0.038461538461538464 0.052884615384615384