0 0.03485576923076923 0.3858173076923077 0.0673076923076923 0.11778846153846154
0 0.13341346153846154 0.36538461538461536 0.04567307692307692 0.057692307692307696
0 0.19110576923076922 0.43149038461538464 0.06009615384615385 0.09615384615384616
0 0.24879807692307693 0.41466346153846156 0.08653846153846154 0.10817307692307693
0 0.31971153846153844 0.4026442307692308 0.052884615384615384 0.08413461538461539
0 0.21754807692307693 0.3449519230769231 0.026442307692307692 0.04326923076923077
0 0.30288461538461536 0.3389423076923077 0.019230769230769232 0.04326923076923077
0 0.36899038461538464 0.35336538461538464 0.036057692307692304 0.04326923076923077
0 0.4014423076923077 0.4074519230769231 0.057692307692307696 0.08413461538461539
0 0.3737980769230769 0.5060096153846154 0.09375 0.13221153846153846
0 0.47475961538461536 0.4254807692307692 0.06971153846153846 0.10096153846153846
0 0.5204326923076923 0.38341346153846156 0.04326923076923077 0.07932692307692307
0 0.49038461538461536 0.34134615384615385 0.028846153846153848 0.04807692307692308
0 0.4675480769230769 0.3629807692307692 0.028846153846153848 0.038461538461538464
0 0.4495192307692308 0.33413461538461536 0.028846153846153848 0.04326923076923077
0 0.45913461538461536 0.30649038461538464 0.02403846153846154 0.038461538461538464
0 0.39783653846153844 0.31850961538461536 0.028846153846153848 0.03365384615384615
0 0.6646634615384616 0.4338942307692308 0.05048076923076923 0.10096153846153846
0 0.9206730769230769 0.6334134615384616 0.13942307692307693 0.23557692307692307
0 0.78125 0.43149038461538464 0.0625 0.08173076923076923
0 0.8497596153846154 0.3858173076923077 0.04567307692307692 0.08413461538461539
0 0.8966346153846154 0.34975961538461536 0.038461538461538464 0.052884615384615384
0 0.9519230769230769 0.3870192307692308 0.038461538461538464 0.0625
0 0.9579326923076923 0.32211538461538464 0.03125 0.052884615384615384
0 0.9278846153846154 0.32091346153846156 0.028846153846153848 0.04567307692307692
0 0.8990384615384616 0.29086538461538464 0.019230769230769232 0.038461538461538464
0 0.8870192307692307 0.265625 0.02403846153846154 0.036057692307692304
0 0.9230769230769231 0.27283653846153844 0.019230769230769232 0.036057692307692304
0 0.9783653846153846 0.26802884615384615 0.02403846153846154 0.036057692307692304
0 0.8521634615384616 0.29086538461538464 0.02403846153846154 0.038461538461538464
0 0.8701923076923077 0.32211538461538464 0.028846153846153848 0.04807692307692308
0 0.8125 0.34134615384615385 0.03365384615384615 0.04807692307692308
0 0.75 0.38221153846153844 0.038461538461538464 0.052884615384615384
0 0.7127403846153846 0.3269230769230769 0.026442307692307692 0.038461538461538464
0 0.6442307692307693 0.38100961538461536 0.04807692307692308 0.07932692307692307
0 0.6105769230769231 0.36177884615384615 0.038461538461538464 0.06490384615384616
0 0.5841346153846154 0.33052884615384615 0.02403846153846154 0.04326923076923077
0 0.5697115384615384 0.296875 0.028846153846153848 0.04567307692307692
0 0.5144230769230769 0.29927884615384615 0.02403846153846154 0.036057692307692304
0 0.5036057692307693 0.31850961538461536 0.021634615384615384 0.038461538461538464
0 0.5949519230769231 0.3004807692307692 0.02403846153846154 0.038461538461538464
0 0.6189903846153846 0.2920673076923077 0.019230769230769232 0.036057692307692304
0 0.6670673076923077 0.2692307692307692 0.021634615384615384 0.03365384615384615
0 0.7019230769230769 0.3004807692307692 0.019230769230769232 0.038461538461538464
0 0.7560096153846154 0.3269230769230769 0.026442307692307692 0.038461538461538464
0 0.7632211538461539 0.2956730769230769 0.02403846153846154 0.03365384615384615
0 0.75 0.28725961538461536 0.019230769230769232 0.02403846153846154
0 0.7391826923076923 0.27283653846153844 0.021634615384615384 0.028846153846153848
0 0.7283653846153846 0.24639423076923078 0.019230769230769232 0.026442307692307692
0 0.7728365384615384 0.2620192307692308 0.019230769230769232 0.038461538461538464