0 0.10576923076923077 0.7055288461538461 0.09615384615384616 0.15144230769230768
0 0.2776442307692308 0.6682692307692307 0.05048076923076923 0.07692307692307693
0 0.14783653846153846 0.7379807692307693 0.055288461538461536 0.11057692307692307
0 0.3545673076923077 0.75 0.08173076923076923 0.12980769230769232
0 0.4050480769230769 0.6346153846153846 0.04807692307692308 0.08173076923076923
0 0.47115384615384615 0.6502403846153846 0.057692307692307696 0.08173076923076923
0 0.4543269230769231 0.5024038461538461 0.038461538461538464 0.07211538461538461
0 0.5709134615384616 0.6574519230769231 0.052884615384615384 0.08653846153846154
0 0.5757211538461539 0.8004807692307693 0.11778846153846154 0.1875
0 0.39663461538461536 0.9038461538461539 0.14903846153846154 0.1346153846153846
0 0.6394230769230769 0.7067307692307693 0.07211538461538461 0.11538461538461539
0 0.5865384615384616 0.6262019230769231 0.038461538461538464 0.06490384615384616
0 0.6574519230769231 0.6129807692307693 0.05048076923076923 0.08173076923076923
0 0.7175480769230769 0.6225961538461539 0.05048076923076923 0.08173076923076923
0 0.7668269230769231 0.6790865384615384 0.0625 0.09615384615384616
0 0.7548076923076923 0.6117788461538461 0.03365384615384615 0.052884615384615384
0 0.7932692307692307 0.6105769230769231 0.04326923076923077 0.0673076923076923
0 0.8112980769230769 0.5625 0.038461538461538464 0.057692307692307696
0 0.9086538461538461 0.5829326923076923 0.038461538461538464 0.0625
0 0.9230769230769231 0.640625 0.038461538461538464 0.07692307692307693
0 0.9567307692307693 0.6262019230769231 0.04807692307692308 0.13942307692307693