0 0.20793269230769232 0.40384615384615385 0.0673076923076923 0.11538461538461539
0 0.25961538461538464 0.25721153846153844 0.019230769230769232 0.03365384615384615
0 0.2776442307692308 0.2548076923076923 0.019230769230769232 0.038461538461538464
0 0.3557692307692308 0.23317307692307693 0.019230769230769232 0.03365384615384615
0 0.3954326923076923 0.265625 0.021634615384615384 0.04567307692307692
0 0.3641826923076923 0.1935096153846154 0.016826923076923076 0.028846153846153848
0 0.38461538461538464 0.1971153846153846 0.019230769230769232 0.028846153846153848
0 0.3942307692307692 0.21514423076923078 0.019230769230769232 0.036057692307692304
0 0.4014423076923077 0.19591346153846154 0.014423076923076924 0.028846153846153848
0 0.40625 0.171875 0.019230769230769232 0.028846153846153848
0 0.4375 0.1935096153846154 0.019230769230769232 0.03125
0 0.43149038461538464 0.2283653846153846 0.021634615384615384 0.04326923076923077
0 0.453125 0.1502403846153846 0.01201923076923077 0.021634615384615384
0 0.46875 0.14903846153846154 0.014423076923076924 0.028846153846153848
0 0.4831730769230769 0.17668269230769232 0.014423076923076924 0.036057692307692304
0 0.49759615384615385 0.1778846153846154 0.019230769230769232 0.038461538461538464
0 0.5240384615384616 0.19951923076923078 0.019230769230769232 0.03365384615384615
0 0.5228365384615384 0.16105769230769232 0.01201923076923077 0.028846153846153848
0 0.5168269230769231 0.12379807692307693 0.014423076923076924 0.03365384615384615
0 0.5336538461538461 0.1346153846153846 0.019230769230769232 0.038461538461538464
0 0.5456730769230769 0.1622596153846154 0.014423076923076924 0.026442307692307692
0 0.5564903846153846 0.17427884615384615 0.016826923076923076 0.03365384615384615
0 0.5576923076923077 0.109375 0.019230769230769232 0.02403846153846154
0 0.5649038461538461 0.1346153846153846 0.014423076923076924 0.028846153846153848
0 0.5817307692307693 0.13942307692307693 0.019230769230769232 0.03365384615384615
0 0.5865384615384616 0.1201923076923077 0.009615384615384616 0.028846153846153848
0 0.5973557692307693 0.09495192307692307 0.01201923076923077 0.026442307692307692
0 0.6201923076923077 0.09975961538461539 0.009615384615384616 0.02403846153846154
0 0.6129807692307693 0.13581730769230768 0.014423076923076924 0.03365384615384615
0 0.6069711538461539 0.2127403846153846 0.016826923076923076 0.036057692307692304
0 0.6490384615384616 0.12980769230769232 0.014423076923076924 0.028846153846153848
0 0.6418269230769231 0.10096153846153846 0.014423076923076924 0.028846153846153848
0 0.6682692307692307 0.09615384615384616 0.009615384615384616 0.02403846153846154
0 0.7019230769230769 0.09735576923076923 0.009615384615384616 0.028846153846153848
0 0.5564903846153846 0.25841346153846156 0.021634615384615384 0.04326923076923077
0 0.4963942307692308 0.29447115384615385 0.028846153846153848 0.04567307692307692
0 0.546875 0.3161057692307692 0.026442307692307692 0.052884615384615384
0 0.6129807692307693 0.25600961538461536 0.02403846153846154 0.04807692307692308
0 0.6201923076923077 0.3088942307692308 0.028846153846153848 0.05048076923076923
0 0.6610576923076923 0.20793269230769232 0.02403846153846154 0.038461538461538464
0 0.6923076923076923 0.18269230769230768 0.02403846153846154 0.038461538461538464
0 0.7439903846153846 0.18509615384615385 0.02403846153846154 0.04807692307692308
0 0.7475961538461539 0.2283653846153846 0.02403846153846154 0.04326923076923077
0 0.6935096153846154 0.2439903846153846 0.028846153846153848 0.06490384615384616
0 0.6911057692307693 0.30649038461538464 0.03365384615384615 0.057692307692307696
0 0.7307692307692307 0.34375 0.03365384615384615 0.0673076923076923
0 0.7692307692307693 0.28725961538461536 0.028846153846153848 0.055288461538461536
0 0.7836538461538461 0.15384615384615385 0.019230769230769232 0.038461538461538464
0 0.8004807692307693 0.12620192307692307 0.014423076923076924 0.03365384615384615
0 0.7824519230769231 0.19230769230769232 0.019230769230769232 0.04807692307692308
0 0.8064903846153846 0.2608173076923077 0.021634615384615384 0.05048076923076923
0 0.8329326923076923 0.29086538461538464 0.02403846153846154 0.052884615384615384
0 0.7956730769230769 0.4026442307692308 0.03365384615384615 0.07692307692307693
0 0.8966346153846154 0.38100961538461536 0.03365384615384615 0.06009615384615385
0 0.9038461538461539 0.3161057692307692 0.028846153846153848 0.057692307692307696
0 0.9242788461538461 0.27163461538461536 0.02403846153846154 0.057692307692307696
0 0.8689903846153846 0.2644230769230769 0.019230769230769232 0.04807692307692308
0 0.8293269230769231 0.18870192307692307 0.019230769230769232 0.040865384615384616
0 0.8293269230769231 0.14423076923076922 0.019230769230769232 0.038461538461538464
0 0.84375 0.12980769230769232 0.014423076923076924 0.028846153846153848
0 0.8605769230769231 0.15745192307692307 0.019230769230769232 0.028846153846153848
0 0.8677884615384616 0.1310096153846154 0.014423076923076924 0.03365384615384615
0 0.90625 0.14302884615384615 0.014423076923076924 0.028846153846153848
0 0.9314903846153846 0.15745192307692307 0.01201923076923077 0.026442307692307692
0 0.9302884615384616 0.19831730769230768 0.014423076923076924 0.04326923076923077
0 0.9230769230769231 0.21995192307692307 0.019230769230769232 0.04807692307692308
0 0.8822115384615384 0.18389423076923078 0.019230769230769232 0.036057692307692304
0 0.8737980769230769 0.20192307692307693 0.019230769230769232 0.038461538461538464