0 0.34975961538461536 0.49759615384615385 0.0625 0.10576923076923077
0 0.2956730769230769 0.3894230769230769 0.07211538461538461 0.09615384615384616
0 0.4387019230769231 0.4675480769230769 0.0673076923076923 0.0985576923076923
0 0.4795673076923077 0.5264423076923077 0.07932692307692307 0.11057692307692307
0 0.5012019230769231 0.4855769230769231 0.0673076923076923 0.10576923076923077
0 0.5649038461538461 0.5 0.07211538461538461 0.11538461538461539
0 0.7223557692307693 0.5204326923076923 0.08653846153846154 0.13701923076923078
0 0.36658653846153844 0.6935096153846154 0.0889423076923077 0.14182692307692307
0 0.5120192307692307 0.6923076923076923 0.10096153846153846 0.14423076923076922
0 0.7091346153846154 0.7644230769230769 0.13942307692307693 0.16346153846153846
0 0.0733173076923077 0.8629807692307693 0.13942307692307693 0.20673076923076922
0 0.016826923076923076 0.5637019230769231 0.03365384615384615 0.10817307692307693