0 0.04326923076923077 0.6670673076923077 0.07211538461538461 0.10576923076923077
0 0.03125 0.5925480769230769 0.04326923076923077 0.06009615384615385
0 0.025240384615384616 0.5492788461538461 0.040865384615384616 0.04807692307692308
0 0.13822115384615385 0.53125 0.040865384615384616 0.052884615384615384
0 0.20072115384615385 0.609375 0.0673076923076923 0.09134615384615384
0 0.23918269230769232 0.7223557692307693 0.057692307692307696 0.10576923076923077
0 0.29447115384615385 0.8545673076923077 0.12740384615384615 0.18990384615384615
0 0.30528846153846156 0.5348557692307693 0.038461538461538464 0.055288461538461536
0 0.3641826923076923 0.5540865384615384 0.036057692307692304 0.055288461538461536
0 0.3894230769230769 0.5805288461538461 0.04807692307692308 0.06971153846153846
0 0.39903846153846156 0.5288461538461539 0.03365384615384615 0.04326923076923077
0 0.4891826923076923 0.5324519230769231 0.03125 0.038461538461538464
0 0.5120192307692307 0.5637019230769231 0.038461538461538464 0.052884615384615384
0 0.49038461538461536 0.6262019230769231 0.0673076923076923 0.07211538461538461
0 0.5973557692307693 0.6538461538461539 0.06009615384615385 0.09134615384615384
0 0.6129807692307693 0.6021634615384616 0.052884615384615384 0.07692307692307693
0 0.6322115384615384 0.5372596153846154 0.038461538461538464 0.06009615384615385
0 0.6923076923076923 0.5757211538461539 0.04326923076923077 0.06971153846153846
0 0.6826923076923077 0.5252403846153846 0.028846153846153848 0.03125
0 0.7932692307692307 0.5853365384615384 0.0673076923076923 0.0985576923076923
0 0.7319711538461539 0.6129807692307693 0.04567307692307692 0.07692307692307693
0 0.7367788461538461 0.7247596153846154 0.10576923076923077 0.13221153846153846
0 0.8882211538461539 0.5805288461538461 0.04567307692307692 0.06490384615384616
0 0.9338942307692307 0.6153846153846154 0.055288461538461536 0.057692307692307696
0 0.8918269230769231 0.5288461538461539 0.028846153846153848 0.038461538461538464
0 0.9278846153846154 0.5516826923076923 0.038461538461538464 0.05048076923076923
0 0.9411057692307693 0.5204326923076923 0.03125 0.04326923076923077
0 0.6394230769230769 0.4362980769230769 0.028846153846153848 0.036057692307692304