0 0.0625 0.3629807692307692 0.07211538461538461 0.11057692307692307
0 0.09134615384615384 0.4987980769230769 0.09134615384615384 0.12980769230769232
0 0.2776442307692308 0.43028846153846156 0.08173076923076923 0.11538461538461539
0 0.23557692307692307 0.4387019230769231 0.04326923076923077 0.07692307692307693
0 0.3581730769230769 0.3918269230769231 0.0625 0.10576923076923077
0 0.4387019230769231 0.42427884615384615 0.06971153846153846 0.11298076923076923
0 0.5396634615384616 0.4254807692307692 0.06971153846153846 0.10096153846153846
0 0.6153846153846154 0.45552884615384615 0.0673076923076923 0.12259615384615384
0 0.6971153846153846 0.39663461538461536 0.0673076923076923 0.10576923076923077
0 0.7860576923076923 0.4387019230769231 0.07211538461538461 0.12980769230769232
0 0.8545673076923077 0.40384615384615385 0.06490384615384616 0.09615384615384616