0 0.13581730769230768 0.6574519230769231 0.13221153846153846 0.21153846153846154
0 0.1201923076923077 0.4807692307692308 0.052884615384615384 0.08653846153846154
0 0.23076923076923078 0.43990384615384615 0.03365384615384615 0.057692307692307696
0 0.27403846153846156 0.5144230769230769 0.07211538461538461 0.11538461538461539
0 0.26802884615384615 0.4326923076923077 0.02403846153846154 0.04807692307692308
0 0.30528846153846156 0.4375 0.028846153846153848 0.04807692307692308
0 0.32211538461538464 0.4110576923076923 0.028846153846153848 0.0625
0 0.359375 0.47596153846153844 0.04807692307692308 0.08653846153846154
0 0.3870192307692308 0.4567307692307692 0.028846153846153848 0.057692307692307696
0 0.4110576923076923 0.4338942307692308 0.02403846153846154 0.04567307692307692
0 0.390625 0.41586538461538464 0.019230769230769232 0.038461538461538464
0 0.39783653846153844 0.38461538461538464 0.016826923076923076 0.028846153846153848
0 0.4543269230769231 0.3798076923076923 0.019230769230769232 0.028846153846153848
0 0.5252403846153846 0.3798076923076923 0.019230769230769232 0.028846153846153848
0 0.5877403846153846 0.38100961538461536 0.016826923076923076 0.02403846153846154
0 0.5480769230769231 0.4326923076923077 0.019230769230769232 0.028846153846153848
0 0.5673076923076923 0.4338942307692308 0.028846153846153848 0.038461538461538464
0 0.6057692307692307 0.4338942307692308 0.028846153846153848 0.05048076923076923
0 0.5913461538461539 0.40865384615384615 0.019230769230769232 0.038461538461538464
0 0.6370192307692307 0.4254807692307692 0.019230769230769232 0.038461538461538464
0 0.6730769230769231 0.5108173076923077 0.0673076923076923 0.09615384615384616
0 0.7091346153846154 0.45552884615384615 0.02403846153846154 0.057692307692307696
0 0.6790865384615384 0.4230769230769231 0.019230769230769232 0.04326923076923077
0 0.6670673076923077 0.44711538461538464 0.019230769230769232 0.038461538461538464
0 0.7259615384615384 0.42788461538461536 0.019230769230769232 0.03365384615384615
0 0.6983173076923077 0.4254807692307692 0.02403846153846154 0.03365384615384615
0 0.7776442307692307 0.5060096153846154 0.052884615384615384 0.08173076923076923
0 0.8221153846153846 0.4495192307692308 0.03365384615384615 0.052884615384615384
0 0.8834134615384616 0.7067307692307693 0.14182692307692307 0.27403846153846156
0 0.8894230769230769 0.5264423076923077 0.0673076923076923 0.11057692307692307
0 0.9723557692307693 0.4567307692307692 0.028846153846153848 0.057692307692307696