0 0.09134615384615384 0.7127403846153846 0.10576923076923077 0.14182692307692307
0 0.125 0.8846153846153846 0.15865384615384615 0.20192307692307693
0 0.20192307692307693 0.7055288461538461 0.0673076923076923 0.10096153846153846
0 0.2692307692307692 0.6658653846153846 0.04807692307692308 0.08173076923076923
0 0.15745192307692307 0.6646634615384616 0.05048076923076923 0.08173076923076923
0 0.32211538461538464 0.7115384615384616 0.0673076923076923 0.09615384615384616
0 0.3629807692307692 0.7271634615384616 0.08173076923076923 0.08173076923076923
0 0.4326923076923077 0.6730769230769231 0.07211538461538461 0.08653846153846154
0 0.5324519230769231 0.6670673076923077 0.05048076923076923 0.0673076923076923
0 0.6165865384615384 0.7824519230769231 0.1346153846153846 0.16346153846153846
0 0.6646634615384616 0.5649038461538461 0.04326923076923077 0.0625
0 0.8473557692307693 0.671875 0.052884615384615384 0.0673076923076923
0 0.8233173076923077 0.6442307692307693 0.04567307692307692 0.0673076923076923
0 0.7992788461538461 0.6646634615384616 0.05048076923076923 0.0625
0 0.8930288461538461 0.6742788461538461 0.04326923076923077 0.0673076923076923
0 0.9411057692307693 0.7584134615384616 0.11538461538461539 0.17307692307692307
0 0.38822115384615385 0.8870192307692307 0.3004807692307692 0.21634615384615385