0 0.015625 0.5625 0.03125 0.11538461538461539
0 0.06370192307692307 0.4266826923076923 0.05048076923076923 0.06490384615384616
0 0.021634615384615384 0.41225961538461536 0.038461538461538464 0.06009615384615385
0 0.18509615384615385 0.4362980769230769 0.0625 0.08413461538461539
0 0.2620192307692308 0.4831730769230769 0.07211538461538461 0.08173076923076923
0 0.22716346153846154 0.6875 0.11778846153846154 0.15384615384615385
0 0.43028846153846156 0.8329326923076923 0.14423076923076922 0.21153846153846154
0 0.5360576923076923 0.5060096153846154 0.07211538461538461 0.11298076923076923
0 0.7608173076923077 0.6298076923076923 0.09375 0.14423076923076922
0 0.6730769230769231 0.18028846153846154 0.038461538461538464 0.07211538461538461
0 0.49158653846153844 0.20072115384615385 0.036057692307692304 0.06490384615384616