0 0.06370192307692307 0.41466346153846156 0.04326923076923077 0.09134615384615384
0 0.0985576923076923 0.40384615384615385 0.04326923076923077 0.09134615384615384
0 0.19471153846153846 0.26802884615384615 0.02403846153846154 0.04807692307692308
0 0.3173076923076923 0.20552884615384615 0.02403846153846154 0.04567307692307692
0 0.35216346153846156 0.2283653846153846 0.021634615384615384 0.04326923076923077
0 0.3762019230769231 0.21634615384615385 0.028846153846153848 0.057692307692307696
0 0.39302884615384615 0.19230769230769232 0.016826923076923076 0.038461538461538464
0 0.5168269230769231 0.06971153846153846 0.014423076923076924 0.03365384615384615
0 0.5564903846153846 0.06370192307692307 0.01201923076923077 0.03125
0 0.5540865384615384 0.20793269230769232 0.028846153846153848 0.06009615384615385
0 0.6117788461538461 0.28365384615384615 0.028846153846153848 0.0673076923076923
0 0.5769230769230769 0.14302884615384615 0.02403846153846154 0.052884615384615384
0 0.6117788461538461 0.1778846153846154 0.028846153846153848 0.057692307692307696
0 0.6165865384615384 0.12620192307692307 0.02403846153846154 0.04807692307692308
0 0.6502403846153846 0.1346153846153846 0.026442307692307692 0.057692307692307696
0 0.6454326923076923 0.19110576923076922 0.026442307692307692 0.06490384615384616
0 0.6971153846153846 0.18509615384615385 0.02403846153846154 0.03365384615384615