0 0.5709134615384616 0.5036057692307693 0.04326923076923077 0.11778846153846154
0 0.6838942307692307 0.4735576923076923 0.03365384615384615 0.08653846153846154
0 0.7427884615384616 0.35336538461538464 0.038461538461538464 0.08173076923076923
0 0.7728365384615384 0.3449519230769231 0.01201923076923077 0.028846153846153848
0 0.6634615384615384 0.38100961538461536 0.009615384615384616 0.038461538461538464
0 0.6514423076923077 0.40384615384615385 0.014423076923076924 0.038461538461538464
0 0.625 0.3798076923076923 0.014423076923076924 0.028846153846153848
0 0.7055288461538461 0.3401442307692308 0.01201923076923077 0.02403846153846154
0 0.5973557692307693 0.40024038461538464 0.014423076923076924 0.036057692307692304
0 0.5336538461538461 0.3401442307692308 0.009615384615384616 0.02403846153846154
0 0.4831730769230769 0.4074519230769231 0.02403846153846154 0.0625
0 0.4326923076923077 0.33774038461538464 0.014423076923076924 0.036057692307692304
0 0.45552884615384615 0.36899038461538464 0.009615384615384616 0.021634615384615384
0 0.4170673076923077 0.47716346153846156 0.03365384615384615 0.07932692307692307
0 0.4026442307692308 0.43149038461538464 0.026442307692307692 0.055288461538461536
0 0.33774038461538464 0.42788461538461536 0.02403846153846154 0.04807692307692308
0 0.34975961538461536 0.46033653846153844 0.02403846153846154 0.07211538461538461
0 0.28365384615384615 0.47596153846153844 0.038461538461538464 0.07692307692307693
0 0.30288461538461536 0.4362980769230769 0.019230769230769232 0.04567307692307692
0 0.31971153846153844 0.4014423076923077 0.014423076923076924 0.038461538461538464
0 0.24639423076923078 0.44711538461538464 0.026442307692307692 0.057692307692307696
0 0.19471153846153846 0.5432692307692307 0.04326923076923077 0.08653846153846154
0 0.18629807692307693 0.44711538461538464 0.02403846153846154 0.057692307692307696
0 0.1622596153846154 0.40865384615384615 0.016826923076923076 0.04807692307692308
0 0.15865384615384615 0.4519230769230769 0.019230769230769232 0.04807692307692308
0 0.13221153846153846 0.3894230769230769 0.014423076923076924 0.038461538461538464
0 0.11057692307692307 0.38822115384615385 0.009615384615384616 0.03125
0 0.09975961538461539 0.38100961538461536 0.009615384615384616 0.03125
0 0.06971153846153846 0.3762019230769231 0.014423076923076924 0.028846153846153848
0 0.26802884615384615 0.34615384615384615 0.009615384615384616 0.028846153846153848
0 0.21995192307692307 0.3798076923076923 0.009615384615384616 0.028846153846153848
0 0.23076923076923078 0.39663461538461536 0.009615384615384616 0.03365384615384615
0 0.20552884615384615 0.4098557692307692 0.01201923076923077 0.028846153846153848