0 0.27884615384615385 0.4026442307692308 0.0673076923076923 0.13701923076923078
0 0.39663461538461536 0.49038461538461536 0.07692307692307693 0.15384615384615385
0 0.39783653846153844 0.23677884615384615 0.019230769230769232 0.040865384615384616
0 0.4206730769230769 0.28125 0.02403846153846154 0.057692307692307696
0 0.4206730769230769 0.20552884615384615 0.02403846153846154 0.04326923076923077
0 0.4423076923076923 0.20192307692307693 0.019230769230769232 0.038461538461538464
0 0.4831730769230769 0.22716346153846154 0.02403846153846154 0.040865384615384616
0 0.5901442307692307 0.2512019230769231 0.02403846153846154 0.055288461538461536
0 0.6286057692307693 0.24759615384615385 0.026442307692307692 0.0625
0 0.5817307692307693 0.1201923076923077 0.019230769230769232 0.038461538461538464
0 0.6105769230769231 0.10697115384615384 0.009615384615384616 0.028846153846153848
0 0.6418269230769231 0.12259615384615384 0.014423076923076924 0.03365384615384615
0 0.6646634615384616 0.11778846153846154 0.016826923076923076 0.028846153846153848