0 0.22596153846153846 0.5036057692307693 0.04807692307692308 0.09134615384615384
0 0.3449519230769231 0.49278846153846156 0.04807692307692308 0.08173076923076923
0 0.3233173076923077 0.4375 0.036057692307692304 0.0673076923076923
0 0.43028846153846156 0.5276442307692307 0.052884615384615384 0.09615384615384616
0 0.4579326923076923 0.47596153846153844 0.04326923076923077 0.08173076923076923
0 0.4387019230769231 0.453125 0.036057692307692304 0.055288461538461536
0 0.5120192307692307 0.4639423076923077 0.03365384615384615 0.08173076923076923
0 0.5480769230769231 0.4963942307692308 0.057692307692307696 0.10336538461538461
0 0.5733173076923077 0.43149038461538464 0.028846153846153848 0.052884615384615384
0 0.6430288461538461 0.44471153846153844 0.03125 0.0625
0 0.6490384615384616 0.5637019230769231 0.0673076923076923 0.11057692307692307
0 0.7091346153846154 0.4579326923076923 0.04807692307692308 0.07211538461538461
0 0.8004807692307693 0.5144230769230769 0.09134615384615384 0.15384615384615385
0 0.9110576923076923 0.4723557692307692 0.04326923076923077 0.09375
0 0.9795673076923077 0.4891826923076923 0.036057692307692304 0.10576923076923077
0 0.9699519230769231 0.6790865384615384 0.055288461538461536 0.23317307692307693
0 0.9423076923076923 0.46153846153846156 0.038461538461538464 0.09615384615384616