0 0.421875 0.2247596153846154 0.019230769230769232 0.036057692307692304
0 0.5108173076923077 0.1778846153846154 0.02403846153846154 0.04807692307692308
0 0.6346153846153846 0.140625 0.009615384615384616 0.028846153846153848
0 0.6550480769230769 0.1466346153846154 0.014423076923076924 0.02403846153846154
0 0.6622596153846154 0.12379807692307693 0.014423076923076924 0.02403846153846154
0 0.7704326923076923 0.14182692307692307 0.01201923076923077 0.02403846153846154
0 0.7800480769230769 0.15384615384615385 0.01201923076923077 0.028846153846153848
0 0.84375 0.25240384615384615 0.019230769230769232 0.04326923076923077
0 0.9026442307692307 0.25 0.016826923076923076 0.038461538461538464
0 0.9350961538461539 0.25600961538461536 0.014423076923076924 0.038461538461538464
0 0.9086538461538461 0.2247596153846154 0.009615384615384616 0.026442307692307692