0 0.05889423076923077 0.30528846153846156 0.11778846153846154 0.22596153846153846
0 0.33052884615384615 0.40625 0.057692307692307696 0.08173076923076923
0 0.38461538461538464 0.4326923076923077 0.04807692307692308 0.08653846153846154
0 0.43028846153846156 0.4651442307692308 0.07211538461538461 0.11538461538461539
0 0.5336538461538461 0.484375 0.08653846153846154 0.14182692307692307
0 0.4855769230769231 0.40865384615384615 0.057692307692307696 0.07692307692307693
0 0.46033653846153844 0.37259615384615385 0.04326923076923077 0.0625
0 0.38100961538461536 0.3701923076923077 0.04567307692307692 0.0673076923076923
0 0.5432692307692307 0.3870192307692308 0.057692307692307696 0.08173076923076923
0 0.6418269230769231 0.37740384615384615 0.03365384615384615 0.07692307692307693
0 0.6766826923076923 0.4206730769230769 0.06009615384615385 0.08653846153846154
0 0.7824519230769231 0.5 0.13221153846153846 0.19230769230769232
0 0.7427884615384616 0.390625 0.052884615384615384 0.07692307692307693
0 0.8533653846153846 0.40865384615384615 0.0625 0.09134615384615384