0 0.4567307692307692 0.3389423076923077 0.03365384615384615 0.052884615384615384
0 0.8798076923076923 0.39302884615384615 0.07211538461538461 0.0985576923076923
0 0.9555288461538461 0.6598557692307693 0.08413461538461539 0.1466346153846154
0 0.6983173076923077 0.6971153846153846 0.0889423076923077 0.14423076923076922
0 0.6334134615384616 0.8870192307692307 0.16346153846153846 0.1971153846153846
0 0.6875 0.5757211538461539 0.07692307692307693 0.10096153846153846
0 0.7151442307692307 0.5252403846153846 0.05048076923076923 0.06009615384615385
0 0.7403846153846154 0.47836538461538464 0.038461538461538464 0.0625
0 0.8185096153846154 0.47596153846153844 0.04326923076923077 0.0673076923076923
0 0.8112980769230769 0.41947115384615385 0.04567307692307692 0.05048076923076923
0 0.4879807692307692 0.47716346153846156 0.04326923076923077 0.06490384615384616
0 0.44591346153846156 0.5012019230769231 0.036057692307692304 0.04807692307692308
0 0.4206730769230769 0.47475961538461536 0.03365384615384615 0.04807692307692308
0 0.3605769230769231 0.5396634615384616 0.057692307692307696 0.07692307692307693
0 0.35336538461538464 0.4891826923076923 0.04326923076923077 0.057692307692307696
0 0.2644230769230769 0.6069711538461539 0.07211538461538461 0.09375
0 0.2608173076923077 0.515625 0.05048076923076923 0.07692307692307693
0 0.18870192307692307 0.4831730769230769 0.04567307692307692 0.04807692307692308
0 0.16826923076923078 0.6790865384615384 0.09615384615384616 0.13221153846153846
0 0.13942307692307693 0.5685096153846154 0.07692307692307693 0.09134615384615384
0 0.125 0.46274038461538464 0.04807692307692308 0.05048076923076923
0 0.1045673076923077 0.4891826923076923 0.04326923076923077 0.057692307692307696
0 0.021634615384615384 0.49759615384615385 0.03365384615384615 0.057692307692307696