0 0.14302884615384615 0.2644230769230769 0.019230769230769232 0.038461538461538464
0 0.3713942307692308 0.19831730769230768 0.016826923076923076 0.036057692307692304
0 0.41346153846153844 0.22355769230769232 0.019230769230769232 0.038461538461538464
0 0.4519230769230769 0.22355769230769232 0.019230769230769232 0.03365384615384615
0 0.6262019230769231 0.07692307692307693 0.019230769230769232 0.038461538461538464
0 0.5685096153846154 0.16466346153846154 0.016826923076923076 0.038461538461538464
0 0.5661057692307693 0.18269230769230768 0.016826923076923076 0.038461538461538464
0 0.6298076923076923 0.21875 0.019230769230769232 0.04807692307692308
0 0.6213942307692307 0.2668269230769231 0.021634615384615384 0.052884615384615384
0 0.6442307692307693 0.2956730769230769 0.028846153846153848 0.07211538461538461
0 0.6802884615384616 0.17067307692307693 0.019230769230769232 0.04326923076923077
0 0.6875 0.21634615384615385 0.02403846153846154 0.057692307692307696
0 0.9447115384615384 0.23798076923076922 0.02403846153846154 0.052884615384615384