0 0.18389423076923078 0.33413461538461536 0.036057692307692304 0.08653846153846154
0 0.3786057692307692 0.1814903846153846 0.016826923076923076 0.03365384615384615
0 0.39783653846153844 0.18990384615384615 0.016826923076923076 0.03365384615384615
0 0.390625 0.22716346153846154 0.016826923076923076 0.040865384615384616
0 0.4014423076923077 0.1502403846153846 0.014423076923076924 0.03125
0 0.43149038461538464 0.1935096153846154 0.01201923076923077 0.03365384615384615
0 0.45072115384615385 0.234375 0.019230769230769232 0.04567307692307692
0 0.47836538461538464 0.21514423076923078 0.014423076923076924 0.04567307692307692
0 0.45552884615384615 0.1971153846153846 0.016826923076923076 0.038461538461538464
0 0.43149038461538464 0.13341346153846154 0.01201923076923077 0.02403846153846154
0 0.4411057692307692 0.15745192307692307 0.01201923076923077 0.03365384615384615
0 0.45552884615384615 0.16105769230769232 0.01201923076923077 0.03365384615384615
0 0.47475961538461536 0.17427884615384615 0.014423076923076924 0.036057692307692304
0 0.5048076923076923 0.18389423076923078 0.019230769230769232 0.038461538461538464
0 0.4735576923076923 0.14543269230769232 0.014423076923076924 0.026442307692307692
0 0.4675480769230769 0.13221153846153846 0.01201923076923077 0.014423076923076924
0 0.4879807692307692 0.12740384615384615 0.014423076923076924 0.02403846153846154
0 0.5012019230769231 0.10817307692307693 0.009615384615384616 0.02403846153846154
0 0.5408653846153846 0.14302884615384615 0.014423076923076924 0.028846153846153848
0 0.5528846153846154 0.15504807692307693 0.014423076923076924 0.038461538461538464
0 0.5396634615384616 0.1814903846153846 0.016826923076923076 0.036057692307692304
0 0.5793269230769231 0.12259615384615384 0.014423076923076924 0.028846153846153848
0 0.5901442307692307 0.09254807692307693 0.007211538461538462 0.02403846153846154
0 0.6141826923076923 0.08653846153846154 0.009615384615384616 0.02403846153846154
0 0.6081730769230769 0.11298076923076923 0.014423076923076924 0.028846153846153848
0 0.6262019230769231 0.10817307692307693 0.01201923076923077 0.02403846153846154
0 0.6237980769230769 0.1310096153846154 0.01201923076923077 0.028846153846153848
0 0.5889423076923077 0.15625 0.014423076923076924 0.03365384615384615
0 0.5925480769230769 0.140625 0.016826923076923076 0.028846153846153848
0 0.5625 0.265625 0.019230769230769232 0.040865384615384616
0 0.6117788461538461 0.2403846153846154 0.02403846153846154 0.057692307692307696
0 0.625 0.27884615384615385 0.028846153846153848 0.057692307692307696
0 0.6418269230769231 0.2091346153846154 0.019230769230769232 0.04326923076923077
0 0.6947115384615384 0.3161057692307692 0.02403846153846154 0.08413461538461539
0 0.7295673076923077 0.265625 0.026442307692307692 0.057692307692307696
0 0.7584134615384616 0.23076923076923078 0.019230769230769232 0.04807692307692308
0 0.7536057692307693 0.1935096153846154 0.019230769230769232 0.04326923076923077
0 0.7908653846153846 0.265625 0.02403846153846154 0.04807692307692308
0 0.7872596153846154 0.21875 0.014423076923076924 0.03365384615384615
0 0.8353365384615384 0.32211538461538464 0.021634615384615384 0.057692307692307696
0 0.8870192307692307 0.2536057692307692 0.014423076923076924 0.052884615384615384
0 0.9038461538461539 0.2439903846153846 0.019230769230769232 0.038461538461538464
0 0.8978365384615384 0.22355769230769232 0.01201923076923077 0.038461538461538464
0 0.9302884615384616 0.30528846153846156 0.019230769230769232 0.052884615384615384
0 0.8401442307692307 0.21514423076923078 0.016826923076923076 0.040865384615384616
0 0.9326923076923077 0.24278846153846154 0.009615384615384616 0.02403846153846154
0 0.9026442307692307 0.18990384615384615 0.01201923076923077 0.03365384615384615
0 0.9399038461538461 0.14783653846153846 0.009615384615384616 0.028846153846153848
0 0.9435096153846154 0.18028846153846154 0.01201923076923077 0.03365384615384615
0 0.9579326923076923 0.1971153846153846 0.01201923076923077 0.038461538461538464
0 0.8786057692307693 0.1658653846153846 0.01201923076923077 0.03365384615384615
0 0.8617788461538461 0.1814903846153846 0.01201923076923077 0.03365384615384615
0 0.8293269230769231 0.1658653846153846 0.014423076923076924 0.03365384615384615
0 0.84375 0.14302884615384615 0.014423076923076924 0.036057692307692304
0 0.7800480769230769 0.17427884615384615 0.01201923076923077 0.03365384615384615
0 0.765625 0.14903846153846154 0.014423076923076924 0.028846153846153848
0 0.7824519230769231 0.12139423076923077 0.01201923076923077 0.02403846153846154
0 0.7884615384615384 0.14783653846153846 0.009615384615384616 0.036057692307692304
0 0.7163461538461539 0.1778846153846154 0.014423076923076924 0.038461538461538464
0 0.7331730769230769 0.16466346153846154 0.014423076923076924 0.03365384615384615
0 0.7439903846153846 0.12139423076923077 0.01201923076923077 0.028846153846153848
0 0.6670673076923077 0.1935096153846154 0.019230769230769232 0.038461538461538464
0 0.6634615384615384 0.08653846153846154 0.009615384615384616 0.028846153846153848
0 0.6682692307692307 0.11538461538461539 0.009615384615384616 0.028846153846153848
0 0.6911057692307693 0.10216346153846154 0.01201923076923077 0.02403846153846154
0 0.7043269230769231 0.10576923076923077 0.014423076923076924 0.028846153846153848
0 0.6959134615384616 0.1502403846153846 0.01201923076923077 0.03365384615384615