0 0.08052884615384616 0.3954326923076923 0.1201923076923077 0.16346153846153846
0 0.09615384615384616 0.31490384615384615 0.0673076923076923 0.08173076923076923
0 0.019230769230769232 0.3004807692307692 0.038461538461538464 0.09134615384615384
0 0.02403846153846154 0.2548076923076923 0.038461538461538464 0.057692307692307696
0 0.04567307692307692 0.23557692307692307 0.028846153846153848 0.04807692307692308
0 0.06610576923076923 0.2439903846153846 0.028846153846153848 0.06009615384615385
0 0.06850961538461539 0.21394230769230768 0.028846153846153848 0.038461538461538464
0 0.10216346153846154 0.27283653846153844 0.036057692307692304 0.06009615384615385
0 0.140625 0.27283653846153844 0.03365384615384615 0.055288461538461536
0 0.1310096153846154 0.2439903846153846 0.02403846153846154 0.036057692307692304
0 0.15384615384615385 0.23798076923076922 0.028846153846153848 0.04807692307692308
0 0.17668269230769232 0.24278846153846154 0.021634615384615384 0.04326923076923077
0 0.19591346153846154 0.24639423076923078 0.028846153846153848 0.040865384615384616
0 0.22956730769230768 0.2620192307692308 0.03125 0.04326923076923077
0 0.2283653846153846 0.36778846153846156 0.07211538461538461 0.11538461538461539
0 0.31850961538461536 0.34975961538461536 0.057692307692307696 0.10576923076923077
0 0.2620192307692308 0.2920673076923077 0.028846153846153848 0.05048076923076923
0 0.2848557692307692 0.27524038461538464 0.021634615384615384 0.036057692307692304
0 0.25600961538461536 0.24278846153846154 0.021634615384615384 0.038461538461538464
0 0.2704326923076923 0.2403846153846154 0.014423076923076924 0.028846153846153848
0 0.2860576923076923 0.24278846153846154 0.014423076923076924 0.02403846153846154
0 0.2932692307692308 0.25961538461538464 0.014423076923076924 0.028846153846153848
0 0.30649038461538464 0.2764423076923077 0.019230769230769232 0.03365384615384615
0 0.33533653846153844 0.25841346153846156 0.016826923076923076 0.026442307692307692
0 0.32091346153846156 0.24879807692307693 0.019230769230769232 0.03365384615384615
0 0.3401442307692308 0.3088942307692308 0.03125 0.04567307692307692
0 0.3557692307692308 0.28725961538461536 0.019230769230769232 0.04326923076923077
0 0.3701923076923077 0.2536057692307692 0.014423076923076924 0.026442307692307692
0 0.38341346153846156 0.2620192307692308 0.016826923076923076 0.03365384615384615
0 0.39783653846153844 0.2704326923076923 0.019230769230769232 0.028846153846153848
0 0.38461538461538464 0.2980769230769231 0.019230769230769232 0.038461538461538464
0 0.41225961538461536 0.29447115384615385 0.026442307692307692 0.055288461538461536
0 0.4230769230769231 0.3269230769230769 0.019230769230769232 0.03365384615384615
0 0.42788461538461536 0.27283653846153844 0.014423076923076924 0.028846153846153848
0 0.43990384615384615 0.27283653846153844 0.014423076923076924 0.02403846153846154
0 0.45552884615384615 0.28125 0.021634615384615384 0.038461538461538464
0 0.46634615384615385 0.2800480769230769 0.019230769230769232 0.03365384615384615
0 0.5 0.31971153846153844 0.028846153846153848 0.052884615384615384
0 0.5408653846153846 0.3233173076923077 0.028846153846153848 0.04807692307692308
0 0.5228365384615384 0.2932692307692308 0.021634615384615384 0.04326923076923077
0 0.5384615384615384 0.27884615384615385 0.019230769230769232 0.019230769230769232
0 0.5048076923076923 0.2824519230769231 0.014423076923076924 0.03125
0 0.49278846153846156 0.28125 0.014423076923076924 0.02403846153846154
0 0.4795673076923077 0.26802884615384615 0.007211538461538462 0.021634615384615384
0 0.6682692307692307 0.23557692307692307 0.019230769230769232 0.038461538461538464