0 0.13221153846153846 0.6766826923076923 0.08173076923076923 0.15384615384615385
0 0.03365384615384615 0.5997596153846154 0.0673076923076923 0.11298076923076923
0 0.027644230769230768 0.5048076923076923 0.036057692307692304 0.07211538461538461
0 0.030048076923076924 0.46153846153846156 0.03365384615384615 0.057692307692307696
0 0.08653846153846154 0.45913461538461536 0.03365384615384615 0.052884615384615384
0 0.11298076923076923 0.5084134615384616 0.04326923076923077 0.08173076923076923
0 0.12259615384615384 0.4651442307692308 0.03365384615384615 0.0673076923076923
0 0.25600961538461536 0.5060096153846154 0.04807692307692308 0.07451923076923077
0 0.20552884615384615 0.4651442307692308 0.03365384615384615 0.0673076923076923
0 0.24759615384615385 0.45552884615384615 0.03365384615384615 0.05048076923076923
0 0.2980769230769231 0.5612980769230769 0.057692307692307696 0.09615384615384616
0 0.2956730769230769 0.48197115384615385 0.03365384615384615 0.0625
0 0.3076923076923077 0.44591346153846156 0.028846153846153848 0.05048076923076923
0 0.33653846153846156 0.4411057692307692 0.02403846153846154 0.055288461538461536
0 0.35216346153846156 0.47596153846153844 0.036057692307692304 0.057692307692307696
0 0.3737980769230769 0.46274038461538464 0.03365384615384615 0.0673076923076923
0 0.38822115384615385 0.453125 0.02403846153846154 0.055288461538461536
0 0.47115384615384615 0.36778846153846156 0.09615384615384616 0.14903846153846154
0 0.3293269230769231 0.8858173076923077 0.14903846153846154 0.22355769230769232
0 0.5384615384615384 0.7716346153846154 0.1201923076923077 0.22596153846153846
0 0.5793269230769231 0.5865384615384616 0.057692307692307696 0.10576923076923077
0 0.5865384615384616 0.4951923076923077 0.038461538461538464 0.0673076923076923
0 0.6225961538461539 0.4735576923076923 0.038461538461538464 0.07211538461538461
0 0.6658653846153846 0.46274038461538464 0.03365384615384615 0.07211538461538461
0 0.6538461538461539 0.5552884615384616 0.052884615384615384 0.09134615384615384
0 0.7319711538461539 0.5132211538461539 0.040865384615384616 0.08413461538461539
0 0.7584134615384616 0.5144230769230769 0.03365384615384615 0.0673076923076923
0 0.7788461538461539 0.47596153846153844 0.03365384615384615 0.07692307692307693
0 0.8209134615384616 0.609375 0.08653846153846154 0.14423076923076922
0 0.859375 0.578125 0.0673076923076923 0.11778846153846154
0 0.8834134615384616 0.5444711538461539 0.04326923076923077 0.10576923076923077
0 0.9519230769230769 0.5540865384615384 0.057692307692307696 0.08653846153846154
0 0.9819711538461539 0.5348557692307693 0.03365384615384615 0.07932692307692307