0 0.19471153846153846 0.3894230769230769 0.03365384615384615 0.057692307692307696
0 0.09975961538461539 0.5588942307692307 0.06971153846153846 0.11538461538461539
0 0.18389423076923078 0.5228365384615384 0.055288461538461536 0.08173076923076923
0 0.24158653846153846 0.6057692307692307 0.09134615384615384 0.14423076923076922
0 0.2956730769230769 0.5252403846153846 0.052884615384615384 0.08653846153846154
0 0.3605769230769231 0.5336538461538461 0.052884615384615384 0.09134615384615384
0 0.07451923076923077 0.8257211538461539 0.13942307692307693 0.2644230769230769
0 0.5036057692307693 0.6394230769230769 0.07932692307692307 0.14903846153846154
0 0.5108173076923077 0.5348557692307693 0.06490384615384616 0.0985576923076923
0 0.5096153846153846 0.36658653846153844 0.03365384615384615 0.06009615384615385
0 0.7019230769230769 0.47716346153846156 0.038461538461538464 0.06009615384615385
0 0.7283653846153846 0.5360576923076923 0.0625 0.09134615384615384
0 0.796875 0.46875 0.04326923076923077 0.07211538461538461