0 0.17908653846153846 0.4735576923076923 0.04807692307692308 0.08653846153846154
0 0.34375 0.2283653846153846 0.02403846153846154 0.04326923076923077
0 0.3701923076923077 0.234375 0.019230769230769232 0.04326923076923077
0 0.4230769230769231 0.1935096153846154 0.019230769230769232 0.038461538461538464
0 0.42908653846153844 0.2548076923076923 0.02403846153846154 0.057692307692307696
0 0.45072115384615385 0.19831730769230768 0.019230769230769232 0.036057692307692304
0 0.4519230769230769 0.15865384615384615 0.019230769230769232 0.038461538461538464
0 0.4699519230769231 0.17067307692307693 0.019230769230769232 0.03365384615384615
0 0.49158653846153844 0.16105769230769232 0.016826923076923076 0.028846153846153848
0 0.4675480769230769 0.12259615384615384 0.016826923076923076 0.02403846153846154
0 0.49038461538461536 0.11177884615384616 0.019230769230769232 0.03125
0 0.5336538461538461 0.10576923076923077 0.019230769230769232 0.028846153846153848
0 0.5685096153846154 0.10697115384615384 0.014423076923076924 0.03365384615384615
0 0.5805288461538461 0.12620192307692307 0.019230769230769232 0.03365384615384615
0 0.5324519230769231 0.20793269230769232 0.028846153846153848 0.0625
0 0.4855769230769231 0.30528846153846156 0.028846153846153848 0.07211538461538461
0 0.6694711538461539 0.2283653846153846 0.02403846153846154 0.052884615384615384
0 0.7355769230769231 0.2548076923076923 0.028846153846153848 0.057692307692307696
0 0.7848557692307693 0.2620192307692308 0.026442307692307692 0.0625
0 0.8894230769230769 0.1875 0.019230769230769232 0.04807692307692308
0 0.8197115384615384 0.1466346153846154 0.019230769230769232 0.038461538461538464
0 0.8173076923076923 0.09735576923076923 0.014423076923076924 0.03365384615384615
0 0.7632211538461539 0.08413461538461539 0.016826923076923076 0.038461538461538464
0 0.75 0.10096153846153846 0.014423076923076924 0.03365384615384615
0 0.7259615384615384 0.1310096153846154 0.019230769230769232 0.03365384615384615
0 0.703125 0.11298076923076923 0.021634615384615384 0.052884615384615384
0 0.71875 0.11538461538461539 0.019230769230769232 0.038461538461538464