0 0.040865384615384616 0.8918269230769231 0.08173076923076923 0.1875
0 0.06129807692307692 0.8137019230769231 0.07211538461538461 0.11538461538461539
0 0.13701923076923078 0.7391826923076923 0.0625 0.10817307692307693
0 0.17908653846153846 0.7475961538461539 0.07451923076923077 0.12980769230769232
0 0.2512019230769231 0.8677884615384616 0.11057692307692307 0.1971153846153846
0 0.16947115384615385 0.9242788461538461 0.15144230769230768 0.1466346153846154
0 0.26802884615384615 0.7463942307692307 0.0673076923076923 0.11298076923076923
0 0.35697115384615385 0.7403846153846154 0.057692307692307696 0.10576923076923077
0 0.39663461538461536 0.8064903846153846 0.08653846153846154 0.15625
0 0.49278846153846156 0.90625 0.14903846153846154 0.18269230769230768
0 0.49278846153846156 0.765625 0.08173076923076923 0.11057692307692307
0 0.5480769230769231 0.7403846153846154 0.057692307692307696 0.10576923076923077
0 0.609375 0.7932692307692307 0.08173076923076923 0.15384615384615385
0 0.6766826923076923 0.7932692307692307 0.07451923076923077 0.1346153846153846
0 0.6923076923076923 0.6983173076923077 0.057692307692307696 0.10576923076923077
0 0.9615384615384616 0.6826923076923077 0.07211538461538461 0.125