0 0.14182692307692307 0.5564903846153846 0.04807692307692308 0.07932692307692307
0 0.2283653846153846 0.3401442307692308 0.019230769230769232 0.03365384615384615
0 0.28365384615384615 0.31971153846153844 0.019230769230769232 0.03365384615384615
0 0.25961538461538464 0.36658653846153844 0.019230769230769232 0.040865384615384616
0 0.2956730769230769 0.36778846153846156 0.019230769230769232 0.04326923076923077
0 0.34975961538461536 0.3545673076923077 0.019230769230769232 0.038461538461538464
0 0.35336538461538464 0.3004807692307692 0.014423076923076924 0.02403846153846154
0 0.39302884615384615 0.26322115384615385 0.014423076923076924 0.026442307692307692
0 0.4338942307692308 0.2620192307692308 0.014423076923076924 0.02403846153846154
0 0.4651442307692308 0.25 0.014423076923076924 0.038461538461538464
0 0.4723557692307692 0.24158653846153846 0.019230769230769232 0.03125
0 0.38341346153846156 0.35336538461538464 0.019230769230769232 0.03365384615384615
0 0.41225961538461536 0.30528846153846156 0.019230769230769232 0.03365384615384615
0 0.41346153846153844 0.33653846153846156 0.019230769230769232 0.038461538461538464
0 0.4387019230769231 0.31971153846153844 0.02403846153846154 0.04326923076923077
0 0.46274038461538464 0.29086538461538464 0.019230769230769232 0.028846153846153848
0 0.46875 0.3233173076923077 0.02403846153846154 0.036057692307692304
0 0.5096153846153846 0.26802884615384615 0.019230769230769232 0.036057692307692304
0 0.5288461538461539 0.29086538461538464 0.019230769230769232 0.04326923076923077
0 0.5564903846153846 0.25 0.016826923076923076 0.03365384615384615
0 0.5721153846153846 0.22596153846153846 0.019230769230769232 0.038461538461538464
0 0.5108173076923077 0.33533653846153844 0.026442307692307692 0.038461538461538464
0 0.44471153846153844 0.36538461538461536 0.03365384615384615 0.04807692307692308
0 0.5516826923076923 0.29927884615384615 0.021634615384615384 0.03365384615384615
0 0.5829326923076923 0.24879807692307693 0.014423076923076924 0.04807692307692308
0 0.609375 0.25240384615384615 0.014423076923076924 0.03365384615384615
0 0.6189903846153846 0.20793269230769232 0.01201923076923077 0.02403846153846154
0 0.6310096153846154 0.22716346153846154 0.016826923076923076 0.038461538461538464
0 0.6430288461538461 0.22956730769230768 0.014423076923076924 0.03125
0 0.6694711538461539 0.22716346153846154 0.01201923076923077 0.038461538461538464
0 0.6862980769230769 0.23197115384615385 0.016826923076923076 0.028846153846153848
0 0.7151442307692307 0.22716346153846154 0.016826923076923076 0.028846153846153848
0 0.7127403846153846 0.25841346153846156 0.016826923076923076 0.028846153846153848
0 0.6778846153846154 0.28365384615384615 0.019230769230769232 0.038461538461538464
0 0.4795673076923077 0.4098557692307692 0.026442307692307692 0.055288461538461536
0 0.5372596153846154 0.38822115384615385 0.02403846153846154 0.05048076923076923
0 0.6045673076923077 0.3425480769230769 0.021634615384615384 0.04567307692307692
0 0.5264423076923077 0.45913461538461536 0.03365384615384615 0.052884615384615384
0 0.5961538461538461 0.4110576923076923 0.028846153846153848 0.04807692307692308
0 0.5913461538461539 0.46274038461538464 0.028846153846153848 0.0625
0 0.6478365384615384 0.3629807692307692 0.019230769230769232 0.04326923076923077
0 0.6742788461538461 0.3713942307692308 0.028846153846153848 0.040865384615384616
0 0.640625 0.484375 0.036057692307692304 0.0673076923076923
0 0.6959134615384616 0.3786057692307692 0.021634615384615384 0.04326923076923077
0 0.6911057692307693 0.3269230769230769 0.02403846153846154 0.038461538461538464
0 0.7199519230769231 0.3016826923076923 0.021634615384615384 0.040865384615384616
0 0.7295673076923077 0.4170673076923077 0.028846153846153848 0.057692307692307696
0 0.7019230769230769 0.5625 0.04807692307692308 0.07692307692307693
0 0.7439903846153846 0.24879807692307693 0.014423076923076924 0.036057692307692304
0 0.7572115384615384 0.23798076923076922 0.014423076923076924 0.028846153846153848
0 0.7740384615384616 0.2668269230769231 0.009615384615384616 0.03365384615384615
0 0.7908653846153846 0.2439903846153846 0.014423076923076924 0.02403846153846154
0 0.7836538461538461 0.2932692307692308 0.019230769230769232 0.028846153846153848
0 0.8197115384615384 0.24759615384615385 0.014423076923076924 0.03365384615384615
0 0.8509615384615384 0.25961538461538464 0.019230769230769232 0.038461538461538464
0 0.828125 0.3076923076923077 0.014423076923076924 0.038461538461538464
0 0.7836538461538461 0.4411057692307692 0.028846153846153848 0.057692307692307696
0 0.8233173076923077 0.5240384615384616 0.03365384615384615 0.0673076923076923
0 0.8653846153846154 0.2764423076923077 0.014423076923076924 0.038461538461538464
0 0.8882211538461539 0.265625 0.014423076923076924 0.03365384615384615
0 0.90625 0.2824519230769231 0.014423076923076924 0.028846153846153848
0 0.9350961538461539 0.31850961538461536 0.014423076923076924 0.028846153846153848
0 0.9507211538461539 0.28725961538461536 0.016826923076923076 0.028846153846153848
0 0.8245192307692307 0.36658653846153844 0.02403846153846154 0.05048076923076923
0 0.8377403846153846 0.34615384615384615 0.01201923076923077 0.04807692307692308
0 0.8629807692307693 0.33052884615384615 0.014423076923076924 0.04326923076923077
0 0.8834134615384616 0.34975961538461536 0.026442307692307692 0.04326923076923077
0 0.8689903846153846 0.36899038461538464 0.021634615384615384 0.055288461538461536
0 0.9086538461538461 0.35216346153846156 0.019230769230769232 0.040865384615384616
0 0.9435096153846154 0.37259615384615385 0.019230769230769232 0.04326923076923077
0 0.8569711538461539 0.46634615384615385 0.028846153846153848 0.057692307692307696
0 0.9266826923076923 0.4831730769230769 0.03365384615384615 0.0625
0 0.6382211538461539 0.31009615384615385 0.019230769230769232 0.038461538461538464