0 0.11778846153846154 0.5228365384615384 0.04326923076923077 0.08173076923076923
0 0.21153846153846154 0.3389423076923077 0.019230769230769232 0.03365384615384615
0 0.24519230769230768 0.35697115384615385 0.019230769230769232 0.04567307692307692
0 0.27403846153846156 0.3088942307692308 0.019230769230769232 0.04326923076923077
0 0.28365384615384615 0.35697115384615385 0.019230769230769232 0.040865384615384616
0 0.32572115384615385 0.3545673076923077 0.02403846153846154 0.04567307692307692
0 0.36658653846153844 0.33413461538461536 0.019230769230769232 0.03365384615384615
0 0.3401442307692308 0.296875 0.019230769230769232 0.040865384615384616
0 0.3737980769230769 0.2692307692307692 0.016826923076923076 0.03365384615384615
0 0.3954326923076923 0.296875 0.019230769230769232 0.036057692307692304
0 0.41466346153846156 0.24879807692307693 0.019230769230769232 0.03365384615384615
0 0.43509615384615385 0.25961538461538464 0.014423076923076924 0.028846153846153848
0 0.4495192307692308 0.24158653846153846 0.014423076923076924 0.03125
0 0.4639423076923077 0.25841346153846156 0.02403846153846154 0.03125
0 0.45913461538461536 0.234375 0.014423076923076924 0.03365384615384615
0 0.5108173076923077 0.27163461538461536 0.019230769230769232 0.03365384615384615
0 0.5084134615384616 0.23677884615384615 0.01201923076923077 0.021634615384615384
0 0.5192307692307693 0.24519230769230768 0.014423076923076924 0.028846153846153848
0 0.5384615384615384 0.24278846153846154 0.009615384615384616 0.03365384615384615
0 0.5637019230769231 0.2776442307692308 0.019230769230769232 0.036057692307692304
0 0.5733173076923077 0.25841346153846156 0.016826923076923076 0.026442307692307692
0 0.5516826923076923 0.22235576923076922 0.01201923076923077 0.026442307692307692
0 0.5685096153846154 0.21033653846153846 0.01201923076923077 0.03125
0 0.5913461538461539 0.24519230769230768 0.019230769230769232 0.028846153846153848
0 0.59375 0.21995192307692307 0.014423076923076924 0.019230769230769232
0 0.6021634615384616 0.20072115384615385 0.016826923076923076 0.028846153846153848
0 0.6213942307692307 0.20793269230769232 0.014423076923076924 0.03125
0 0.6310096153846154 0.22115384615384615 0.019230769230769232 0.028846153846153848
0 0.6334134615384616 0.24278846153846154 0.016826923076923076 0.03365384615384615
0 0.4987980769230769 0.31490384615384615 0.02403846153846154 0.038461538461538464
0 0.4567307692307692 0.3125 0.028846153846153848 0.038461538461538464
0 0.43990384615384615 0.33653846153846156 0.02403846153846154 0.038461538461538464
0 0.3954326923076923 0.34375 0.026442307692307692 0.04807692307692308
0 0.6550480769230769 0.21394230769230768 0.01201923076923077 0.02403846153846154
0 0.6694711538461539 0.22115384615384615 0.014423076923076924 0.028846153846153848
0 0.6923076923076923 0.21634615384615385 0.019230769230769232 0.038461538461538464
0 0.6610576923076923 0.27884615384615385 0.019230769230769232 0.038461538461538464
0 0.6310096153846154 0.30288461538461536 0.021634615384615384 0.038461538461538464
0 0.5925480769230769 0.32572115384615385 0.021634615384615384 0.04807692307692308
0 0.5252403846153846 0.34975961538461536 0.02403846153846154 0.052884615384615384
0 0.4567307692307692 0.40384615384615385 0.038461538461538464 0.0673076923076923
0 0.5108173076923077 0.44350961538461536 0.036057692307692304 0.06009615384615385
0 0.578125 0.44350961538461536 0.036057692307692304 0.07692307692307693
0 0.5901442307692307 0.3954326923076923 0.03125 0.057692307692307696
0 0.6322115384615384 0.3545673076923077 0.02403846153846154 0.04807692307692308
0 0.6514423076923077 0.3605769230769231 0.02403846153846154 0.057692307692307696
0 0.6814903846153846 0.36658653846153844 0.02403846153846154 0.04807692307692308
0 0.6766826923076923 0.31490384615384615 0.026442307692307692 0.04326923076923077
0 0.7055288461538461 0.29447115384615385 0.02403846153846154 0.040865384615384616
0 0.6959134615384616 0.25240384615384615 0.019230769230769232 0.03365384615384615
0 0.7259615384615384 0.2536057692307692 0.014423076923076924 0.03125
0 0.7355769230769231 0.24879807692307693 0.019230769230769232 0.038461538461538464
0 0.7560096153846154 0.22716346153846154 0.016826923076923076 0.038461538461538464
0 0.7680288461538461 0.2824519230769231 0.016826923076923076 0.03365384615384615
0 0.7776442307692307 0.24158653846153846 0.016826923076923076 0.036057692307692304
0 0.7524038461538461 0.25841346153846156 0.014423076923076924 0.036057692307692304
0 0.796875 0.23557692307692307 0.019230769230769232 0.038461538461538464
0 0.8161057692307693 0.27283653846153844 0.019230769230769232 0.036057692307692304
0 0.8004807692307693 0.2860576923076923 0.019230769230769232 0.03365384615384615
0 0.8197115384615384 0.3389423076923077 0.019230769230769232 0.04326923076923077
0 0.8076923076923077 0.3557692307692308 0.02403846153846154 0.057692307692307696
0 0.8341346153846154 0.31009615384615385 0.019230769230769232 0.03365384615384615
0 0.8497596153846154 0.27524038461538464 0.019230769230769232 0.036057692307692304
0 0.8605769230769231 0.2668269230769231 0.019230769230769232 0.04326923076923077
0 0.8389423076923077 0.25 0.014423076923076924 0.038461538461538464
0 0.8725961538461539 0.2548076923076923 0.014423076923076924 0.03365384615384615
0 0.890625 0.2764423076923077 0.019230769230769232 0.038461538461538464
0 0.9026442307692307 0.31971153846153844 0.021634615384615384 0.038461538461538464
0 0.8894230769230769 0.3161057692307692 0.019230769230769232 0.038461538461538464
0 0.8641826923076923 0.33774038461538464 0.021634615384615384 0.04807692307692308
0 0.8557692307692307 0.36899038461538464 0.02403846153846154 0.052884615384615384
0 0.84375 0.4639423076923077 0.038461538461538464 0.07211538461538461
0 0.8197115384615384 0.5048076923076923 0.038461538461538464 0.0673076923076923
0 0.6959134615384616 0.5360576923076923 0.04567307692307692 0.08173076923076923
0 0.6310096153846154 0.4723557692307692 0.038461538461538464 0.07932692307692307
0 0.7139423076923077 0.4110576923076923 0.03365384615384615 0.0625
0 0.7680288461538461 0.4362980769230769 0.036057692307692304 0.06009615384615385
0 0.9110576923076923 0.4735576923076923 0.03365384615384615 0.07211538461538461
0 0.9387019230769231 0.35336538461538464 0.021634615384615384 0.04326923076923077
0 0.9254807692307693 0.29927884615384615 0.014423076923076924 0.036057692307692304
0 0.9314903846153846 0.27524038461538464 0.014423076923076924 0.028846153846153848