0 0.13822115384615385 0.24158653846153846 0.016826923076923076 0.038461538461538464
0 0.30649038461538464 0.22115384615384615 0.016826923076923076 0.038461538461538464
0 0.3473557692307692 0.1971153846153846 0.019230769230769232 0.038461538461538464
0 0.3737980769230769 0.20793269230769232 0.021634615384615384 0.036057692307692304
0 0.4026442307692308 0.18990384615384615 0.019230769230769232 0.038461538461538464
0 0.41466346153846156 0.15985576923076922 0.014423076923076924 0.03125
0 0.4266826923076923 0.16346153846153846 0.016826923076923076 0.038461538461538464
0 0.44471153846153844 0.16706730769230768 0.019230769230769232 0.036057692307692304
0 0.4543269230769231 0.14903846153846154 0.014423076923076924 0.028846153846153848
0 0.47716346153846156 0.140625 0.014423076923076924 0.03365384615384615
0 0.48677884615384615 0.1346153846153846 0.01201923076923077 0.028846153846153848
0 0.5012019230769231 0.12259615384615384 0.014423076923076924 0.02403846153846154
0 0.5072115384615384 0.14423076923076922 0.014423076923076924 0.03365384615384615
0 0.5240384615384616 0.13701923076923078 0.009615384615384616 0.03365384615384615
0 0.5228365384615384 0.09975961538461539 0.01201923076923077 0.028846153846153848
0 0.5348557692307693 0.15745192307692307 0.016826923076923076 0.03125
0 0.5264423076923077 0.19831730769230768 0.014423076923076924 0.03365384615384615
0 0.5048076923076923 0.21995192307692307 0.019230769230769232 0.04326923076923077
0 0.4723557692307692 0.18990384615384615 0.019230769230769232 0.03365384615384615
0 0.45072115384615385 0.22956730769230768 0.019230769230769232 0.038461538461538464
0 0.4387019230769231 0.25721153846153844 0.026442307692307692 0.04807692307692308
0 0.5492788461538461 0.1658653846153846 0.014423076923076924 0.038461538461538464
0 0.5528846153846154 0.19831730769230768 0.019230769230769232 0.036057692307692304
0 0.5516826923076923 0.14302884615384615 0.016826923076923076 0.021634615384615384
0 0.5612980769230769 0.052884615384615384 0.01201923076923077 0.02403846153846154
0 0.5721153846153846 0.12379807692307693 0.019230769230769232 0.03365384615384615
0 0.5853365384615384 0.11177884615384616 0.01201923076923077 0.026442307692307692
0 0.6069711538461539 0.11177884615384616 0.01201923076923077 0.03125
0 0.578125 0.17908653846153846 0.016826923076923076 0.028846153846153848
0 0.6370192307692307 0.12860576923076922 0.014423076923076924 0.03365384615384615
0 0.6574519230769231 0.10576923076923077 0.01201923076923077 0.03365384615384615
0 0.6550480769230769 0.13581730769230768 0.01201923076923077 0.03125
0 0.6189903846153846 0.20192307692307693 0.019230769230769232 0.038461538461538464
0 0.6129807692307693 0.27524038461538464 0.02403846153846154 0.05048076923076923
0 0.5576923076923077 0.2512019230769231 0.028846153846153848 0.06490384615384616
0 0.6814903846153846 0.09975961538461539 0.01201923076923077 0.02403846153846154
0 0.6887019230769231 0.11538461538461539 0.01201923076923077 0.028846153846153848
0 0.7115384615384616 0.10817307692307693 0.009615384615384616 0.03365384615384615
0 0.6995192307692307 0.171875 0.019230769230769232 0.03125
0 0.7271634615384616 0.16346153846153846 0.019230769230769232 0.03365384615384615
0 0.7668269230769231 0.13221153846153846 0.014423076923076924 0.03365384615384615
0 0.7896634615384616 0.13581730769230768 0.014423076923076924 0.03125
0 0.8173076923076923 0.14182692307692307 0.019230769230769232 0.038461538461538464
0 0.8004807692307693 0.22235576923076922 0.019230769230769232 0.04567307692307692
0 0.7536057692307693 0.21394230769230768 0.019230769230769232 0.03365384615384615
0 0.7668269230769231 0.25240384615384615 0.02403846153846154 0.052884615384615384
0 0.7175480769230769 0.23918269230769232 0.021634615384615384 0.055288461538461536
0 0.6875 0.2668269230769231 0.028846153846153848 0.057692307692307696
0 0.6766826923076923 0.3557692307692308 0.028846153846153848 0.07211538461538461
0 0.7295673076923077 0.30288461538461536 0.026442307692307692 0.052884615384615384
0 0.7932692307692307 0.3088942307692308 0.028846153846153848 0.06490384615384616
0 0.8125 0.2668269230769231 0.019230769230769232 0.04807692307692308
0 0.7596153846153846 0.42427884615384615 0.028846153846153848 0.07451923076923077
0 0.8353365384615384 0.3701923076923077 0.026442307692307692 0.0673076923076923
0 0.8810096153846154 0.4362980769230769 0.03365384615384615 0.09375
0 0.8389423076923077 0.328125 0.028846153846153848 0.04807692307692308
0 0.8665865384615384 0.2860576923076923 0.021634615384615384 0.052884615384615384
0 0.8822115384615384 0.25 0.019230769230769232 0.04807692307692308
0 0.9194711538461539 0.30528846153846156 0.019230769230769232 0.052884615384615384
0 0.9338942307692307 0.22596153846153846 0.014423076923076924 0.028846153846153848