0 0.1658653846153846 0.5757211538461539 0.03365384615384615 0.057692307692307696
0 0.20192307692307693 0.6598557692307693 0.04807692307692308 0.10576923076923077
0 0.20793269230769232 0.8269230769230769 0.07451923076923077 0.125
0 0.3942307692307692 0.5637019230769231 0.03365384615384615 0.052884615384615384
0 0.43149038461538464 0.6021634615384616 0.03365384615384615 0.052884615384615384
0 0.453125 0.4026442307692308 0.028846153846153848 0.06971153846153846
0 0.49158653846153844 0.6262019230769231 0.04326923076923077 0.08173076923076923
0 0.37740384615384615 0.9194711538461539 0.12980769230769232 0.14423076923076922
0 0.6334134615384616 0.7560096153846154 0.06009615384615385 0.12980769230769232
0 0.8858173076923077 0.8185096153846154 0.08413461538461539 0.16826923076923078
0 0.8629807692307693 0.6622596153846154 0.052884615384615384 0.09134615384615384
0 0.8762019230769231 0.6009615384615384 0.03365384615384615 0.07211538461538461
0 0.796875 0.5396634615384616 0.02403846153846154 0.04807692307692308
0 0.7403846153846154 0.5661057692307693 0.03365384615384615 0.06009615384615385
0 0.6862980769230769 0.59375 0.038461538461538464 0.0625
0 0.6586538461538461 0.5264423076923077 0.02403846153846154 0.057692307692307696
0 0.6057692307692307 0.5721153846153846 0.028846153846153848 0.07692307692307693
0 0.5420673076923077 0.5516826923076923 0.026442307692307692 0.05048076923076923