0 0.11875 0.33359375 0.0625 0.10859375
0 0.18671875 0.35859375 0.05859375 0.10859375
0 0.2265625 0.4125 0.0734375 0.1234375
0 0.2828125 0.4078125 0.07109375 0.12578125
0 0.359375 0.44375 0.0890625 0.1296875
0 0.35546875 0.3328125 0.05390625 0.08046875
0 0.32890625 0.31171875 0.02734375 0.05234375
0 0.5015625 0.35234375 0.0703125 0.1125
0 0.5046875 0.2765625 0.03984375 0.065625
0 0.5578125 0.31015625 0.0515625 0.08828125
0 0.58671875 0.4375 0.0890625 0.16171875
0 0.5984375 0.365625 0.0625 0.08984375
0 0.6203125 0.309375 0.04765625 0.0671875
0 0.69921875 0.34609375 0.0484375 0.103125
0 0.7328125 0.4875 0.11015625 0.1765625
0 0.7609375 0.390625 0.0625 0.09765625
0 0.80859375 0.3359375 0.0578125 0.1125
0 0.8671875 0.41015625 0.0796875 0.13671875
0 0.96171875 0.40078125 0.0734375 0.17421875
0 0.8578125 0.28828125 0.0328125 0.06171875
0 0.9015625 0.2953125 0.05 0.065625
0 0.91328125 0.3609375 0.04609375 0.103125
0 0.971875 0.2984375 0.04140625 0.0640625
0 0.94453125 0.290625 0.03359375 0.0671875
0 0.67265625 0.28984375 0.0375 0.0765625