0 0.38100961538461536 0.19110576923076922 0.016826923076923076 0.03365384615384615
0 0.4026442307692308 0.1814903846153846 0.016826923076923076 0.028846153846153848
0 0.41947115384615385 0.19230769230769232 0.016826923076923076 0.03365384615384615
0 0.4098557692307692 0.22115384615384615 0.019230769230769232 0.03365384615384615
0 0.3786057692307692 0.27403846153846156 0.026442307692307692 0.04326923076923077
0 0.39903846153846156 0.28125 0.02403846153846154 0.04326923076923077
0 0.4543269230769231 0.17908653846153846 0.014423076923076924 0.03365384615384615
0 0.4831730769230769 0.18389423076923078 0.014423076923076924 0.03365384615384615
0 0.4963942307692308 0.19110576923076922 0.021634615384615384 0.036057692307692304
0 0.46875 0.22355769230769232 0.02403846153846154 0.04326923076923077
0 0.5012019230769231 0.22115384615384615 0.021634615384615384 0.038461538461538464
0 0.49759615384615385 0.29927884615384615 0.028846153846153848 0.04567307692307692
0 0.6165865384615384 0.26802884615384615 0.028846153846153848 0.05048076923076923
0 0.7235576923076923 0.1875 0.02403846153846154 0.038461538461538464
0 0.7728365384615384 0.22596153846153846 0.026442307692307692 0.057692307692307696
0 0.5492788461538461 0.06850961538461539 0.016826923076923076 0.026442307692307692
0 0.5865384615384616 0.13581730769230768 0.019230769230769232 0.03125