0 0.05048076923076923 0.3317307692307692 0.028846153846153848 0.04326923076923077
0 0.07451923076923077 0.33774038461538464 0.02403846153846154 0.04807692307692308
0 0.11057692307692307 0.32091346153846156 0.019230769230769232 0.040865384615384616
0 0.17668269230769232 0.3076923076923077 0.021634615384615384 0.04326923076923077
0 0.27163461538461536 0.3269230769230769 0.02403846153846154 0.04326923076923077
0 0.30649038461538464 0.30528846153846156 0.014423076923076924 0.04326923076923077
0 0.34615384615384615 0.30528846153846156 0.019230769230769232 0.04326923076923077
0 0.38221153846153844 0.25841346153846156 0.04807692307692308 0.09615384615384616
0 0.48677884615384615 0.2920673076923077 0.019230769230769232 0.04326923076923077
0 0.5276442307692307 0.30408653846153844 0.04807692307692308 0.09134615384615384
0 0.5625 0.3112980769230769 0.02403846153846154 0.052884615384615384
0 0.5552884615384616 0.27524038461538464 0.02403846153846154 0.04326923076923077
0 0.6358173076923077 0.3137019230769231 0.019230769230769232 0.055288461538461536
0 0.6706730769230769 0.2776442307692308 0.02403846153846154 0.055288461538461536
0 0.7067307692307693 0.28966346153846156 0.028846153846153848 0.055288461538461536
0 0.7319711538461539 0.27163461538461536 0.040865384615384616 0.07692307692307693
0 0.8509615384615384 0.25961538461538464 0.07692307692307693 0.1778846153846154
0 0.8990384615384616 0.2980769230769231 0.04326923076923077 0.11057692307692307
0 0.9603365384615384 0.25961538461538464 0.03125 0.08173076923076923