0 0.11778846153846154 0.5745192307692307 0.0625 0.10096153846153846
0 0.07211538461538461 0.5612980769230769 0.057692307692307696 0.08653846153846154
0 0.056490384615384616 0.5120192307692307 0.040865384615384616 0.0673076923076923
0 0.037259615384615384 0.4519230769230769 0.03125 0.052884615384615384
0 0.026442307692307692 0.4206730769230769 0.03365384615384615 0.04326923076923077
0 0.051682692307692304 0.38100961538461536 0.026442307692307692 0.04807692307692308
0 0.0889423076923077 0.40384615384615385 0.02403846153846154 0.04326923076923077
0 0.0985576923076923 0.4362980769230769 0.03365384615384615 0.05048076923076923
0 0.13822115384615385 0.4675480769230769 0.03125 0.0625
0 0.1658653846153846 0.5036057692307693 0.038461538461538464 0.06971153846153846
0 0.20432692307692307 0.5420673076923077 0.04326923076923077 0.07932692307692307
0 0.21875 0.5168269230769231 0.03365384615384615 0.0625
0 0.24278846153846154 0.4963942307692308 0.03365384615384615 0.055288461538461536
0 0.25961538461538464 0.44591346153846156 0.038461538461538464 0.057692307692307696
0 0.23076923076923078 0.4230769230769231 0.019230769230769232 0.038461538461538464
0 0.23677884615384615 0.38100961538461536 0.026442307692307692 0.04807692307692308
0 0.1935096153846154 0.46274038461538464 0.036057692307692304 0.057692307692307696
0 0.17548076923076922 0.4110576923076923 0.02403846153846154 0.04326923076923077
0 0.14903846153846154 0.43149038461538464 0.028846153846153848 0.038461538461538464
0 0.13822115384615385 0.38461538461538464 0.026442307692307692 0.04326923076923077
0 0.2824519230769231 0.6129807692307693 0.06490384615384616 0.10576923076923077
0 0.3605769230769231 0.5456730769230769 0.04326923076923077 0.07211538461538461
0 0.39302884615384615 0.578125 0.04807692307692308 0.08413461538461539
0 0.33653846153846156 0.4807692307692308 0.038461538461538464 0.0625
0 0.3425480769230769 0.4170673076923077 0.02403846153846154 0.040865384615384616
0 0.375 0.40625 0.028846153846153848 0.038461538461538464
0 0.41586538461538464 0.375 0.02403846153846154 0.04326923076923077
0 0.4375 0.38221153846153844 0.02403846153846154 0.03365384615384615
0 0.4338942307692308 0.41346153846153844 0.026442307692307692 0.04326923076923077
0 0.40865384615384615 0.44711538461538464 0.038461538461538464 0.0625
0 0.49038461538461536 0.4951923076923077 0.038461538461538464 0.057692307692307696
0 0.49759615384615385 0.44711538461538464 0.028846153846153848 0.04326923076923077
0 0.4699519230769231 0.40865384615384615 0.02403846153846154 0.04807692307692308
0 0.4807692307692308 0.3894230769230769 0.02403846153846154 0.04807692307692308
0 0.5180288461538461 0.4411057692307692 0.026442307692307692 0.04567307692307692
0 0.5372596153846154 0.4206730769230769 0.02403846153846154 0.04326923076923077
0 0.5612980769230769 0.47596153846153844 0.028846153846153848 0.04807692307692308
0 0.5709134615384616 0.44591346153846156 0.02403846153846154 0.04567307692307692
0 0.5757211538461539 0.4206730769230769 0.019230769230769232 0.03365384615384615
0 0.5865384615384616 0.38461538461538464 0.019230769230769232 0.038461538461538464
0 0.6057692307692307 0.38461538461538464 0.02403846153846154 0.04326923076923077
0 0.6442307692307693 0.40024038461538464 0.028846153846153848 0.04326923076923077
0 0.6466346153846154 0.37259615384615385 0.02403846153846154 0.03365384615384615
0 0.6622596153846154 0.38100961538461536 0.026442307692307692 0.04326923076923077
0 0.6875 0.3798076923076923 0.019230769230769232 0.038461538461538464
0 0.6814903846153846 0.4050480769230769 0.02403846153846154 0.040865384615384616
0 0.6887019230769231 0.4723557692307692 0.026442307692307692 0.052884615384615384
0 0.7247596153846154 0.5516826923076923 0.05048076923076923 0.08173076923076923
0 0.6358173076923077 0.6237980769230769 0.06490384615384616 0.1201923076923077
0 0.5961538461538461 0.5612980769230769 0.04326923076923077 0.07692307692307693
0 0.6021634615384616 0.5144230769230769 0.03365384615384615 0.057692307692307696
0 0.6310096153846154 0.5108173076923077 0.03365384615384615 0.0625
0 0.5252403846153846 0.5264423076923077 0.03365384615384615 0.07211538461538461
0 0.5 0.5721153846153846 0.04807692307692308 0.08173076923076923
0 0.7716346153846154 0.5096153846153846 0.03365384615384615 0.0673076923076923
0 0.7788461538461539 0.4807692307692308 0.03365384615384615 0.04807692307692308
0 0.7536057692307693 0.4254807692307692 0.026442307692307692 0.04326923076923077
0 0.7427884615384616 0.40384615384615385 0.014423076923076924 0.04326923076923077
0 0.7199519230769231 0.4110576923076923 0.02403846153846154 0.038461538461538464
0 0.7584134615384616 0.3858173076923077 0.026442307692307692 0.05048076923076923
0 0.7908653846153846 0.39903846153846156 0.02403846153846154 0.038461538461538464
0 0.8389423076923077 0.3942307692307692 0.028846153846153848 0.04807692307692308
0 0.8545673076923077 0.4338942307692308 0.03365384615384615 0.052884615384615384
0 0.8846153846153846 0.4206730769230769 0.028846153846153848 0.04807692307692308
0 0.9146634615384616 0.4230769230769231 0.03365384615384615 0.052884615384615384
0 0.9603365384615384 0.4387019230769231 0.03125 0.04326923076923077
0 0.984375 0.4723557692307692 0.026442307692307692 0.06009615384615385
0 0.9783653846153846 0.5204326923076923 0.038461538461538464 0.07451923076923077
0 0.8870192307692307 0.6057692307692307 0.07211538461538461 0.11538461538461539
0 0.8810096153846154 0.5240384615384616 0.04807692307692308 0.07211538461538461
0 0.8473557692307693 0.5216346153846154 0.038461538461538464 0.07211538461538461