0 0.06009615384615385 0.38461538461538464 0.02403846153846154 0.04807692307692308
0 0.2512019230769231 0.2608173076923077 0.014423076923076924 0.028846153846153848
0 0.27163461538461536 0.2644230769230769 0.019230769230769232 0.038461538461538464
0 0.3076923076923077 0.2439903846153846 0.019230769230769232 0.026442307692307692
0 0.3004807692307692 0.22355769230769232 0.014423076923076924 0.03365384615384615
0 0.33413461538461536 0.24519230769230768 0.014423076923076924 0.038461538461538464
0 0.34975961538461536 0.2536057692307692 0.016826923076923076 0.038461538461538464
0 0.35336538461538464 0.2956730769230769 0.02403846153846154 0.04807692307692308
0 0.3449519230769231 0.21995192307692307 0.016826923076923076 0.028846153846153848
0 0.375 0.2127403846153846 0.019230769230769232 0.038461538461538464
0 0.39663461538461536 0.265625 0.02403846153846154 0.05048076923076923
0 0.38100961538461536 0.18629807692307693 0.019230769230769232 0.03365384615384615
0 0.40024038461538464 0.20192307692307693 0.021634615384615384 0.028846153846153848
0 0.4387019230769231 0.22235576923076922 0.021634615384615384 0.03365384615384615
0 0.44350961538461536 0.18629807692307693 0.019230769230769232 0.028846153846153848
0 0.4651442307692308 0.22716346153846154 0.021634615384615384 0.040865384615384616
0 0.45552884615384615 0.14783653846153846 0.016826923076923076 0.026442307692307692
0 0.47596153846153844 0.19230769230769232 0.019230769230769232 0.03365384615384615
0 0.4699519230769231 0.16947115384615385 0.016826923076923076 0.028846153846153848
0 0.47716346153846156 0.13701923076923078 0.016826923076923076 0.02403846153846154
0 0.4987980769230769 0.19230769230769232 0.019230769230769232 0.028846153846153848
0 0.5252403846153846 0.21153846153846154 0.02403846153846154 0.038461538461538464
0 0.5240384615384616 0.1622596153846154 0.009615384615384616 0.02403846153846154
0 0.5420673076923077 0.15865384615384615 0.016826923076923076 0.038461538461538464
0 0.5612980769230769 0.1466346153846154 0.01201923076923077 0.028846153846153848
0 0.5600961538461539 0.11899038461538461 0.014423076923076924 0.028846153846153848
0 0.5745192307692307 0.16346153846153846 0.014423076923076924 0.028846153846153848
0 0.59375 0.14302884615384615 0.014423076923076924 0.03125
0 0.6117788461538461 0.1466346153846154 0.01201923076923077 0.03365384615384615
0 0.6322115384615384 0.13822115384615385 0.014423076923076924 0.03365384615384615
0 0.6418269230769231 0.11899038461538461 0.014423076923076924 0.028846153846153848
0 0.6634615384615384 0.11778846153846154 0.009615384615384616 0.03365384615384615
0 0.49759615384615385 0.2980769230769231 0.028846153846153848 0.0673076923076923
0 0.5420673076923077 0.24519230769230768 0.026442307692307692 0.04807692307692308
0 0.5685096153846154 0.29086538461538464 0.02403846153846154 0.04807692307692308
0 0.6129807692307693 0.2980769230769231 0.028846153846153848 0.057692307692307696
0 0.6141826923076923 0.24278846153846154 0.02403846153846154 0.052884615384615384
0 0.6129807692307693 0.203125 0.02403846153846154 0.04567307692307692
0 0.6454326923076923 0.20192307692307693 0.02403846153846154 0.04326923076923077
0 0.6514423076923077 0.28365384615384615 0.028846153846153848 0.057692307692307696
0 0.6995192307692307 0.265625 0.028846153846153848 0.06009615384615385
0 0.7103365384615384 0.22355769230769232 0.021634615384615384 0.052884615384615384
0 0.6911057692307693 0.18028846153846154 0.021634615384615384 0.04326923076923077
0 0.6899038461538461 0.14423076923076922 0.019230769230769232 0.03365384615384615
0 0.7151442307692307 0.16466346153846154 0.016826923076923076 0.038461538461538464
0 0.7235576923076923 0.1971153846153846 0.02403846153846154 0.038461538461538464
0 0.7487980769230769 0.23677884615384615 0.021634615384615384 0.057692307692307696
0 0.7596153846153846 0.21033653846153846 0.019230769230769232 0.040865384615384616
0 0.7584134615384616 0.16947115384615385 0.019230769230769232 0.036057692307692304
0 0.7439903846153846 0.13581730769230768 0.016826923076923076 0.03365384615384615
0 0.7235576923076923 0.11538461538461539 0.014423076923076924 0.03365384615384615
0 0.7560096153846154 0.12980769230769232 0.019230769230769232 0.038461538461538464
0 0.7728365384615384 0.16706730769230768 0.019230769230769232 0.036057692307692304
0 0.78125 0.14783653846153846 0.014423076923076924 0.028846153846153848
0 0.7692307692307693 0.2848557692307692 0.028846153846153848 0.06009615384615385
0 0.8365384615384616 0.3161057692307692 0.028846153846153848 0.057692307692307696
0 0.8509615384615384 0.234375 0.02403846153846154 0.04807692307692308
0 0.8197115384615384 0.20552884615384615 0.014423076923076924 0.040865384615384616
0 0.828125 0.15504807692307693 0.014423076923076924 0.03365384615384615
0 0.8449519230769231 0.15865384615384615 0.016826923076923076 0.028846153846153848
0 0.8581730769230769 0.19230769230769232 0.014423076923076924 0.038461538461538464
0 0.8834134615384616 0.2127403846153846 0.016826923076923076 0.04326923076923077
0 0.8966346153846154 0.22956730769230768 0.014423076923076924 0.036057692307692304
0 0.9122596153846154 0.2512019230769231 0.02403846153846154 0.05048076923076923
0 0.8798076923076923 0.16466346153846154 0.019230769230769232 0.03125
0 0.8954326923076923 0.18629807692307693 0.016826923076923076 0.036057692307692304