0 0.5168269230769231 0.5552884615384616 0.04326923076923077 0.07692307692307693
0 0.2980769230769231 0.5120192307692307 0.04326923076923077 0.07692307692307693
0 0.26802884615384615 0.5192307692307693 0.036057692307692304 0.0673076923076923
0 0.17908653846153846 0.5 0.03365384615384615 0.04807692307692308
0 0.12379807692307693 0.4831730769230769 0.03365384615384615 0.04326923076923077
0 0.09615384615384616 0.4723557692307692 0.028846153846153848 0.040865384615384616
0 0.15865384615384615 0.44471153846153844 0.019230769230769232 0.03365384615384615
0 0.2091346153846154 0.453125 0.02403846153846154 0.03365384615384615
0 0.2247596153846154 0.4411057692307692 0.016826923076923076 0.028846153846153848
0 0.24278846153846154 0.4543269230769231 0.02403846153846154 0.04326923076923077
0 0.2512019230769231 0.4423076923076923 0.016826923076923076 0.028846153846153848
0 0.27403846153846156 0.4639423076923077 0.02403846153846154 0.04326923076923077
0 0.31971153846153844 0.47475961538461536 0.03365384615384615 0.04567307692307692
0 0.3245192307692308 0.44471153846153844 0.02403846153846154 0.03365384615384615
0 0.3269230769230769 0.4230769230769231 0.019230769230769232 0.02403846153846154
0 0.30408653846153844 0.4254807692307692 0.019230769230769232 0.03365384615384615
0 0.36899038461538464 0.44591346153846156 0.02403846153846154 0.038461538461538464
0 0.38221153846153844 0.47716346153846156 0.028846153846153848 0.05048076923076923
0 0.41346153846153844 0.46153846153846156 0.019230769230769232 0.04326923076923077
0 0.43509615384615385 0.4879807692307692 0.03365384615384615 0.052884615384615384
0 0.4266826923076923 0.43028846153846156 0.019230769230769232 0.03365384615384615
0 0.4362980769230769 0.4098557692307692 0.019230769230769232 0.03365384615384615
0 0.3954326923076923 0.4266826923076923 0.02403846153846154 0.038461538461538464
0 0.3786057692307692 0.41586538461538464 0.014423076923076924 0.02403846153846154
0 0.4495192307692308 0.4074519230769231 0.019230769230769232 0.028846153846153848
0 0.4795673076923077 0.4362980769230769 0.02403846153846154 0.04326923076923077
0 0.49038461538461536 0.4807692307692308 0.038461538461538464 0.057692307692307696
0 0.5216346153846154 0.4795673076923077 0.028846153846153848 0.04807692307692308
0 0.5204326923076923 0.4326923076923077 0.019230769230769232 0.038461538461538464
0 0.5012019230769231 0.4182692307692308 0.016826923076923076 0.028846153846153848
0 0.49399038461538464 0.3954326923076923 0.01201923076923077 0.02403846153846154
0 0.5108173076923077 0.4074519230769231 0.016826923076923076 0.026442307692307692
0 0.5480769230769231 0.4206730769230769 0.019230769230769232 0.03365384615384615
0 0.5757211538461539 0.43990384615384615 0.02403846153846154 0.04326923076923077
0 0.5829326923076923 0.5120192307692307 0.038461538461538464 0.0625
0 0.609375 0.4891826923076923 0.028846153846153848 0.05048076923076923
0 0.6706730769230769 0.5264423076923077 0.04326923076923077 0.0673076923076923
0 0.5588942307692307 0.4050480769230769 0.019230769230769232 0.028846153846153848
0 0.5444711538461539 0.38822115384615385 0.014423076923076924 0.02403846153846154
0 0.5709134615384616 0.3894230769230769 0.014423076923076924 0.028846153846153848
0 0.5793269230769231 0.4050480769230769 0.014423076923076924 0.02403846153846154
0 0.59375 0.4170673076923077 0.019230769230769232 0.03365384615384615
0 0.6021634615384616 0.3894230769230769 0.01201923076923077 0.028846153846153848
0 0.5913461538461539 0.3762019230769231 0.014423076923076924 0.028846153846153848
0 0.6201923076923077 0.375 0.009615384615384616 0.019230769230769232
0 0.6237980769230769 0.41466346153846156 0.016826923076923076 0.03365384615384615
0 0.6382211538461539 0.3894230769230769 0.014423076923076924 0.028846153846153848
0 0.6490384615384616 0.38100961538461536 0.019230769230769232 0.02403846153846154
0 0.6586538461538461 0.4050480769230769 0.019230769230769232 0.026442307692307692
0 0.6526442307692307 0.4254807692307692 0.02403846153846154 0.03365384615384615
0 0.6899038461538461 0.4423076923076923 0.02403846153846154 0.04807692307692308
0 0.7019230769230769 0.42908653846153844 0.019230769230769232 0.038461538461538464
0 0.7007211538461539 0.4026442307692308 0.014423076923076924 0.026442307692307692
0 0.6826923076923077 0.38461538461538464 0.014423076923076924 0.02403846153846154
0 0.6682692307692307 0.3858173076923077 0.009615384615384616 0.02403846153846154
0 0.6670673076923077 0.3762019230769231 0.016826923076923076 0.02403846153846154
0 0.7199519230769231 0.3786057692307692 0.014423076923076924 0.021634615384615384
0 0.7283653846153846 0.38100961538461536 0.014423076923076924 0.02403846153846154
0 0.7367788461538461 0.38461538461538464 0.016826923076923076 0.02403846153846154
0 0.7451923076923077 0.3786057692307692 0.019230769230769232 0.026442307692307692
0 0.7536057692307693 0.3329326923076923 0.01201923076923077 0.019230769230769232
0 0.7692307692307693 0.33533653846153844 0.014423076923076924 0.02403846153846154
0 0.7439903846153846 0.41586538461538464 0.019230769230769232 0.03365384615384615
0 0.7596153846153846 0.38461538461538464 0.014423076923076924 0.028846153846153848
0 0.7752403846153846 0.44471153846153844 0.026442307692307692 0.04326923076923077
0 0.7680288461538461 0.5 0.038461538461538464 0.0625
0 0.7944711538461539 0.41586538461538464 0.016826923076923076 0.03365384615384615
0 0.7920673076923077 0.3870192307692308 0.01201923076923077 0.02403846153846154
0 0.8461538461538461 0.3329326923076923 0.009615384615384616 0.019230769230769232
0 0.8305288461538461 0.38822115384615385 0.016826923076923076 0.03365384615384615
0 0.8473557692307693 0.4254807692307692 0.03125 0.052884615384615384
0 0.828125 0.42908653846153844 0.02403846153846154 0.040865384615384616