0 0.20192307692307693 0.3557692307692308 0.04807692307692308 0.09615384615384616
0 0.3016826923076923 0.22716346153846154 0.02403846153846154 0.04567307692307692
0 0.32211538461538464 0.17668269230769232 0.019230769230769232 0.04326923076923077
0 0.3473557692307692 0.1935096153846154 0.021634615384615384 0.03365384615384615
0 0.4014423076923077 0.1875 0.02403846153846154 0.038461538461538464
0 0.41225961538461536 0.16105769230769232 0.014423076923076924 0.028846153846153848
0 0.41225961538461536 0.140625 0.016826923076923076 0.026442307692307692
0 0.4411057692307692 0.16706730769230768 0.021634615384615384 0.040865384615384616
0 0.4375 0.19831730769230768 0.019230769230769232 0.040865384615384616
0 0.46875 0.203125 0.028846153846153848 0.055288461538461536
0 0.4375 0.140625 0.014423076923076924 0.026442307692307692
0 0.4483173076923077 0.12740384615384615 0.01201923076923077 0.02403846153846154
0 0.45913461538461536 0.140625 0.014423076923076924 0.03125
0 0.4735576923076923 0.16346153846153846 0.02403846153846154 0.038461538461538464
0 0.49278846153846156 0.14302884615384615 0.014423076923076924 0.03125
0 0.4963942307692308 0.12379807692307693 0.014423076923076924 0.026442307692307692
0 0.5108173076923077 0.11538461538461539 0.01201923076923077 0.028846153846153848
0 0.515625 0.1466346153846154 0.016826923076923076 0.03365384615384615
0 0.5252403846153846 0.16826923076923078 0.019230769230769232 0.03365384615384615
0 0.546875 0.16706730769230768 0.016826923076923076 0.036057692307692304
0 0.5492788461538461 0.13822115384615385 0.016826923076923076 0.03125
0 0.5625 0.13581730769230768 0.019230769230769232 0.03365384615384615
0 0.5324519230769231 0.1346153846153846 0.016826923076923076 0.028846153846153848
0 0.5240384615384616 0.11899038461538461 0.009615384615384616 0.021634615384615384
0 0.5360576923076923 0.12139423076923077 0.014423076923076924 0.02403846153846154
0 0.5793269230769231 0.09735576923076923 0.014423076923076924 0.03125
0 0.5913461538461539 0.1346153846153846 0.019230769230769232 0.03365384615384615
0 0.5913461538461539 0.11658653846153846 0.009615384615384616 0.028846153846153848
0 0.578125 0.1658653846153846 0.016826923076923076 0.04326923076923077
0 0.6286057692307693 0.14182692307692307 0.016826923076923076 0.03365384615384615
0 0.6382211538461539 0.13581730769230768 0.01201923076923077 0.03125
0 0.609375 0.09134615384615384 0.01201923076923077 0.028846153846153848
0 0.6274038461538461 0.09134615384615384 0.014423076923076924 0.028846153846153848
0 0.6370192307692307 0.10576923076923077 0.009615384615384616 0.028846153846153848
0 0.6526442307692307 0.1141826923076923 0.014423076923076924 0.028846153846153848
0 0.6682692307692307 0.0985576923076923 0.009615384615384616 0.02403846153846154
0 0.6802884615384616 0.11057692307692307 0.014423076923076924 0.028846153846153848
0 0.6959134615384616 0.10817307692307693 0.014423076923076924 0.03365384615384615
0 0.5 0.2692307692307692 0.028846153846153848 0.052884615384615384
0 0.5637019230769231 0.22716346153846154 0.02403846153846154 0.052884615384615384
0 0.578125 0.27163461538461536 0.028846153846153848 0.057692307692307696
0 0.6237980769230769 0.28846153846153844 0.028846153846153848 0.0673076923076923
0 0.625 0.25240384615384615 0.019230769230769232 0.04326923076923077
0 0.6237980769230769 0.18389423076923078 0.021634615384615384 0.038461538461538464
0 0.6610576923076923 0.17427884615384615 0.014423076923076924 0.04567307692307692
0 0.6730769230769231 0.19951923076923078 0.019230769230769232 0.04326923076923077
0 0.6634615384615384 0.2536057692307692 0.028846153846153848 0.04807692307692308
0 0.6802884615384616 0.30288461538461536 0.03365384615384615 0.0673076923076923
0 0.7139423076923077 0.3389423076923077 0.03365384615384615 0.07211538461538461
0 0.7007211538461539 0.1971153846153846 0.021634615384615384 0.04807692307692308
0 0.71875 0.21754807692307693 0.02403846153846154 0.055288461538461536
0 0.7055288461538461 0.15384615384615385 0.016826923076923076 0.038461538461538464
0 0.7379807692307693 0.16105769230769232 0.014423076923076924 0.03365384615384615
0 0.7644230769230769 0.1346153846153846 0.019230769230769232 0.03365384615384615
0 0.7572115384615384 0.11298076923076923 0.019230769230769232 0.04326923076923077
0 0.7872596153846154 0.125 0.019230769230769232 0.038461538461538464
0 0.7764423076923077 0.16346153846153846 0.019230769230769232 0.04807692307692308
0 0.8016826923076923 0.1875 0.019230769230769232 0.038461538461538464
0 0.8125 0.17908653846153846 0.019230769230769232 0.038461538461538464
0 0.8293269230769231 0.16706730769230768 0.014423076923076924 0.038461538461538464
0 0.8341346153846154 0.20432692307692307 0.014423076923076924 0.038461538461538464
0 0.8533653846153846 0.17668269230769232 0.014423076923076924 0.04326923076923077
0 0.8473557692307693 0.14302884615384615 0.016826923076923076 0.028846153846153848
0 0.8689903846153846 0.1658653846153846 0.016826923076923076 0.03365384615384615
0 0.8810096153846154 0.13942307692307693 0.014423076923076924 0.03365384615384615
0 0.8930288461538461 0.1875 0.021634615384615384 0.038461538461538464
0 0.8894230769230769 0.23076923076923078 0.02403846153846154 0.052884615384615384
0 0.8533653846153846 0.3004807692307692 0.02403846153846154 0.052884615384615384
0 0.8653846153846154 0.28365384615384615 0.019230769230769232 0.052884615384615384
0 0.8016826923076923 0.2536057692307692 0.021634615384615384 0.04567307692307692
0 0.8028846153846154 0.28846153846153844 0.028846153846153848 0.057692307692307696
0 0.8076923076923077 0.35336538461538464 0.038461538461538464 0.07692307692307693
0 0.8966346153846154 0.4182692307692308 0.028846153846153848 0.08653846153846154
0 0.9194711538461539 0.3173076923076923 0.026442307692307692 0.0673076923076923
0 0.9362980769230769 0.2692307692307692 0.02403846153846154 0.052884615384615384
0 0.9242788461538461 0.23197115384615385 0.016826923076923076 0.04567307692307692
0 0.9411057692307693 0.234375 0.016826923076923076 0.036057692307692304
0 0.9387019230769231 0.19230769230769232 0.01201923076923077 0.028846153846153848
0 0.9411057692307693 0.1622596153846154 0.01201923076923077 0.028846153846153848
0 0.9182692307692307 0.14783653846153846 0.009615384615384616 0.026442307692307692
0 0.9182692307692307 0.171875 0.014423076923076924 0.03125