0 0.057692307692307696 0.7487980769230769 0.11057692307692307 0.21394230769230768
0 0.31850961538461536 0.515625 0.055288461538461536 0.09134615384615384
0 0.375 0.5841346153846154 0.07692307692307693 0.08653846153846154
0 0.4651442307692308 0.5192307692307693 0.04807692307692308 0.07692307692307693
0 0.5108173076923077 0.5973557692307693 0.07211538461538461 0.10336538461538461
0 0.5673076923076923 0.5120192307692307 0.04807692307692308 0.07211538461538461
0 0.5685096153846154 0.4675480769230769 0.04567307692307692 0.057692307692307696
0 0.6706730769230769 0.5240384615384616 0.052884615384615384 0.07692307692307693
0 0.6706730769230769 0.46274038461538464 0.04326923076923077 0.06971153846153846
0 0.6730769230769231 0.6057692307692307 0.07692307692307693 0.125
0 0.7475961538461539 0.49759615384615385 0.04326923076923077 0.0673076923076923
0 0.8100961538461539 0.5733173076923077 0.0673076923076923 0.09375
0 0.90625 0.5168269230769231 0.04326923076923077 0.0673076923076923
0 0.9699519230769231 0.3485576923076923 0.052884615384615384 0.10096153846153846