0 0.1201923076923077 0.5336538461538461 0.04326923076923077 0.0673076923076923
0 0.21995192307692307 0.33774038461538464 0.019230769230769232 0.038461538461538464
0 0.2512019230769231 0.36177884615384615 0.02403846153846154 0.04567307692307692
0 0.2860576923076923 0.3545673076923077 0.02403846153846154 0.040865384615384616
0 0.3125 0.3870192307692308 0.028846153846153848 0.04326923076923077
0 0.2764423076923077 0.31490384615384615 0.019230769230769232 0.038461538461538464
0 0.3401442307692308 0.33774038461538464 0.019230769230769232 0.038461538461538464
0 0.3473557692307692 0.2980769230769231 0.019230769230769232 0.028846153846153848
0 0.37740384615384615 0.33653846153846156 0.019230769230769232 0.038461538461538464
0 0.40865384615384615 0.3317307692307692 0.02403846153846154 0.038461538461538464
0 0.4026442307692308 0.296875 0.019230769230769232 0.03125
0 0.39903846153846156 0.27403846153846156 0.019230769230769232 0.028846153846153848
0 0.3858173076923077 0.25841346153846156 0.019230769230769232 0.036057692307692304
0 0.4230769230769231 0.2548076923076923 0.014423076923076924 0.028846153846153848
0 0.4519230769230769 0.33774038461538464 0.02403846153846154 0.04326923076923077
0 0.46274038461538464 0.3125 0.021634615384615384 0.038461538461538464
0 0.4519230769230769 0.2620192307692308 0.009615384615384616 0.03365384615384615
0 0.45913461538461536 0.2704326923076923 0.014423076923076924 0.028846153846153848
0 0.46033653846153844 0.2403846153846154 0.01201923076923077 0.028846153846153848
0 0.5036057692307693 0.26322115384615385 0.019230769230769232 0.03365384615384615
0 0.5168269230769231 0.27163461538461536 0.019230769230769232 0.028846153846153848
0 0.5036057692307693 0.31850961538461536 0.019230769230769232 0.03365384615384615
0 0.5576923076923077 0.2764423076923077 0.019230769230769232 0.04326923076923077
0 0.5492788461538461 0.24278846153846154 0.019230769230769232 0.028846153846153848
0 0.5576923076923077 0.22235576923076922 0.014423076923076924 0.026442307692307692
0 0.5685096153846154 0.23557692307692307 0.016826923076923076 0.028846153846153848
0 0.5733173076923077 0.21394230769230768 0.016826923076923076 0.03365384615384615
0 0.5793269230769231 0.2608173076923077 0.014423076923076924 0.028846153846153848
0 0.6021634615384616 0.2512019230769231 0.016826923076923076 0.03365384615384615
0 0.6045673076923077 0.22355769230769232 0.014423076923076924 0.028846153846153848
0 0.6105769230769231 0.20192307692307693 0.014423076923076924 0.028846153846153848
0 0.6262019230769231 0.21514423076923078 0.01201923076923077 0.028846153846153848
0 0.6394230769230769 0.21754807692307693 0.019230769230769232 0.026442307692307692
0 0.6358173076923077 0.24759615384615385 0.014423076923076924 0.03365384615384615
0 0.6682692307692307 0.21514423076923078 0.009615384615384616 0.026442307692307692
0 0.6790865384615384 0.22956730769230768 0.016826923076923076 0.03125
0 0.6706730769230769 0.28125 0.019230769230769232 0.038461538461538464
0 0.6995192307692307 0.21634615384615385 0.014423076923076924 0.028846153846153848
0 0.7079326923076923 0.25240384615384615 0.016826923076923076 0.038461538461538464
0 0.53125 0.3762019230769231 0.03365384615384615 0.052884615384615384
0 0.46274038461538464 0.41346153846153844 0.036057692307692304 0.0673076923076923
0 0.5252403846153846 0.4362980769230769 0.03365384615384615 0.06490384615384616
0 0.5889423076923077 0.44591346153846156 0.03365384615384615 0.06490384615384616
0 0.6382211538461539 0.4579326923076923 0.038461538461538464 0.06971153846153846
0 0.5805288461538461 0.39663461538461536 0.026442307692307692 0.04326923076923077
0 0.6009615384615384 0.3317307692307692 0.019230769230769232 0.04807692307692308
0 0.6334134615384616 0.30528846153846156 0.026442307692307692 0.052884615384615384
0 0.6586538461538461 0.3629807692307692 0.028846153846153848 0.04326923076923077
0 0.640625 0.35697115384615385 0.02403846153846154 0.04567307692307692
0 0.6923076923076923 0.36538461538461536 0.02403846153846154 0.04807692307692308
0 0.6826923076923077 0.31971153846153844 0.019230769230769232 0.04326923076923077
0 0.7139423076923077 0.296875 0.019230769230769232 0.038461538461538464
0 0.7355769230769231 0.24639423076923078 0.019230769230769232 0.03125
0 0.7487980769230769 0.25 0.016826923076923076 0.038461538461538464
0 0.765625 0.25721153846153844 0.016826923076923076 0.02403846153846154
0 0.7728365384615384 0.2776442307692308 0.016826923076923076 0.03365384615384615
0 0.78125 0.26322115384615385 0.014423076923076924 0.03365384615384615
0 0.7680288461538461 0.2247596153846154 0.014423076923076924 0.036057692307692304
0 0.7848557692307693 0.23918269230769232 0.016826923076923076 0.03125
0 0.8137019230769231 0.23918269230769232 0.019230769230769232 0.03125
0 0.8245192307692307 0.2980769230769231 0.019230769230769232 0.038461538461538464
0 0.8245192307692307 0.33774038461538464 0.019230769230769232 0.040865384615384616
0 0.8137019230769231 0.35697115384615385 0.021634615384615384 0.055288461538461536
0 0.7764423076923077 0.4375 0.028846153846153848 0.057692307692307696
0 0.7211538461538461 0.4026442307692308 0.028846153846153848 0.055288461538461536
0 0.6971153846153846 0.5420673076923077 0.04326923076923077 0.08173076923076923
0 0.8269230769230769 0.5108173076923077 0.03365384615384615 0.07692307692307693
0 0.8557692307692307 0.4519230769230769 0.03365384615384615 0.0673076923076923
0 0.921875 0.4795673076923077 0.040865384615384616 0.0673076923076923
0 0.8653846153846154 0.3701923076923077 0.028846153846153848 0.057692307692307696
0 0.8557692307692307 0.328125 0.019230769230769232 0.038461538461538464
0 0.875 0.33052884615384615 0.019230769230769232 0.04326923076923077
0 0.8942307692307693 0.3329326923076923 0.019230769230769232 0.04567307692307692
0 0.9146634615384616 0.33653846153846156 0.019230769230769232 0.04326923076923077
0 0.9350961538461539 0.3629807692307692 0.02403846153846154 0.052884615384615384
0 0.9326923076923077 0.3137019230769231 0.019230769230769232 0.038461538461538464
0 0.9387019230769231 0.3016826923076923 0.01201923076923077 0.028846153846153848
0 0.9435096153846154 0.28125 0.016826923076923076 0.028846153846153848
0 0.8990384615384616 0.27283653846153844 0.019230769230769232 0.03365384615384615
0 0.8569711538461539 0.28125 0.016826923076923076 0.038461538461538464
0 0.8473557692307693 0.25 0.016826923076923076 0.03365384615384615
0 0.8689903846153846 0.2704326923076923 0.01201923076923077 0.03365384615384615
0 0.8846153846153846 0.25841346153846156 0.019230769230769232 0.036057692307692304