0 0.2980769230769231 0.18389423076923078 0.15384615384615385 0.3173076923076923
0 0.41466346153846156 0.13581730769230768 0.06490384615384616 0.11298076923076923
0 0.5709134615384616 0.27403846153846156 0.18269230769230768 0.3076923076923077
0 0.10817307692307693 0.20072115384615385 0.04807692307692308 0.07932692307692307
0 0.19110576923076922 0.17067307692307693 0.057692307692307696 0.10096153846153846
0 0.02283653846153846 0.21394230769230768 0.04567307692307692 0.13942307692307693
0 0.6009615384615384 0.09254807692307693 0.057692307692307696 0.09375
0 0.6778846153846154 0.24759615384615385 0.04807692307692308 0.10576923076923077
0 0.7427884615384616 0.2704326923076923 0.0625 0.0985576923076923
0 0.8569711538461539 0.05048076923076923 0.06009615384615385 0.09134615384615384
0 0.9495192307692307 0.15985576923076922 0.08653846153846154 0.16105769230769232