0 0.34375 0.87578125 0.128125 0.20625
0 0.7921875 0.61640625 0.0515625 0.0796875
0 0.10390625 0.57578125 0.06875 0.11875
0 0.66796875 0.6328125 0.040625 0.0703125
0 0.8515625 0.55 0.03125 0.0453125
0 0.484375 0.63515625 0.034375 0.0546875
0 0.4328125 0.60625 0.0265625 0.04375
0 0.6359375 0.5859375 0.028125 0.0421875
0 0.371875 0.76953125 0.0765625 0.1109375
0 0.59296875 0.5984375 0.021875 0.0359375
0 0.53515625 0.60546875 0.0296875 0.0390625
0 0.96875 0.5359375 0.0265625 0.0421875
0 0.67734375 0.565625 0.021875 0.0421875