0 0.34765625 0.88359375 0.1453125 0.209375
0 0.734375 0.578125 0.0578125 0.08125
0 0.615625 0.6171875 0.04375 0.0671875
0 0.353125 0.78359375 0.084375 0.1109375
0 0.49921875 0.59765625 0.0296875 0.0390625
0 0.3921875 0.61953125 0.03125 0.04375
0 0.53828125 0.59296875 0.025 0.0375
0 0.85625 0.4015625 0.0328125 0.04375
0 0.4140625 0.6734375 0.05 0.0828125
0 0.5640625 0.56640625 0.028125 0.034375
0 0.9375 0.4671875 0.04375 0.053125
0 0.5875 0.559375 0.0234375 0.0328125
0 0.75 0.44296875 0.04375 0.0609375