0 0.72109375 0.69921875 0.046875 0.0796875
0 0.23359375 0.896875 0.1125 0.1984375
0 0.93203125 0.4265625 0.1359375 0.26875
0 0.6 0.6984375 0.0375 0.0703125
0 0.2671875 0.80859375 0.0703125 0.1234375
0 0.4046875 0.678125 0.0328125 0.0546875
0 0.3609375 0.6421875 0.0234375 0.040625
0 0.4640625 0.65 0.028125 0.0375
0 0.79375 0.63515625 0.025 0.0359375
0 0.87109375 0.55859375 0.0421875 0.0671875
0 0.54921875 0.628125 0.0203125 0.03125
0 0.61953125 0.6296875 0.01875 0.0375
0 0.584375 0.63203125 0.015625 0.034375
0 0.52265625 0.65625 0.01875 0.0359375