0 0.7375 0.6796875 0.05 0.08125
0 0.265625 0.86484375 0.1140625 0.2015625
0 0.49140625 0.628125 0.028125 0.040625
0 0.84296875 0.55859375 0.0328125 0.0578125
0 0.6109375 0.68203125 0.03125 0.0609375
0 0.38125 0.621875 0.025 0.040625
0 0.41640625 0.66796875 0.0328125 0.053125
0 0.5640625 0.6125 0.0203125 0.0296875
0 0.64609375 0.6046875 0.0171875 0.028125
0 0.790625 0.628125 0.025 0.040625
0 0.596875 0.61640625 0.0171875 0.0359375
0 0.53984375 0.6359375 0.01875 0.034375
0 0.95859375 0.63515625 0.0296875 0.05625
0 0.28984375 0.75 0.0859375 0.096875