0 0.30390625 0.81796875 0.09765625 0.18125
0 0.72421875 0.6234375 0.040625 0.07109375
0 0.20078125 0.54375 0.04609375 0.07578125
0 0.596875 0.63359375 0.03515625 0.0515625
0 0.42890625 0.621875 0.028125 0.04921875
0 0.56484375 0.5703125 0.01875 0.03125
0 0.39765625 0.58828125 0.01953125 0.034375
0 0.51171875 0.53984375 0.0171875 0.03515625
0 0.5921875 0.56953125 0.01640625 0.025
0 0.88203125 0.48515625 0.02421875 0.0390625
0 0.75390625 0.57109375 0.01640625 0.02578125
0 0.31796875 0.71796875 0.0609375 0.0703125
0 0.5 0.5890625 0.01796875 0.02890625