0 0.69296875 0.67265625 0.05 0.0765625
0 0.24296875 0.7953125 0.1265625 0.196875
0 0.4015625 0.62578125 0.0375 0.0515625
0 0.38203125 0.578125 0.0265625 0.0390625
0 0.58515625 0.66171875 0.0359375 0.059375
0 0.4734375 0.59921875 0.0296875 0.040625
0 0.809375 0.56796875 0.0359375 0.05625
0 0.62734375 0.5859375 0.0203125 0.0296875
0 0.54296875 0.590625 0.021875 0.028125
0 0.51328125 0.609375 0.021875 0.0359375
0 0.90078125 0.653125 0.034375 0.05625
0 0.56328125 0.59921875 0.021875 0.0296875
0 0.275 0.69453125 0.08125 0.0921875
0 0.740625 0.62421875 0.0265625 0.0421875