0 0.284375 0.83046875 0.0984375 0.17890625
0 0.7171875 0.63671875 0.03984375 0.06875
0 0.0953125 0.53515625 0.05234375 0.10390625
0 0.603125 0.640625 0.03203125 0.0609375
0 0.77734375 0.58359375 0.025 0.0390625
0 0.43515625 0.625 0.02734375 0.0484375
0 0.39140625 0.59375 0.02109375 0.03828125
0 0.57890625 0.5953125 0.021875 0.03671875
0 0.3203125 0.73671875 0.0609375 0.0953125
0 0.5375 0.60234375 0.0171875 0.03046875
0 0.484375 0.603125 0.02421875 0.03359375
0 0.8859375 0.58125 0.02109375 0.0359375
0 0.61796875 0.58046875 0.015625 0.0359375