0 0.2234375 0.75 0.1421875 0.196875
0 0.67421875 0.6921875 0.0609375 0.0796875
0 0.56875 0.6640625 0.0515625 0.0703125
0 0.7515625 0.74375 0.0515625 0.0609375
0 0.26640625 0.68046875 0.0796875 0.1015625
0 0.4015625 0.60625 0.040625 0.05625
0 0.46015625 0.59375 0.0328125 0.0390625
0 0.37890625 0.56640625 0.0296875 0.0359375
0 0.75078125 0.65703125 0.0265625 0.0296875
0 0.2609375 0.47421875 0.071875 0.096875
0 0.8625 0.67734375 0.03125 0.0390625
0 0.55234375 0.61015625 0.03125 0.040625
0 0.509375 0.60390625 0.025 0.034375
0 0.5984375 0.60390625 0.021875 0.0328125
0 0.56796875 0.60390625 0.025 0.0390625