0 0.30625 0.79921875 0.103125 0.1703125
0 0.5953125 0.6359375 0.03984375 0.05625
0 0.72421875 0.62421875 0.04140625 0.06875
0 0.42890625 0.61875 0.028125 0.046875
0 0.39921875 0.5875 0.0203125 0.034375
0 0.1296875 0.5234375 0.05625 0.08359375
0 0.5640625 0.56953125 0.01796875 0.0296875
0 0.31875 0.71484375 0.06015625 0.06640625
0 0.5796875 0.571875 0.0140625 0.03359375
0 0.88203125 0.484375 0.0234375 0.03828125
0 0.4984375 0.5359375 0.01484375 0.03203125
0 0.7546875 0.57421875 0.015625 0.0203125
0 0.49921875 0.58984375 0.01484375 0.03046875