0 0.67109375 0.69140625 0.053125 0.08125
0 0.19140625 0.85703125 0.1234375 0.20625
0 0.56015625 0.675 0.0375 0.078125
0 0.94921875 0.45546875 0.1015625 0.1859375
0 0.3546875 0.65625 0.034375 0.053125
0 0.3171875 0.61171875 0.0265625 0.040625
0 0.42890625 0.625 0.0203125 0.0375
0 0.58359375 0.6078125 0.01875 0.03125
0 0.49921875 0.6140625 0.021875 0.03125
0 0.5328125 0.615625 0.01875 0.0328125
0 0.8296875 0.5640625 0.0375 0.0609375
0 0.21328125 0.746875 0.0890625 0.103125
0 0.475 0.63671875 0.0203125 0.0421875
0 0.72890625 0.6421875 0.028125 0.0484375