0 0.26328125 0.8234375 0.0984375 0.18359375
0 0.72109375 0.634375 0.0421875 0.06953125
0 0.8484375 0.62578125 0.02421875 0.0484375
0 0.5984375 0.6484375 0.02734375 0.053125
0 0.4328125 0.62734375 0.028125 0.04921875
0 0.4 0.59453125 0.02109375 0.0359375
0 0.72890625 0.5171875 0.02578125 0.0359375
0 0.484375 0.59921875 0.02578125 0.03359375
0 0.559375 0.5796875 0.01796875 0.02578125
0 0.5890625 0.57421875 0.0140625 0.01875
0 0.77265625 0.58984375 0.015625 0.02421875
0 0.62421875 0.57890625 0.015625 0.03125
0 0.5359375 0.60234375 0.01640625 0.03203125
0 0.3140625 0.7359375 0.0625 0.115625