0 0.2890625 0.82265625 0.103125 0.1875
0 0.7109375 0.64453125 0.040625 0.06875
0 0.6203125 0.63984375 0.0328125 0.059375
0 0.5609375 0.6015625 0.021875 0.0375
0 0.79296875 0.67421875 0.034375 0.0546875
0 0.428125 0.64296875 0.025 0.0453125
0 0.89453125 0.58125 0.028125 0.046875
0 0.39375 0.5984375 0.021875 0.034375
0 0.3109375 0.7328125 0.0609375 0.075
0 0.4828125 0.60390625 0.0265625 0.034375
0 0.6125 0.58046875 0.0171875 0.0359375
0 0.53046875 0.60390625 0.0171875 0.03125
0 0.759375 0.584375 0.0140625 0.028125
0 0.58359375 0.590625 0.0140625 0.03125