0 0.71875 0.63671875 0.0421875 0.06953125
0 0.77109375 0.65703125 0.03203125 0.0484375
0 0.6046875 0.6390625 0.03203125 0.06328125
0 0.2875 0.453125 0.15234375 0.315625
0 0.57734375 0.59296875 0.01953125 0.03515625
0 0.4328125 0.62734375 0.0296875 0.04921875
0 0.484375 0.60234375 0.02421875 0.0359375
0 0.77421875 0.58203125 0.0171875 0.03125
0 0.884375 0.584375 0.025 0.04453125
0 0.5390625 0.60234375 0.0171875 0.04140625
0 0.6203125 0.5796875 0.015625 0.0390625
0 0.58984375 0.58125 0.01328125 0.03515625