0 0.28984375 0.8125 0.09140625 0.1734375
0 0.71484375 0.640625 0.04296875 0.06875
0 0.43359375 0.6265625 0.028125 0.0484375
0 0.60390625 0.640625 0.02890625 0.059375
0 0.80390625 0.671875 0.0296875 0.05078125
0 0.25625 0.528125 0.03984375 0.08046875
0 0.3203125 0.7359375 0.06015625 0.09140625
0 0.39921875 0.596875 0.02109375 0.03359375
0 0.484375 0.60234375 0.02265625 0.034375
0 0.8890625 0.5796875 0.02421875 0.03359375
0 0.53359375 0.6 0.01640625 0.03125
0 0.77421875 0.59296875 0.01640625 0.02578125
0 0.57421875 0.59375 0.015625 0.034375
0 0.58515625 0.58359375 0.01484375 0.03203125
0 0.61640625 0.58125 0.01640625 0.03828125