0 0.296875 0.81015625 0.09765625 0.17421875
0 0.71484375 0.640625 0.0421875 0.06875
0 0.61796875 0.64375 0.03515625 0.05859375
0 0.79453125 0.67109375 0.03515625 0.0515625
0 0.4328125 0.640625 0.02421875 0.04296875
0 0.39921875 0.59609375 0.021875 0.034375
0 0.3203125 0.73125 0.06015625 0.08359375
0 0.5734375 0.59453125 0.02109375 0.03515625
0 0.4859375 0.60078125 0.02421875 0.03515625
0 0.53515625 0.60078125 0.0171875 0.03203125
0 0.76328125 0.57734375 0.01640625 0.0359375
0 0.61484375 0.57890625 0.015625 0.034375
0 0.8890625 0.58046875 0.0234375 0.034375
0 0.5859375 0.5828125 0.0125 0.0296875