0 0.459375 0.6546875 0.0375 0.0546875
0 0.7609375 0.6171875 0.0546875 0.075
0 0.35546875 0.871875 0.1265625 0.1984375
0 0.6421875 0.63671875 0.0359375 0.0609375
0 0.41875 0.6203125 0.0265625 0.0421875
0 0.5859375 0.52890625 0.01875 0.0359375
0 0.56328125 0.60859375 0.0234375 0.0390625
0 0.953125 0.53828125 0.0359375 0.0578125
0 0.8625 0.53671875 0.03125 0.0375
0 0.5265625 0.609375 0.021875 0.03125
0 0.7890625 0.5578125 0.021875 0.028125
0 0.61171875 0.584375 0.0203125 0.0328125
0 0.36015625 0.76953125 0.078125 0.0953125