0 0.2453125 0.90625 0.109375 0.1875
0 0.7265625 0.69609375 0.046875 0.0859375
0 0.584375 0.709375 0.034375 0.0625
0 0.390625 0.69296875 0.034375 0.05625
0 0.20390625 0.61171875 0.05 0.0859375
0 0.3546875 0.65546875 0.021875 0.040625
0 0.54375 0.63671875 0.0203125 0.0359375
0 0.265625 0.80234375 0.065625 0.0796875
0 0.90546875 0.53828125 0.028125 0.04375
0 0.49765625 0.6421875 0.01875 0.0390625
0 0.4703125 0.65703125 0.01875 0.028125
0 0.571875 0.62734375 0.015625 0.021875
0 0.759375 0.63828125 0.01875 0.028125