0 0.30078125 0.7734375 0.0671875 0.125
0 0.23046875 0.85234375 0.1109375 0.2
0 0.72734375 0.6484375 0.046875 0.078125
0 0.85859375 0.65625 0.0265625 0.0515625
0 0.60703125 0.65078125 0.034375 0.0703125
0 0.41953125 0.64609375 0.0296875 0.0484375
0 0.759375 0.5296875 0.0265625 0.0421875
0 0.98671875 0.51640625 0.0265625 0.1484375
0 0.37578125 0.60625 0.021875 0.0390625
0 0.55703125 0.59140625 0.01875 0.0296875
0 0.63359375 0.58203125 0.015625 0.03125
0 0.47578125 0.6140625 0.025 0.034375
0 0.5765625 0.590625 0.0171875 0.034375
0 0.53125 0.61640625 0.01875 0.034375