0 0.42890625 0.628125 0.02890625 0.05078125
0 0.9171875 0.58046875 0.02578125 0.0484375
0 0.30078125 0.82109375 0.09609375 0.1765625
0 0.60078125 0.63671875 0.02890625 0.06171875
0 0.72109375 0.63671875 0.04296875 0.07109375
0 0.7375 0.52421875 0.02734375 0.04609375
0 0.39765625 0.59375 0.01953125 0.034375
0 0.29375 0.53359375 0.02265625 0.03671875
0 0.4953125 0.596875 0.01640625 0.03046875
0 0.58671875 0.5921875 0.01328125 0.03671875
0 0.55859375 0.57890625 0.01796875 0.025
0 0.5375 0.6015625 0.01328125 0.021875
0 0.31640625 0.728125 0.0640625 0.07578125