0 0.7140625 0.63984375 0.04140625 0.0703125
0 0.28203125 0.825 0.09765625 0.178125
0 0.90546875 0.39453125 0.12734375 0.23828125
0 0.60625 0.64140625 0.03203125 0.06171875
0 0.3109375 0.74453125 0.0609375 0.109375
0 0.43203125 0.6265625 0.028125 0.04921875
0 0.39140625 0.59453125 0.02109375 0.0359375
0 0.48359375 0.6 0.025 0.03359375
0 0.77890625 0.58125 0.021875 0.03125
0 0.84609375 0.5125 0.03671875 0.06015625
0 0.56015625 0.57890625 0.01796875 0.0265625
0 0.6234375 0.5796875 0.01640625 0.03359375
0 0.59140625 0.58203125 0.0140625 0.03046875
0 0.5359375 0.6046875 0.01640625 0.03125