0 0.78359375 0.5078125 0.0296875 0.0453125
0 0.42734375 0.640625 0.0296875 0.053125
0 0.29296875 0.83671875 0.1046875 0.1875
0 0.72109375 0.64140625 0.040625 0.0703125
0 0.5953125 0.6578125 0.0296875 0.0546875
0 0.75546875 0.51640625 0.0265625 0.0453125
0 0.91640625 0.5859375 0.028125 0.0484375
0 0.4890625 0.6046875 0.01875 0.0359375
0 0.3890625 0.60859375 0.0203125 0.0296875
0 0.584375 0.59921875 0.0140625 0.0390625
0 0.55703125 0.5890625 0.01875 0.0234375
0 0.5359375 0.61328125 0.0140625 0.034375
0 0.30859375 0.73828125 0.0703125 0.078125