0 0.73515625 0.66171875 0.0453125 0.071875
0 0.28984375 0.828125 0.109375 0.184375
0 0.44375 0.65390625 0.03125 0.0484375
0 0.31875 0.74453125 0.0671875 0.0984375
0 0.09140625 0.51953125 0.06875 0.0859375
0 0.61796875 0.65859375 0.0328125 0.0640625
0 0.5484375 0.6125 0.01875 0.0359375
0 0.49609375 0.61328125 0.0265625 0.0375
0 0.40625 0.60546875 0.0234375 0.034375
0 0.80234375 0.609375 0.0203125 0.025
0 0.83359375 0.6625 0.0296875 0.065625
0 0.5890625 0.6078125 0.0171875 0.0375
0 0.63515625 0.59453125 0.01875 0.0375
0 0.6015625 0.59921875 0.0171875 0.03125
0 0.915625 0.61171875 0.028125 0.0515625