0 0.715625 0.6390625 0.04140625 0.06796875
0 0.2609375 0.8265625 0.1 0.1859375
0 0.3109375 0.75234375 0.06015625 0.125
0 0.6359375 0.64296875 0.03671875 0.06796875
0 0.43046875 0.63046875 0.02734375 0.046875
0 0.39453125 0.59375 0.0203125 0.034375
0 0.484375 0.59921875 0.0234375 0.03125
0 0.53515625 0.60390625 0.015625 0.03046875
0 0.5671875 0.58515625 0.02109375 0.028125
0 0.64375 0.54140625 0.03203125 0.07109375
0 0.88515625 0.58125 0.0171875 0.040625
0 0.77890625 0.58359375 0.025 0.03671875
0 0.58828125 0.58125 0.01484375 0.0359375