0 0.2625 0.828125 0.0984375 0.18359375
0 0.71640625 0.6375 0.040625 0.07109375
0 0.64375 0.64921875 0.03515625 0.0703125
0 0.28203125 0.54296875 0.03046875 0.05546875
0 0.3109375 0.74609375 0.06015625 0.11171875
0 0.4 0.59453125 0.02109375 0.034375
0 0.43203125 0.6375 0.02734375 0.046875
0 0.6328125 0.57109375 0.01484375 0.02890625
0 0.56640625 0.58203125 0.01796875 0.028125
0 0.48203125 0.60234375 0.025 0.0359375
0 0.53515625 0.60546875 0.015625 0.0296875
0 0.590625 0.58046875 0.01328125 0.03125
0 0.77890625 0.5828125 0.02265625 0.03828125
0 0.8859375 0.5859375 0.021875 0.03828125