0 0.71015625 0.640625 0.0390625 0.07578125
0 0.63046875 0.63671875 0.03125 0.06328125
0 0.3015625 0.81953125 0.09609375 0.175
0 0.95390625 0.45703125 0.09140625 0.19453125
0 0.43046875 0.63046875 0.02734375 0.0453125
0 0.49296875 0.59921875 0.02578125 0.03671875
0 0.834375 0.50625 0.02734375 0.0390625
0 0.3984375 0.59453125 0.0203125 0.03359375
0 0.6328125 0.56953125 0.0140625 0.02578125
0 0.5546875 0.58046875 0.0171875 0.02109375
0 0.5890625 0.58125 0.01328125 0.03046875
0 0.5375 0.603125 0.015625 0.02890625
0 0.3125 0.72421875 0.06640625 0.07734375
0 0.7640625 0.58515625 0.02109375 0.0359375