0 0.2921875 0.81953125 0.09921875 0.1796875
0 0.80234375 0.65 0.02421875 0.05390625
0 0.71328125 0.64140625 0.04140625 0.0703125
0 0.184375 0.5140625 0.0515625 0.06796875
0 0.3203125 0.7359375 0.0609375 0.09375
0 0.43515625 0.64140625 0.02734375 0.046875
0 0.6140625 0.640625 0.02890625 0.05625
0 0.484375 0.60234375 0.02421875 0.034375
0 0.3984375 0.5984375 0.02109375 0.03125
0 0.890625 0.57890625 0.02109375 0.03125
0 0.778125 0.5890625 0.02109375 0.021875
0 0.534375 0.59921875 0.01640625 0.03203125
0 0.5734375 0.59375 0.01484375 0.034375
0 0.58515625 0.584375 0.0140625 0.03046875
0 0.61640625 0.5796875 0.01640625 0.03515625