0 0.2953125 0.8171875 0.10234375 0.1859375
0 0.71328125 0.640625 0.03984375 0.06875
0 0.6234375 0.6359375 0.03203125 0.059375
0 0.565625 0.5984375 0.02109375 0.03828125
0 0.79453125 0.6703125 0.03515625 0.05390625
0 0.43359375 0.63984375 0.02421875 0.04453125
0 0.8953125 0.57890625 0.028125 0.04609375
0 0.39921875 0.5953125 0.021875 0.03359375
0 0.31796875 0.728125 0.06015625 0.075
0 0.4875 0.60078125 0.0265625 0.03359375
0 0.61640625 0.578125 0.01640625 0.03515625
0 0.53515625 0.60078125 0.01640625 0.03125
0 0.76171875 0.58203125 0.01328125 0.02890625
0 0.5875 0.5875 0.0140625 0.03046875