0 0.74453125 0.6140625 0.046875 0.0796875
0 0.665625 0.62734375 0.046875 0.078125
0 0.2703125 0.834375 0.1125 0.1984375
0 0.31953125 0.74765625 0.0671875 0.1296875
0 0.4078125 0.57890625 0.0234375 0.0375
0 0.25859375 0.52109375 0.0359375 0.0578125
0 0.44296875 0.6234375 0.0296875 0.0515625
0 0.8140625 0.553125 0.0265625 0.0421875
0 0.65703125 0.5453125 0.0171875 0.0296875
0 0.5875 0.5609375 0.0234375 0.0328125
0 0.496875 0.5828125 0.0296875 0.040625
0 0.92890625 0.54609375 0.0234375 0.0328125
0 0.5546875 0.58515625 0.01875 0.0328125
0 0.61015625 0.55 0.015625 0.0203125