0 0.7296875 0.58125 0.059375 0.0828125
0 0.34296875 0.8859375 0.1484375 0.2140625
0 0.4265625 0.65625 0.04375 0.05625
0 0.3875 0.6171875 0.03125 0.0421875
0 0.61953125 0.61484375 0.04375 0.0640625
0 0.48515625 0.60078125 0.034375 0.0453125
0 0.79921875 0.43203125 0.0421875 0.0609375
0 0.62890625 0.52421875 0.0234375 0.0328125
0 0.54921875 0.56328125 0.025 0.03125
0 0.52890625 0.59453125 0.0265625 0.040625
0 0.92265625 0.47578125 0.040625 0.0609375
0 0.57265625 0.56328125 0.025 0.0328125
0 0.33125 0.775 0.0921875 0.1015625
0 0.75546875 0.5140625 0.03125 0.0453125