0 0.234375 0.765625 0.1453125 0.2078125
0 0.70078125 0.66953125 0.0578125 0.0828125
0 0.57734375 0.6484375 0.0421875 0.059375
0 0.40546875 0.596875 0.0390625 0.053125
0 0.38125 0.5578125 0.028125 0.040625
0 0.32578125 0.4984375 0.0546875 0.084375
0 0.55078125 0.5796875 0.025 0.034375
0 0.4796875 0.5828125 0.0296875 0.040625
0 0.2734375 0.66953125 0.0734375 0.08125
0 0.88828125 0.56796875 0.0328125 0.0453125
0 0.57734375 0.58359375 0.021875 0.0328125
0 0.49296875 0.53125 0.0234375 0.0390625
0 0.740625 0.62578125 0.0234375 0.0359375