0 0.3 0.81171875 0.09765625 0.17421875
0 0.79453125 0.44375 0.09296875 0.15078125
0 0.5984375 0.6421875 0.03046875 0.06171875
0 0.4328125 0.6375 0.0265625 0.04921875
0 0.71015625 0.640625 0.03359375 0.06796875
0 0.3953125 0.596875 0.01953125 0.03515625
0 0.48828125 0.60078125 0.01875 0.03515625
0 0.56796875 0.59921875 0.021875 0.03671875
0 0.61640625 0.57578125 0.0171875 0.03671875
0 0.53515625 0.6015625 0.015625 0.03203125
0 0.58203125 0.58515625 0.01484375 0.03515625
0 0.315625 0.72265625 0.06875 0.0703125