0 0.26328125 0.8234375 0.09921875 0.18203125
0 0.7203125 0.6375 0.03984375 0.0734375
0 0.31171875 0.746875 0.06171875 0.1140625
0 0.84765625 0.64296875 0.02734375 0.053125
0 0.61015625 0.64140625 0.02890625 0.05859375
0 0.43046875 0.634375 0.02734375 0.046875
0 0.39609375 0.59375 0.01953125 0.034375
0 0.75 0.52109375 0.02578125 0.03828125
0 0.48203125 0.6 0.02265625 0.03515625
0 0.56015625 0.58046875 0.01796875 0.02578125
0 0.5359375 0.6046875 0.015625 0.0296875
0 0.58671875 0.5765625 0.01328125 0.0234375
0 0.62578125 0.5765625 0.015625 0.0296875