0 0.30078125 0.81640625 0.096875 0.1765625
0 0.725 0.625 0.04140625 0.07578125
0 0.6 0.6359375 0.03046875 0.05546875
0 0.428125 0.621875 0.0296875 0.04921875
0 0.26328125 0.55 0.04375 0.07578125
0 0.396875 0.5890625 0.0203125 0.03515625
0 0.5640625 0.571875 0.01796875 0.03125
0 0.31796875 0.71875 0.05859375 0.0703125
0 0.8828125 0.4859375 0.02421875 0.03828125
0 0.52265625 0.57734375 0.01640625 0.034375
0 0.49921875 0.590625 0.015625 0.025
0 0.58828125 0.5640625 0.01328125 0.01953125
0 0.75390625 0.5734375 0.01640625 0.025