0 0.29765625 0.8125 0.09765625 0.175
0 0.7140625 0.64140625 0.04296875 0.0703125
0 0.60546875 0.64140625 0.03671875 0.06328125
0 0.80078125 0.67109375 0.0390625 0.053125
0 0.32109375 0.734375 0.0578125 0.0890625
0 0.43203125 0.62890625 0.028125 0.04921875
0 0.48359375 0.60234375 0.025 0.034375
0 0.3984375 0.596875 0.02109375 0.03125
0 0.77734375 0.58828125 0.01953125 0.025
0 0.26328125 0.5390625 0.05 0.08515625
0 0.88984375 0.5796875 0.02265625 0.03359375
0 0.5765625 0.59453125 0.02265625 0.03515625
0 0.53359375 0.59921875 0.01640625 0.03046875
0 0.61875 0.5765625 0.01484375 0.0296875
0 0.5890625 0.584375 0.01640625 0.03671875