0 0.253125 0.81171875 0.128125 0.1984375
0 0.721875 0.68359375 0.05625 0.0859375
0 0.58984375 0.675 0.040625 0.0625
0 0.415625 0.63203125 0.0390625 0.05625
0 0.2578125 0.53125 0.0578125 0.0859375
0 0.3890625 0.59296875 0.0265625 0.0390625
0 0.56328125 0.603125 0.0234375 0.0359375
0 0.28671875 0.7140625 0.071875 0.0828125
0 0.90703125 0.56640625 0.03125 0.04375
0 0.52109375 0.6015625 0.021875 0.0375
0 0.49453125 0.61171875 0.0203125 0.028125
0 0.590625 0.59921875 0.0171875 0.021875
0 0.759375 0.63515625 0.0203125 0.028125