0 0.74140625 0.66015625 0.059375 0.0890625
0 0.240625 0.77734375 0.1421875 0.215625
0 0.86875 0.55 0.0421875 0.0671875
0 0.50078125 0.571875 0.0328125 0.04375
0 0.61328125 0.64375 0.040625 0.0640625
0 0.3953125 0.546875 0.0296875 0.04375
0 0.41875 0.6015625 0.0375 0.0546875
0 0.575 0.56796875 0.025 0.0328125
0 0.65859375 0.5703125 0.0203125 0.0328125
0 0.96796875 0.63046875 0.028125 0.0328125
0 0.6078125 0.57578125 0.021875 0.0359375
0 0.8015625 0.61328125 0.0265625 0.0375
0 0.5484375 0.5875 0.021875 0.0328125
0 0.965625 0.64453125 0.0390625 0.0609375
0 0.28203125 0.66875 0.090625 0.1046875