0 0.30234375 0.81953125 0.10390625 0.18515625
0 0.7265625 0.62578125 0.04140625 0.0734375
0 0.60390625 0.63203125 0.0296875 0.05390625
0 0.428125 0.62109375 0.02890625 0.046875
0 0.396875 0.58828125 0.0203125 0.0359375
0 0.33125 0.54453125 0.03828125 0.07578125
0 0.56328125 0.57265625 0.01796875 0.03046875
0 0.4953125 0.59140625 0.02265625 0.0359375
0 0.31796875 0.71953125 0.05859375 0.06875
0 0.8828125 0.48671875 0.02421875 0.03984375
0 0.58984375 0.56953125 0.01484375 0.02890625
0 0.49765625 0.5390625 0.015625 0.03515625
0 0.7546875 0.575 0.01640625 0.0328125