0 0.1546875 0.76796875 0.153125 0.2140625
0 0.64453125 0.70546875 0.065625 0.0875
0 0.52890625 0.67421875 0.05625 0.078125
0 0.728125 0.7609375 0.05625 0.0671875
0 0.2015625 0.6921875 0.0859375 0.1109375
0 0.34921875 0.61171875 0.04375 0.0609375
0 0.4125 0.5984375 0.0359375 0.04375
0 0.3234375 0.56796875 0.03125 0.0390625
0 0.728125 0.6671875 0.028125 0.0328125
0 0.1953125 0.46796875 0.0765625 0.1046875
0 0.8484375 0.68984375 0.034375 0.0421875
0 0.5125 0.615625 0.0328125 0.04375
0 0.465625 0.609375 0.0265625 0.0375
0 0.5625 0.61015625 0.025 0.0359375
0 0.52890625 0.609375 0.028125 0.04375