0 0.7515625 0.5828125 0.0578125 0.0921875
0 0.31171875 0.85703125 0.1359375 0.2171875
0 0.61875 0.61015625 0.0390625 0.0640625
0 0.3859375 0.58359375 0.028125 0.0421875
0 0.43125 0.61484375 0.0390625 0.0578125
0 0.4953125 0.5734375 0.03125 0.0421875
0 0.64609375 0.51953125 0.0203125 0.03125
0 0.5640625 0.54609375 0.025 0.034375
0 0.884375 0.409375 0.0375 0.05
0 0.96796875 0.490625 0.0359375 0.0546875
0 0.8 0.52421875 0.021875 0.0265625
0 0.546875 0.5734375 0.0203125 0.034375
0 0.59921875 0.54296875 0.0203125 0.034375
0 0.31875 0.73984375 0.0890625 0.1