0 0.7140625 0.63828125 0.03984375 0.06953125
0 0.2921875 0.8265625 0.09765625 0.17890625
0 0.77578125 0.51640625 0.02734375 0.04375
0 0.60703125 0.6390625 0.03046875 0.06015625
0 0.43671875 0.63359375 0.028125 0.0609375
0 0.3203125 0.7359375 0.05859375 0.08984375
0 0.496875 0.59765625 0.0203125 0.03203125
0 0.38984375 0.5953125 0.01953125 0.0390625
0 0.89375 0.496875 0.02421875 0.03828125
0 0.5609375 0.578125 0.01796875 0.028125
0 0.53359375 0.603125 0.01640625 0.034375
0 0.58359375 0.59140625 0.01484375 0.03515625