0 0.26328125 0.82421875 0.09765625 0.18359375
0 0.8515625 0.63828125 0.0265625 0.0515625
0 0.31171875 0.746875 0.06015625 0.11484375
0 0.72109375 0.6359375 0.04140625 0.0703125
0 0.75390625 0.52578125 0.02578125 0.03671875
0 0.609375 0.64140625 0.028125 0.059375
0 0.4328125 0.6390625 0.02578125 0.04453125
0 0.48203125 0.59921875 0.021875 0.03359375
0 0.39609375 0.59375 0.0203125 0.034375
0 0.559375 0.5796875 0.01796875 0.02578125
0 0.5359375 0.6046875 0.01640625 0.0296875
0 0.628125 0.57421875 0.01640625 0.0265625
0 0.5859375 0.575 0.01484375 0.021875