0 0.71015625 0.64375 0.0390625 0.0765625
0 0.6296875 0.63984375 0.03125 0.0625
0 0.29921875 0.8234375 0.096875 0.175
0 0.95390625 0.45859375 0.0921875 0.1953125
0 0.42890625 0.6328125 0.028125 0.0453125
0 0.4921875 0.6015625 0.025 0.0375
0 0.83515625 0.50859375 0.028125 0.0390625
0 0.396875 0.596875 0.0203125 0.034375
0 0.6328125 0.571875 0.0140625 0.025
0 0.55390625 0.58203125 0.0171875 0.021875
0 0.58828125 0.58359375 0.0125 0.03125
0 0.53671875 0.60546875 0.015625 0.028125
0 0.3109375 0.72734375 0.065625 0.078125
0 0.76484375 0.5875 0.021875 0.0359375