0 0.7140625 0.640625 0.03984375 0.06796875
0 0.2953125 0.8140625 0.0984375 0.1734375
0 0.4359375 0.64296875 0.02734375 0.0453125
0 0.3203125 0.73359375 0.0609375 0.09140625
0 0.09609375 0.5265625 0.0625 0.08046875
0 0.6015625 0.64140625 0.0296875 0.059375
0 0.534375 0.6 0.01640625 0.03359375
0 0.484375 0.60234375 0.02421875 0.034375
0 0.3984375 0.59765625 0.02109375 0.03203125
0 0.7765625 0.58828125 0.01796875 0.0234375
0 0.8078125 0.63828125 0.02734375 0.06171875
0 0.57265625 0.59453125 0.01484375 0.03515625
0 0.61640625 0.58046875 0.01640625 0.0359375
0 0.584375 0.58515625 0.01484375 0.0296875
0 0.884375 0.58671875 0.02421875 0.0484375