0 0.2921875 0.803125 0.1109375 0.178125
0 0.7125 0.640625 0.0390625 0.06640625
0 0.43203125 0.63828125 0.02578125 0.0484375
0 0.82734375 0.43125 0.1 0.14375
0 0.60078125 0.64375 0.0296875 0.0546875
0 0.48515625 0.60078125 0.025 0.03515625
0 0.3953125 0.59453125 0.01953125 0.03203125
0 0.53359375 0.59921875 0.01640625 0.03125
0 0.56953125 0.59609375 0.01953125 0.034375
0 0.584375 0.58359375 0.0171875 0.02890625
0 0.62890625 0.57578125 0.01640625 0.03203125
0 0.91796875 0.584375 0.02578125 0.04609375