0 0.725 0.63046875 0.04140625 0.071875
0 0.3109375 0.8140625 0.10625 0.1796875
0 0.603125 0.6390625 0.02734375 0.053125
0 0.428125 0.62578125 0.02890625 0.0484375
0 0.7640625 0.50703125 0.02890625 0.04921875
0 0.56015625 0.57890625 0.01953125 0.0296875
0 0.39609375 0.59609375 0.01875 0.03671875
0 0.87890625 0.49921875 0.02265625 0.034375
0 0.49609375 0.59609375 0.015625 0.02578125
0 0.5890625 0.5765625 0.0140625 0.02890625
0 0.384375 0.54609375 0.01640625 0.03515625
0 0.3171875 0.71875 0.06015625 0.0546875