0 0.5953125 0.63984375 0.0484375 0.075
0 0.33203125 0.903125 0.1515625 0.19375
0 0.415625 0.67421875 0.0453125 0.0609375
0 0.7265625 0.60625 0.0609375 0.0828125
0 0.37265625 0.64609375 0.0296875 0.0421875
0 0.76640625 0.47421875 0.040625 0.0546875
0 0.23046875 0.61484375 0.028125 0.0375
0 0.5421875 0.5875 0.025 0.0328125
0 0.51796875 0.61875 0.028125 0.0421875
0 0.57421875 0.5859375 0.025 0.0375
0 0.928125 0.49453125 0.0390625 0.059375
0 0.48671875 0.625 0.025 0.0359375
0 0.32109375 0.8078125 0.1 0.109375