0 0.2921875 0.8515625 0.1203125 0.1953125
0 0.8671875 0.59609375 0.0328125 0.05625
0 0.73671875 0.61015625 0.0515625 0.0796875
0 0.440625 0.6359375 0.034375 0.05
0 0.6234375 0.62421875 0.0359375 0.0640625
0 0.40390625 0.6 0.0265625 0.0359375
0 0.75390625 0.4859375 0.0296875 0.0453125
0 0.48984375 0.59765625 0.028125 0.0359375
0 0.63046875 0.55625 0.01875 0.0296875
0 0.54453125 0.59609375 0.0203125 0.0328125
0 0.5671875 0.56953125 0.0203125 0.03125
0 0.59609375 0.56953125 0.01875 0.0359375
0 0.33046875 0.76640625 0.0734375 0.128125