0 0.2953125 0.8140625 0.1 0.17578125
0 0.71640625 0.63984375 0.0421875 0.0703125
0 0.43671875 0.63203125 0.02578125 0.046875
0 0.74375 0.5109375 0.02578125 0.046875
0 0.4921875 0.59921875 0.02265625 0.03515625
0 0.39453125 0.59296875 0.01953125 0.0359375
0 0.83671875 0.5046875 0.02265625 0.03515625
0 0.59609375 0.65078125 0.028125 0.053125
0 0.89609375 0.578125 0.021875 0.03984375
0 0.55703125 0.58203125 0.01796875 0.02578125
0 0.58671875 0.584375 0.01484375 0.021875
0 0.315625 0.725 0.06953125 0.0859375
0 0.53359375 0.6 0.0171875 0.03671875