0 0.30390625 0.875 0.121875 0.2109375
0 0.7515625 0.63671875 0.0484375 0.08125
0 0.43046875 0.653125 0.0359375 0.059375
0 0.39375 0.609375 0.025 0.0421875
0 0.62734375 0.646875 0.0359375 0.0640625
0 0.571875 0.58359375 0.021875 0.0296875
0 0.5453125 0.609375 0.021875 0.0375
0 0.85703125 0.4890625 0.034375 0.0609375
0 0.6578125 0.55390625 0.0171875 0.03125
0 0.9671875 0.56328125 0.034375 0.0609375
0 0.49921875 0.61015625 0.03125 0.04375
0 0.59609375 0.58125 0.0171875 0.03125
0 0.31484375 0.75703125 0.08125 0.0953125
0 0.7828125 0.56875 0.0234375 0.0453125