0 0.71953125 0.60625 0.053125 0.0828125
0 0.28984375 0.86015625 0.1234375 0.203125
0 0.79921875 0.4625 0.0328125 0.05
0 0.6 0.6296875 0.0359375 0.0640625
0 0.40390625 0.64140625 0.0359375 0.05625
0 0.36796875 0.60078125 0.025 0.040625
0 0.471875 0.5953125 0.0296875 0.0421875
0 0.6203125 0.5390625 0.01875 0.0265625
0 0.51484375 0.59609375 0.021875 0.0390625
0 0.92109375 0.53203125 0.0296875 0.053125
0 0.5390625 0.56796875 0.021875 0.0296875
0 0.75625 0.546875 0.0203125 0.028125
0 0.5671875 0.57265625 0.01875 0.0296875
0 0.29375 0.7484375 0.0796875 0.090625