0 0.21796875 0.78984375 0.1234375 0.196875
0 0.70390625 0.6671875 0.05625 0.0796875
0 0.27734375 0.72109375 0.0765625 0.125
0 0.83125 0.68984375 0.0328125 0.053125
0 0.3859375 0.57734375 0.025 0.0375
0 0.578125 0.6625 0.034375 0.05625
0 0.46953125 0.596875 0.0265625 0.0390625
0 0.7515625 0.56171875 0.03125 0.040625
0 0.4140625 0.62890625 0.034375 0.05
0 0.55078125 0.5875 0.021875 0.0296875
0 0.6140625 0.59140625 0.01875 0.0296875
0 0.57734375 0.59375 0.01875 0.0375
0 0.521875 0.609375 0.021875 0.0328125