0 0.36484375 0.8796875 0.140625 0.2171875
0 0.78046875 0.6 0.05625 0.0828125
0 0.465625 0.6484375 0.0421875 0.0625
0 0.42578125 0.61015625 0.028125 0.04375
0 0.65859375 0.62265625 0.040625 0.065625
0 0.5984375 0.565625 0.0234375 0.03125
0 0.57421875 0.59453125 0.025 0.0390625
0 0.86875 0.44375 0.0390625 0.0625
0 0.6796875 0.528125 0.0203125 0.0328125
0 0.98203125 0.5046875 0.0359375 0.0625
0 0.52890625 0.60078125 0.034375 0.0453125
0 0.62109375 0.5609375 0.0203125 0.03125
0 0.36328125 0.76328125 0.0890625 0.1
0 0.80390625 0.5296875 0.028125 0.046875