0 0.30078125 0.8625 0.1140625 0.1890625
0 0.33203125 0.77578125 0.065625 0.1171875
0 0.74453125 0.65390625 0.0453125 0.0703125
0 0.80546875 0.596875 0.0203125 0.0328125
0 0.6421875 0.6609375 0.0296875 0.0609375
0 0.44375 0.65234375 0.0296875 0.05
0 0.50234375 0.62421875 0.0234375 0.0375
0 0.953125 0.4046875 0.09375 0.1796875
0 0.8046875 0.67890625 0.0296875 0.0484375
0 0.4015625 0.61640625 0.021875 0.040625
0 0.59609375 0.6125 0.0234375 0.0375
0 0.55390625 0.62265625 0.0171875 0.034375
0 0.63828125 0.59921875 0.0171875 0.0375
0 0.60546875 0.6 0.015625 0.0328125