0 0.26953125 0.828125 0.1125 0.1921875
0 0.7140625 0.66640625 0.05 0.071875
0 0.41171875 0.640625 0.0328125 0.0515625
0 0.6015625 0.66328125 0.0328125 0.0578125
0 0.3828125 0.59609375 0.0234375 0.0375
0 0.5515625 0.59609375 0.0203125 0.028125
0 0.48671875 0.60859375 0.021875 0.03125
0 0.2875 0.72578125 0.0625 0.065625
0 0.85546875 0.534375 0.0328125 0.046875
0 0.5234375 0.61640625 0.0203125 0.0359375
0 0.66171875 0.54609375 0.015625 0.0375
0 0.9171875 0.62890625 0.0328125 0.0578125
0 0.58125 0.59765625 0.015625 0.03125
0 0.7515625 0.60625 0.01875 0.0265625