0 0.72109375 0.63671875 0.04296875 0.06796875
0 0.29765625 0.8265625 0.09765625 0.18203125
0 0.428125 0.63046875 0.0296875 0.0484375
0 0.60625 0.640625 0.028125 0.05625
0 0.8046875 0.59296875 0.025 0.046875
0 0.39296875 0.59296875 0.02109375 0.03671875
0 0.91875 0.584375 0.02578125 0.053125
0 0.53046875 0.60234375 0.01640625 0.0359375
0 0.55625 0.58203125 0.01953125 0.02578125
0 0.58984375 0.58359375 0.01484375 0.03125
0 0.50390625 0.52578125 0.01484375 0.02578125
0 0.75703125 0.584375 0.0171875 0.025
0 0.3171875 0.7265625 0.06953125 0.08671875