0 0.2984375 0.8765625 0.1421875 0.2125
0 0.728125 0.60703125 0.0609375 0.084375
0 0.62109375 0.6296875 0.05 0.071875
0 0.821875 0.62578125 0.05 0.0640625
0 0.41484375 0.6625 0.0359375 0.0515625
0 0.36953125 0.61875 0.03125 0.0421875
0 0.30859375 0.78515625 0.0828125 0.1046875
0 0.5625 0.58359375 0.03125 0.04375
0 0.46640625 0.6078125 0.034375 0.04375
0 0.52109375 0.59765625 0.025 0.0390625
0 0.76875 0.52734375 0.025 0.04375
0 0.60546875 0.55859375 0.025 0.040625
0 0.90859375 0.50546875 0.0328125 0.0421875
0 0.57421875 0.56796875 0.0203125 0.0359375