0 0.2109375 0.796875 0.1296875 0.20625
0 0.6921875 0.665625 0.0546875 0.078125
0 0.59921875 0.65234375 0.040625 0.059375
0 0.96015625 0.47734375 0.0796875 0.2203125
0 0.4015625 0.61875 0.034375 0.053125
0 0.55859375 0.59453125 0.0265625 0.040625
0 0.36640625 0.5734375 0.025 0.0375
0 0.25546875 0.7171875 0.078125 0.1203125
0 0.45703125 0.5921875 0.03125 0.040625
0 0.51328125 0.60078125 0.0203125 0.034375
0 0.615625 0.584375 0.01875 0.0296875
0 0.75390625 0.57265625 0.0359375 0.065625
0 0.5734375 0.58984375 0.0203125 0.0421875