0 0.83125 0.45625 0.1234375 0.1765625
0 0.23828125 0.80546875 0.11875 0.19375
0 0.28984375 0.73046875 0.0734375 0.121875
0 0.60078125 0.6546875 0.034375 0.0625
0 0.9546875 0.4890625 0.090625 0.221875
0 0.69296875 0.665625 0.04375 0.071875
0 0.41484375 0.6296875 0.03125 0.0484375
0 0.56484375 0.60390625 0.0234375 0.0390625
0 0.38125 0.58828125 0.0234375 0.0359375
0 0.46875 0.603125 0.028125 0.0359375
0 0.75 0.575 0.0359375 0.059375
0 0.61171875 0.58984375 0.01875 0.028125
0 0.52265625 0.6109375 0.0203125 0.0359375