0 0.2078125 0.82578125 0.125 0.203125
0 0.921875 0.4671875 0.1265625 0.171875
0 0.6859375 0.68828125 0.0515625 0.078125
0 0.590625 0.67421875 0.04375 0.0703125
0 0.36015625 0.60234375 0.025 0.0375
0 0.55078125 0.61875 0.025 0.0390625
0 0.39140625 0.64765625 0.034375 0.0515625
0 0.25234375 0.7484375 0.0765625 0.125
0 0.45 0.61953125 0.028125 0.040625
0 0.503125 0.62734375 0.021875 0.0375
0 0.71953125 0.58203125 0.03125 0.06875
0 0.60703125 0.60859375 0.01875 0.0296875
0 0.5625 0.61484375 0.015625 0.0421875
0 0.75859375 0.64296875 0.034375 0.05