0 0.26875 0.771875 0.0796875 0.134375
0 0.2015625 0.859375 0.128125 0.2140625
0 0.703125 0.61171875 0.053125 0.084375
0 0.83984375 0.61015625 0.03125 0.0546875
0 0.57890625 0.62265625 0.040625 0.075
0 0.38359375 0.63203125 0.034375 0.053125
0 0.728125 0.48671875 0.03125 0.0453125
0 0.971875 0.45546875 0.05625 0.1578125
0 0.33515625 0.59375 0.0265625 0.0421875
0 0.521875 0.56484375 0.021875 0.03125
0 0.60078125 0.54921875 0.01875 0.0328125
0 0.43828125 0.59375 0.028125 0.0375
0 0.54140625 0.56328125 0.01875 0.0375
0 0.49609375 0.59296875 0.021875 0.0375