0 0.3203125 0.83828125 0.1140625 0.184375
0 0.62734375 0.65703125 0.04375 0.0609375
0 0.76484375 0.6421875 0.0453125 0.0734375
0 0.44765625 0.6421875 0.03125 0.0515625
0 0.415625 0.609375 0.021875 0.0375
0 0.125 0.5453125 0.0609375 0.090625
0 0.5921875 0.58671875 0.01875 0.0328125
0 0.33125 0.74765625 0.065625 0.0734375
0 0.60859375 0.58984375 0.015625 0.0359375
0 0.93125 0.48984375 0.025 0.040625
0 0.52109375 0.55234375 0.0171875 0.0359375
0 0.796875 0.58828125 0.0171875 0.021875
0 0.52265625 0.61015625 0.015625 0.0328125