0 0.17578125 0.73125 0.1578125 0.221875
0 0.65859375 0.6640625 0.0609375 0.0828125
0 0.56640625 0.634375 0.05 0.0703125
0 0.5171875 0.57890625 0.0328125 0.0453125
0 0.73359375 0.7171875 0.0515625 0.065625
0 0.36875 0.58515625 0.0375 0.053125
0 0.8640625 0.65 0.0421875 0.05625
0 0.3453125 0.5296875 0.03125 0.040625
0 0.22421875 0.64453125 0.0828125 0.09375
0 0.43515625 0.559375 0.0359375 0.0421875
0 0.575 0.571875 0.0265625 0.040625
0 0.484375 0.57265625 0.0265625 0.0375
0 0.72421875 0.615625 0.021875 0.0328125
0 0.54296875 0.57421875 0.0234375 0.0359375