0 0.24375 0.90625 0.115625 0.1875
0 0.821875 0.71328125 0.028125 0.0609375
0 0.7203125 0.70546875 0.0484375 0.08125
0 0.11484375 0.57109375 0.059375 0.078125
0 0.2734375 0.8203125 0.071875 0.1078125
0 0.403125 0.71015625 0.0328125 0.0546875
0 0.6078125 0.70625 0.034375 0.065625
0 0.45859375 0.66484375 0.028125 0.0390625
0 0.3609375 0.66171875 0.0234375 0.0359375
0 0.9203125 0.63046875 0.025 0.0359375
0 0.79296875 0.64375 0.025 0.025
0 0.515625 0.6609375 0.01875 0.0375
0 0.559375 0.65390625 0.0171875 0.0390625
0 0.57265625 0.64296875 0.0171875 0.0359375
0 0.60859375 0.63671875 0.01875 0.040625