0 0.28359375 0.865625 0.1109375 0.2078125
0 0.95 0.6546875 0.03125 0.059375
0 0.33828125 0.778125 0.06875 0.13125
0 0.80234375 0.65234375 0.046875 0.0796875
0 0.8390625 0.52734375 0.0296875 0.0421875
0 0.67578125 0.65859375 0.03125 0.0671875
0 0.47578125 0.65546875 0.0296875 0.05
0 0.53203125 0.61015625 0.025 0.0375
0 0.434375 0.6046875 0.021875 0.0390625
0 0.61953125 0.58828125 0.0203125 0.0296875
0 0.59296875 0.61640625 0.01875 0.034375
0 0.696875 0.5828125 0.01875 0.03125
0 0.65 0.5828125 0.0171875 0.025