0 0.2796875 0.825 0.0984375 0.18359375
0 0.7140625 0.6390625 0.0421875 0.06875
0 0.625 0.63828125 0.03125 0.0515625
0 0.9578125 0.4265625 0.0828125 0.20078125
0 0.434375 0.6328125 0.0265625 0.046875
0 0.57890625 0.5890625 0.01953125 0.0359375
0 0.39609375 0.59453125 0.0203125 0.03203125
0 0.3109375 0.74453125 0.06015625 0.10703125
0 0.48359375 0.60078125 0.025 0.03515625
0 0.5375 0.60078125 0.015625 0.03125
0 0.63203125 0.571875 0.01484375 0.02578125
0 0.759375 0.54296875 0.02578125 0.05859375
0 0.5921875 0.5828125 0.0140625 0.0375