0 0.75703125 0.628125 0.04375 0.07109375
0 0.72109375 0.5234375 0.028125 0.03828125
0 0.2953125 0.825 0.09765625 0.1796875
0 0.59921875 0.640625 0.02890625 0.06015625
0 0.4609375 0.63125 0.0296875 0.05078125
0 0.39296875 0.596875 0.02109375 0.03515625
0 0.88125 0.50234375 0.0234375 0.03203125
0 0.5546875 0.58046875 0.01796875 0.02421875
0 0.496875 0.59609375 0.015625 0.02890625
0 0.53515625 0.60390625 0.01640625 0.03515625
0 0.58984375 0.5953125 0.01484375 0.0359375
0 0.31796875 0.7265625 0.0609375 0.0828125