0 0.72265625 0.63359375 0.04140625 0.0734375
0 0.296875 0.828125 0.096875 0.18125
0 0.8109375 0.50703125 0.02578125 0.04453125
0 0.609375 0.64375 0.028125 0.05703125
0 0.42578125 0.63515625 0.02890625 0.05
0 0.3953125 0.59375 0.0203125 0.0359375
0 0.49296875 0.59921875 0.0234375 0.03671875
0 0.63671875 0.56171875 0.01484375 0.0234375
0 0.53359375 0.60390625 0.01796875 0.03515625
0 0.91875 0.584375 0.02265625 0.0484375
0 0.55859375 0.58046875 0.01796875 0.02578125
0 0.76328125 0.58203125 0.01640625 0.025
0 0.584375 0.5875 0.015625 0.0265625
0 0.31171875 0.72421875 0.0671875 0.078125