0 0.1875 0.81953125 0.1328125 0.215625
0 0.68125 0.66171875 0.0546875 0.084375
0 0.11015625 0.50078125 0.0609375 0.090625
0 0.53828125 0.6546875 0.0453125 0.0625
0 0.35234375 0.61953125 0.0375 0.0578125
0 0.51015625 0.58046875 0.025 0.0375
0 0.32265625 0.578125 0.0265625 0.040625
0 0.45546875 0.5390625 0.0234375 0.040625
0 0.54140625 0.58359375 0.021875 0.0296875
0 0.875 0.5296875 0.03125 0.046875
0 0.7203125 0.60703125 0.021875 0.03125
0 0.21640625 0.7109375 0.0765625 0.0859375
0 0.4359375 0.5921875 0.0234375 0.034375