0 0.09014423076923077 0.5348557692307693 0.08413461538461539 0.13221153846153846
0 0.18389423076923078 0.5324519230769231 0.04567307692307692 0.08653846153846154
0 0.2704326923076923 0.5384615384615384 0.11778846153846154 0.17307692307692307
0 0.41947115384615385 0.5228365384615384 0.040865384615384616 0.0673076923076923
0 0.3954326923076923 0.5060096153846154 0.026442307692307692 0.05048076923076923
0 0.4483173076923077 0.5264423076923077 0.03365384615384615 0.04326923076923077
0 0.5877403846153846 0.5300480769230769 0.1201923076923077 0.17067307692307693
0 0.6754807692307693 0.5324519230769231 0.057692307692307696 0.08653846153846154
0 0.7475961538461539 0.5168269230769231 0.038461538461538464 0.0625
0 0.8221153846153846 0.5204326923076923 0.052884615384615384 0.08173076923076923
0 0.9074519230769231 0.5588942307692307 0.10096153846153846 0.1875