0 0.055288461538461536 0.33533653846153844 0.09134615384615384 0.15144230769230768
0 0.16826923076923078 0.37259615384615385 0.0673076923076923 0.11057692307692307
0 0.20673076923076922 0.4110576923076923 0.019230769230769232 0.052884615384615384
0 0.21875 0.4050480769230769 0.019230769230769232 0.05048076923076923
0 0.23798076923076922 0.43990384615384615 0.03365384615384615 0.052884615384615384
0 0.328125 0.41225961538461536 0.06490384615384616 0.0985576923076923
0 0.3713942307692308 0.3942307692307692 0.04567307692307692 0.08653846153846154
0 0.421875 0.4026442307692308 0.04567307692307692 0.08173076923076923
0 0.46274038461538464 0.41225961538461536 0.03365384615384615 0.0673076923076923
0 0.5168269230769231 0.4182692307692308 0.038461538461538464 0.0625
0 0.49158653846153844 0.4326923076923077 0.02403846153846154 0.04326923076923077
0 0.5600961538461539 0.45072115384615385 0.019230769230769232 0.04326923076923077
0 0.59375 0.4206730769230769 0.03365384615384615 0.0625
0 0.6225961538461539 0.44471153846153844 0.019230769230769232 0.03365384615384615
0 0.640625 0.44591346153846156 0.02403846153846154 0.04567307692307692
0 0.6754807692307693 0.4483173076923077 0.03365384615384615 0.04326923076923077
0 0.7115384615384616 0.44591346153846156 0.02403846153846154 0.040865384615384616
0 0.7391826923076923 0.4495192307692308 0.019230769230769232 0.04326923076923077
0 0.7608173076923077 0.4483173076923077 0.02403846153846154 0.038461538461538464