0 0.125 0.5661057692307693 0.0625 0.08173076923076923
0 0.1814903846153846 0.6165865384615384 0.0673076923076923 0.10096153846153846
0 0.35096153846153844 0.6189903846153846 0.0673076923076923 0.11057692307692307
0 0.46153846153846156 0.6382211538461539 0.0625 0.09615384615384616
0 0.5649038461538461 0.6286057692307693 0.0625 0.08173076923076923
0 0.6778846153846154 0.625 0.0673076923076923 0.08653846153846154
0 0.021634615384615384 0.5757211538461539 0.04326923076923077 0.08173076923076923
0 0.039663461538461536 0.5228365384615384 0.057692307692307696 0.07451923076923077
0 0.09254807692307693 0.49399038461538464 0.04567307692307692 0.057692307692307696
0 0.12139423076923077 0.4987980769230769 0.03365384615384615 0.052884615384615384
0 0.11538461538461539 0.4567307692307692 0.04807692307692308 0.052884615384615384
0 0.171875 0.4375 0.04326923076923077 0.057692307692307696
0 0.19110576923076922 0.4387019230769231 0.028846153846153848 0.052884615384615384
0 0.20072115384615385 0.42908653846153844 0.021634615384615384 0.04807692307692308
0 0.23677884615384615 0.4170673076923077 0.02403846153846154 0.04326923076923077
0 0.2536057692307692 0.4266826923076923 0.021634615384615384 0.036057692307692304
0 0.25600961538461536 0.3605769230769231 0.02403846153846154 0.04807692307692308
0 0.48197115384615385 0.3112980769230769 0.02403846153846154 0.038461538461538464
0 0.8100961538461539 0.6538461538461539 0.0625 0.10576923076923077
0 0.875 0.6177884615384616 0.057692307692307696 0.08173076923076923
0 0.9122596153846154 0.6346153846153846 0.06490384615384616 0.09615384615384616
0 0.9675480769230769 0.5889423076923077 0.05048076923076923 0.07692307692307693
0 0.9266826923076923 0.5456730769230769 0.055288461538461536 0.07211538461538461
0 0.8774038461538461 0.5288461538461539 0.04326923076923077 0.0673076923076923
0 0.8461538461538461 0.5144230769230769 0.052884615384615384 0.0673076923076923
0 0.7932692307692307 0.5072115384615384 0.038461538461538464 0.04326923076923077
0 0.7704326923076923 0.47115384615384615 0.038461538461538464 0.04807692307692308
0 0.7415865384615384 0.45552884615384615 0.028846153846153848 0.04326923076923077
0 0.7007211538461539 0.44350961538461536 0.021634615384615384 0.038461538461538464
0 0.7211538461538461 0.43028846153846156 0.02403846153846154 0.038461538461538464