0 0.027644230769230768 0.6706730769230769 0.055288461538461536 0.10576923076923077
0 0.020432692307692308 0.5901442307692307 0.040865384615384616 0.06971153846153846
0 0.078125 0.6213942307692307 0.04807692307692308 0.07211538461538461
0 0.056490384615384616 0.5925480769230769 0.03125 0.057692307692307696
0 0.14543269230769232 0.6033653846153846 0.038461538461538464 0.0625
0 0.16466346153846154 0.5889423076923077 0.021634615384615384 0.04807692307692308
0 0.39663461538461536 0.5372596153846154 0.028846153846153848 0.055288461538461536
0 0.3942307692307692 0.5829326923076923 0.03365384615384615 0.06009615384615385
0 0.4362980769230769 0.6045673076923077 0.040865384615384616 0.08173076923076923
0 0.4735576923076923 0.6454326923076923 0.057692307692307696 0.08413461538461539
0 0.49399038461538464 0.5673076923076923 0.03365384615384615 0.04807692307692308
0 0.4735576923076923 0.4651442307692308 0.02403846153846154 0.036057692307692304
0 0.5552884615384616 0.6021634615384616 0.04326923076923077 0.06971153846153846
0 0.5733173076923077 0.6995192307692307 0.08653846153846154 0.14423076923076922
0 0.625 0.6514423076923077 0.057692307692307696 0.09134615384615384
0 0.6586538461538461 0.5564903846153846 0.028846153846153848 0.04326923076923077
0 0.6862980769230769 0.5733173076923077 0.028846153846153848 0.04326923076923077
0 0.7115384615384616 0.5564903846153846 0.02403846153846154 0.038461538461538464
0 0.7704326923076923 0.8149038461538461 0.13942307692307693 0.23076923076923078
0 0.7692307692307693 0.6887019230769231 0.07692307692307693 0.12259615384615384
0 0.7716346153846154 0.5973557692307693 0.04807692307692308 0.07692307692307693
0 0.7860576923076923 0.5685096153846154 0.03365384615384615 0.055288461538461536
0 0.8605769230769231 0.5540865384615384 0.038461538461538464 0.05048076923076923
0 0.8725961538461539 0.625 0.052884615384615384 0.08653846153846154
0 0.8954326923076923 0.5372596153846154 0.03125 0.04807692307692308
0 0.9206730769230769 0.5649038461538461 0.03365384615384615 0.052884615384615384
0 0.9483173076923077 0.6141826923076923 0.052884615384615384 0.08173076923076923