0 0.15985576923076922 0.38100961538461536 0.028846153846153848 0.040865384615384616
0 0.1935096153846154 0.3786057692307692 0.028846153846153848 0.052884615384615384
0 0.25 0.36538461538461536 0.02403846153846154 0.038461538461538464
0 0.27403846153846156 0.38100961538461536 0.038461538461538464 0.0625
0 0.31971153846153844 0.3894230769230769 0.03365384615384615 0.052884615384615384
0 0.34375 0.3870192307692308 0.028846153846153848 0.052884615384615384
0 0.4170673076923077 0.3894230769230769 0.040865384615384616 0.0673076923076923
0 0.4362980769230769 0.36538461538461536 0.026442307692307692 0.04807692307692308
0 0.4651442307692308 0.3942307692307692 0.028846153846153848 0.04807692307692308
0 0.5132211538461539 0.38221153846153844 0.021634615384615384 0.03365384615384615
0 0.5300480769230769 0.3894230769230769 0.02403846153846154 0.04326923076923077
0 0.5829326923076923 0.40625 0.028846153846153848 0.04807692307692308
0 0.609375 0.421875 0.04807692307692308 0.07932692307692307
0 0.6526442307692307 0.3798076923076923 0.021634615384615384 0.052884615384615384
0 0.7163461538461539 0.37740384615384615 0.03365384615384615 0.057692307692307696
0 0.7439903846153846 0.3894230769230769 0.03125 0.04807692307692308
0 0.7644230769230769 0.3942307692307692 0.038461538461538464 0.0625
0 0.7836538461538461 0.4026442307692308 0.028846153846153848 0.040865384615384616
0 0.8473557692307693 0.42788461538461536 0.057692307692307696 0.09615384615384616
0 0.8834134615384616 0.39903846153846156 0.040865384615384616 0.07692307692307693
0 0.9050480769230769 0.4110576923076923 0.026442307692307692 0.052884615384615384
0 0.9423076923076923 0.39663461538461536 0.019230769230769232 0.03365384615384615