0 0.9242788461538461 0.4206730769230769 0.026442307692307692 0.052884615384615384
0 0.9134615384615384 0.41466346153846156 0.028846153846153848 0.06490384615384616
0 0.8762019230769231 0.4014423076923077 0.026442307692307692 0.04326923076923077
0 0.8353365384615384 0.40384615384615385 0.026442307692307692 0.052884615384615384
0 0.8197115384615384 0.38461538461538464 0.019230769230769232 0.038461538461538464
0 0.8137019230769231 0.3641826923076923 0.019230769230769232 0.04567307692307692
0 0.7632211538461539 0.5276442307692307 0.07692307692307693 0.14182692307692307
0 0.7055288461538461 0.5588942307692307 0.0625 0.14182692307692307
0 0.5721153846153846 0.609375 0.10576923076923077 0.20673076923076922
0 0.5336538461538461 0.4699519230769231 0.04807692307692308 0.08173076923076923
0 0.625 0.4831730769230769 0.038461538461538464 0.07692307692307693
0 0.7403846153846154 0.46153846153846156 0.038461538461538464 0.0673076923076923
0 0.7103365384615384 0.4266826923076923 0.03365384615384615 0.06009615384615385
0 0.7151442307692307 0.3713942307692308 0.02403846153846154 0.04807692307692308
0 0.6959134615384616 0.4050480769230769 0.021634615384615384 0.040865384615384616
0 0.6778846153846154 0.39663461538461536 0.019230769230769232 0.04326923076923077
0 0.6682692307692307 0.3786057692307692 0.019230769230769232 0.038461538461538464
0 0.6478365384615384 0.40024038461538464 0.02403846153846154 0.055288461538461536
0 0.6177884615384616 0.4206730769230769 0.03365384615384615 0.0625
0 0.5985576923076923 0.4098557692307692 0.02403846153846154 0.05048076923076923
0 0.6237980769230769 0.3737980769230769 0.019230769230769232 0.038461538461538464
0 0.5853365384615384 0.3016826923076923 0.016826923076923076 0.03365384615384615
0 0.5709134615384616 0.41586538461538464 0.03125 0.057692307692307696
0 0.5877403846153846 0.38341346153846156 0.014423076923076924 0.036057692307692304
0 0.5745192307692307 0.3858173076923077 0.014423076923076924 0.03365384615384615
0 0.5396634615384616 0.3798076923076923 0.016826923076923076 0.038461538461538464
0 0.5504807692307693 0.3701923076923077 0.014423076923076924 0.028846153846153848
0 0.5048076923076923 0.41586538461538464 0.028846153846153848 0.0625
0 0.5204326923076923 0.38100961538461536 0.019230769230769232 0.036057692307692304
0 0.5036057692307693 0.3798076923076923 0.016826923076923076 0.038461538461538464
0 0.4855769230769231 0.3870192307692308 0.02403846153846154 0.04326923076923077
0 0.47596153846153844 0.4110576923076923 0.02403846153846154 0.052884615384615384
0 0.4579326923076923 0.38341346153846156 0.021634615384615384 0.03365384615384615
0 0.43990384615384615 0.38341346153846156 0.019230769230769232 0.05048076923076923
0 0.41466346153846156 0.3713942307692308 0.019230769230769232 0.03365384615384615
0 0.41346153846153844 0.41346153846153844 0.019230769230769232 0.04807692307692308
0 0.3870192307692308 0.42427884615384615 0.02403846153846154 0.0673076923076923
0 0.38461538461538464 0.375 0.019230769230769232 0.038461538461538464
0 0.3701923076923077 0.4050480769230769 0.028846153846153848 0.04807692307692308
0 0.36538461538461536 0.453125 0.038461538461538464 0.055288461538461536
0 0.3317307692307692 0.42427884615384615 0.028846153846153848 0.0673076923076923
0 0.35096153846153844 0.3858173076923077 0.019230769230769232 0.04807692307692308
0 0.2920673076923077 0.3942307692307692 0.026442307692307692 0.04807692307692308
0 0.28125 0.46634615384615385 0.038461538461538464 0.057692307692307696
0 0.26322115384615385 0.40625 0.03125 0.052884615384615384
0 0.21875 0.41586538461538464 0.03365384615384615 0.052884615384615384
0 0.19831730769230768 0.5985576923076923 0.0985576923076923 0.14903846153846154
0 0.04447115384615385 0.4266826923076923 0.038461538461538464 0.07451923076923077
0 0.013221153846153846 0.43509615384615385 0.026442307692307692 0.08173076923076923