0 0.16947115384615385 0.4951923076923077 0.05048076923076923 0.10096153846153846
0 0.27403846153846156 0.2644230769230769 0.019230769230769232 0.038461538461538464
0 0.34375 0.24639423076923078 0.02403846153846154 0.036057692307692304
0 0.375 0.2644230769230769 0.02403846153846154 0.04807692307692308
0 0.35096153846153844 0.19951923076923078 0.019230769230769232 0.03365384615384615
0 0.3786057692307692 0.19951923076923078 0.016826923076923076 0.04326923076923077
0 0.3942307692307692 0.21754807692307693 0.019230769230769232 0.038461538461538464
0 0.42788461538461536 0.22355769230769232 0.02403846153846154 0.052884615384615384
0 0.40384615384615385 0.18028846153846154 0.019230769230769232 0.03365384615384615
0 0.44591346153846156 0.1875 0.019230769230769232 0.038461538461538464
0 0.46033653846153844 0.18028846153846154 0.016826923076923076 0.038461538461538464
0 0.4879807692307692 0.18028846153846154 0.019230769230769232 0.04326923076923077
0 0.4651442307692308 0.15384615384615385 0.016826923076923076 0.028846153846153848
0 0.44350961538461536 0.1502403846153846 0.016826923076923076 0.03365384615384615
0 0.5360576923076923 0.19591346153846154 0.02403846153846154 0.040865384615384616
0 0.5552884615384616 0.18509615384615385 0.014423076923076924 0.03365384615384615
0 0.5012019230769231 0.125 0.01201923076923077 0.02403846153846154
0 0.5240384615384616 0.12620192307692307 0.019230769230769232 0.03365384615384615
0 0.5588942307692307 0.1045673076923077 0.016826923076923076 0.026442307692307692
0 0.5588942307692307 0.13581730769230768 0.014423076923076924 0.028846153846153848
0 0.5757211538461539 0.140625 0.014423076923076924 0.036057692307692304
0 0.578125 0.1201923076923077 0.016826923076923076 0.028846153846153848
0 0.6069711538461539 0.1502403846153846 0.016826923076923076 0.036057692307692304
0 0.6430288461538461 0.13942307692307693 0.016826923076923076 0.028846153846153848
0 0.6550480769230769 0.16826923076923078 0.019230769230769232 0.038461538461538464
0 0.640625 0.15745192307692307 0.016826923076923076 0.028846153846153848
0 0.5492788461538461 0.2608173076923077 0.02403846153846154 0.04807692307692308
0 0.5276442307692307 0.3293269230769231 0.03365384615384615 0.07211538461538461
0 0.47836538461538464 0.3125 0.03365384615384615 0.0673076923076923
0 0.5997596153846154 0.2668269230769231 0.028846153846153848 0.04807692307692308
0 0.6514423076923077 0.21153846153846154 0.019230769230769232 0.04807692307692308
0 0.6959134615384616 0.16826923076923078 0.016826923076923076 0.04807692307692308
0 0.7211538461538461 0.1814903846153846 0.02403846153846154 0.052884615384615384
0 0.6971153846153846 0.2800480769230769 0.028846153846153848 0.06490384615384616
0 0.6646634615384616 0.3485576923076923 0.03365384615384615 0.07692307692307693
0 0.7463942307692307 0.33653846153846156 0.03365384615384615 0.07692307692307693
0 0.7860576923076923 0.4026442307692308 0.038461538461538464 0.0889423076923077
0 0.7379807692307693 0.22716346153846154 0.02403846153846154 0.052884615384615384
0 0.7704326923076923 0.203125 0.02403846153846154 0.04326923076923077
0 0.7848557692307693 0.27283653846153844 0.026442307692307692 0.055288461538461536
0 0.8016826923076923 0.24158653846153846 0.021634615384615384 0.04807692307692308
0 0.828125 0.3125 0.028846153846153848 0.07211538461538461
0 0.8557692307692307 0.2608173076923077 0.02403846153846154 0.05048076923076923
0 0.8858173076923077 0.40865384615384615 0.04326923076923077 0.08653846153846154
0 0.9002403846153846 0.31971153846153844 0.028846153846153848 0.0625
0 0.9074519230769231 0.2764423076923077 0.021634615384615384 0.052884615384615384
0 0.7884615384615384 0.13221153846153846 0.009615384615384616 0.03365384615384615
0 0.8233173076923077 0.140625 0.014423076923076924 0.036057692307692304
0 0.8341346153846154 0.12860576923076922 0.014423076923076924 0.03125
0 0.8521634615384616 0.15264423076923078 0.016826923076923076 0.03365384615384615
0 0.8605769230769231 0.12860576923076922 0.009615384615384616 0.028846153846153848
0 0.8942307692307693 0.14302884615384615 0.019230769230769232 0.028846153846153848
0 0.9206730769230769 0.15504807692307693 0.014423076923076924 0.028846153846153848