0 0.13942307692307693 0.5625 0.04807692307692308 0.08653846153846154
0 0.234375 0.3389423076923077 0.019230769230769232 0.03365384615384615
0 0.2644230769230769 0.3449519230769231 0.019230769230769232 0.04326923076923077
0 0.28966346153846156 0.3713942307692308 0.021634615384615384 0.04567307692307692
0 0.2932692307692308 0.30649038461538464 0.019230769230769232 0.038461538461538464
0 0.33653846153846156 0.3713942307692308 0.02403846153846154 0.04807692307692308
0 0.3581730769230769 0.32572115384615385 0.019230769230769232 0.038461538461538464
0 0.36177884615384615 0.29447115384615385 0.016826923076923076 0.03125
0 0.39302884615384615 0.33774038461538464 0.02403846153846154 0.04326923076923077
0 0.4182692307692308 0.33413461538461536 0.02403846153846154 0.04326923076923077
0 0.41346153846153844 0.2980769230769231 0.019230769230769232 0.03365384615384615
0 0.40625 0.2620192307692308 0.014423076923076924 0.038461538461538464
0 0.44350961538461536 0.30649038461538464 0.016826923076923076 0.036057692307692304
0 0.45552884615384615 0.33533653846153844 0.016826923076923076 0.040865384615384616
0 0.4795673076923077 0.3076923076923077 0.021634615384615384 0.04326923076923077
0 0.43990384615384615 0.27403846153846156 0.014423076923076924 0.028846153846153848
0 0.43149038461538464 0.2608173076923077 0.019230769230769232 0.038461538461538464
0 0.4675480769230769 0.2512019230769231 0.019230769230769232 0.03125
0 0.47596153846153844 0.23677884615384615 0.014423076923076924 0.02403846153846154
0 0.48197115384615385 0.265625 0.016826923076923076 0.028846153846153848
0 0.4987980769230769 0.26322115384615385 0.014423076923076924 0.03125
0 0.515625 0.25961538461538464 0.016826923076923076 0.03365384615384615
0 0.5300480769230769 0.2764423076923077 0.019230769230769232 0.03365384615384615
0 0.5300480769230769 0.2439903846153846 0.01201923076923077 0.03125
0 0.5504807692307693 0.24879807692307693 0.014423076923076924 0.036057692307692304
0 0.5637019230769231 0.28725961538461536 0.019230769230769232 0.036057692307692304
0 0.5841346153846154 0.25961538461538464 0.014423076923076924 0.03365384615384615
0 0.5769230769230769 0.22115384615384615 0.009615384615384616 0.019230769230769232
0 0.59375 0.23918269230769232 0.014423076923076924 0.02403846153846154
0 0.6081730769230769 0.25 0.014423076923076924 0.03365384615384615
0 0.6129807692307693 0.21995192307692307 0.014423076923076924 0.026442307692307692
0 0.6213942307692307 0.203125 0.01201923076923077 0.02403846153846154
0 0.6334134615384616 0.21634615384615385 0.01201923076923077 0.02403846153846154
0 0.6490384615384616 0.2247596153846154 0.009615384615384616 0.021634615384615384
0 0.6526442307692307 0.24879807692307693 0.016826923076923076 0.028846153846153848
0 0.6862980769230769 0.23197115384615385 0.014423076923076924 0.028846153846153848
0 0.6971153846153846 0.2247596153846154 0.019230769230769232 0.03125
0 0.6778846153846154 0.20793269230769232 0.014423076923076924 0.028846153846153848
0 0.49759615384615385 0.3858173076923077 0.03365384615384615 0.057692307692307696
0 0.5132211538461539 0.3245192307692308 0.026442307692307692 0.04326923076923077
0 0.5408653846153846 0.3581730769230769 0.028846153846153848 0.0625
0 0.5588942307692307 0.4074519230769231 0.03125 0.055288461538461536
0 0.5997596153846154 0.3786057692307692 0.028846153846153848 0.0625
0 0.6105769230769231 0.3317307692307692 0.028846153846153848 0.04807692307692308
0 0.6502403846153846 0.30288461538461536 0.021634615384615384 0.038461538461538464
0 0.6586538461538461 0.3425480769230769 0.028846153846153848 0.04567307692307692
0 0.6442307692307693 0.46875 0.038461538461538464 0.07211538461538461
0 0.5997596153846154 0.453125 0.03125 0.07692307692307693
0 0.7127403846153846 0.5516826923076923 0.04567307692307692 0.07451923076923077
0 0.6754807692307693 0.38341346153846156 0.028846153846153848 0.06009615384615385
0 0.7019230769230769 0.3701923076923077 0.02403846153846154 0.052884615384615384
0 0.7391826923076923 0.40865384615384615 0.036057692307692304 0.057692307692307696
0 0.7055288461538461 0.3016826923076923 0.021634615384615384 0.040865384615384616
0 0.6778846153846154 0.2764423076923077 0.019230769230769232 0.038461538461538464
0 0.71875 0.25240384615384615 0.014423076923076924 0.03365384615384615
0 0.71875 0.29927884615384615 0.019230769230769232 0.038461538461538464
0 0.7415865384615384 0.25721153846153844 0.016826923076923076 0.038461538461538464
0 0.7487980769230769 0.23918269230769232 0.01201923076923077 0.028846153846153848
0 0.7596153846153846 0.23076923076923078 0.014423076923076924 0.03365384615384615
0 0.7836538461538461 0.27403846153846156 0.019230769230769232 0.03365384615384615
0 0.7944711538461539 0.2403846153846154 0.019230769230769232 0.038461538461538464
0 0.8233173076923077 0.24639423076923078 0.014423076923076924 0.03125
0 0.828125 0.27283653846153844 0.01201923076923077 0.028846153846153848
0 0.8257211538461539 0.3076923076923077 0.019230769230769232 0.038461538461538464
0 0.8209134615384616 0.3581730769230769 0.026442307692307692 0.052884615384615384
0 0.8004807692307693 0.42908653846153844 0.03365384615384615 0.06490384615384616
0 0.8449519230769231 0.5120192307692307 0.038461538461538464 0.08173076923076923
0 0.859375 0.4543269230769231 0.03365384615384615 0.07211538461538461
0 0.9399038461538461 0.4735576923076923 0.04326923076923077 0.07211538461538461
0 0.9278846153846154 0.39783653846153844 0.02403846153846154 0.05048076923076923
0 0.8737980769230769 0.37740384615384615 0.02403846153846154 0.057692307692307696
0 0.8834134615384616 0.3425480769230769 0.021634615384615384 0.052884615384615384
0 0.859375 0.3137019230769231 0.02403846153846154 0.04807692307692308
0 0.8617788461538461 0.27283653846153844 0.014423076923076924 0.03365384615384615
0 0.8581730769230769 0.2548076923076923 0.014423076923076924 0.028846153846153848
0 0.8894230769230769 0.25721153846153844 0.019230769230769232 0.03365384615384615
0 0.8701923076923077 0.27403846153846156 0.014423076923076924 0.038461538461538464
0 0.9086538461538461 0.27524038461538464 0.019230769230769232 0.036057692307692304
0 0.9026442307692307 0.32091346153846156 0.021634615384615384 0.04326923076923077
0 0.9242788461538461 0.30528846153846156 0.016826923076923076 0.03365384615384615
0 0.9447115384615384 0.35697115384615385 0.019230769230769232 0.04326923076923077
0 0.9471153846153846 0.3088942307692308 0.019230769230769232 0.03125
0 0.9555288461538461 0.2764423076923077 0.016826923076923076 0.03365384615384615