0 0.36658653846153844 0.43028846153846156 0.04567307692307692 0.1201923076923077
0 0.3425480769230769 0.3473557692307692 0.036057692307692304 0.08173076923076923
0 0.36899038461538464 0.35336538461538464 0.021634615384615384 0.052884615384615384
0 0.3894230769230769 0.33774038461538464 0.019230769230769232 0.040865384615384616
0 0.4699519230769231 0.3269230769230769 0.021634615384615384 0.04326923076923077
0 0.5288461538461539 0.34134615384615385 0.02403846153846154 0.04807692307692308
0 0.5588942307692307 0.3473557692307692 0.021634615384615384 0.06009615384615385
0 0.5733173076923077 0.35096153846153844 0.021634615384615384 0.057692307692307696
0 0.6153846153846154 0.3605769230769231 0.02403846153846154 0.057692307692307696
0 0.6286057692307693 0.38822115384615385 0.02403846153846154 0.0625
0 0.6466346153846154 0.3701923076923077 0.02403846153846154 0.0673076923076923
0 0.7283653846153846 0.45072115384615385 0.0673076923076923 0.15384615384615385
0 0.7524038461538461 0.4014423076923077 0.04326923076923077 0.10096153846153846