0 0.0985576923076923 0.4170673076923077 0.08173076923076923 0.1201923076923077
0 0.21033653846153846 0.12860576923076922 0.057692307692307696 0.0985576923076923
0 0.29447115384615385 0.3161057692307692 0.06490384615384616 0.10576923076923077
0 0.3942307692307692 0.30288461538461536 0.0625 0.07692307692307693
0 0.39783653846153844 0.25600961538461536 0.052884615384615384 0.0673076923076923
0 0.5120192307692307 0.2439903846153846 0.04807692307692308 0.08173076923076923
0 0.47716346153846156 0.45913461538461536 0.0673076923076923 0.125
0 0.5228365384615384 0.38221153846153844 0.057692307692307696 0.11057692307692307
0 0.6201923076923077 0.33413461538461536 0.0673076923076923 0.08653846153846154
0 0.6730769230769231 0.2956730769230769 0.057692307692307696 0.09615384615384616
0 0.8846153846153846 0.48677884615384615 0.08653846153846154 0.15384615384615385
0 0.9495192307692307 0.3545673076923077 0.057692307692307696 0.0985576923076923