0 0.16346153846153846 0.3858173076923077 0.04807692307692308 0.11298076923076923
0 0.37740384615384615 0.44711538461538464 0.0673076923076923 0.1346153846153846
0 0.36177884615384615 0.23076923076923078 0.026442307692307692 0.052884615384615384
0 0.40865384615384615 0.18990384615384615 0.019230769230769232 0.04326923076923077
0 0.42788461538461536 0.1971153846153846 0.019230769230769232 0.04807692307692308
0 0.4519230769230769 0.1971153846153846 0.019230769230769232 0.052884615384615384
0 0.4699519230769231 0.22115384615384615 0.021634615384615384 0.04807692307692308
0 0.44350961538461536 0.24879807692307693 0.02403846153846154 0.04807692307692308
0 0.4483173076923077 0.08533653846153846 0.016826923076923076 0.040865384615384616
0 0.5901442307692307 0.1971153846153846 0.021634615384615384 0.04807692307692308
0 0.640625 0.21754807692307693 0.02403846153846154 0.052884615384615384
0 0.5961538461538461 0.09375 0.014423076923076924 0.028846153846153848
0 0.640625 0.09254807692307693 0.014423076923076924 0.028846153846153848
0 0.6670673076923077 0.10216346153846154 0.014423076923076924 0.02403846153846154