0 0.04927884615384615 0.4543269230769231 0.09375 0.34134615384615385
0 0.17908653846153846 0.38461538461538464 0.10817307692307693 0.18269230769230768
0 0.11298076923076923 0.32211538461538464 0.052884615384615384 0.10096153846153846
0 0.1622596153846154 0.2824519230769231 0.04807692307692308 0.06971153846153846
0 0.23317307692307693 0.3004807692307692 0.07211538461538461 0.11057692307692307
0 0.2932692307692308 0.3545673076923077 0.0673076923076923 0.14182692307692307
0 0.31009615384615385 0.25841346153846156 0.03365384615384615 0.07932692307692307
0 0.3737980769230769 0.3088942307692308 0.057692307692307696 0.09134615384615384
0 0.46033653846153844 0.28725961538461536 0.057692307692307696 0.1201923076923077
0 0.5721153846153846 0.21634615384615385 0.08653846153846154 0.16346153846153846
0 0.7307692307692307 0.296875 0.07211538461538461 0.1466346153846154
0 0.8629807692307693 0.3293269230769231 0.125 0.23076923076923078