0 0.07091346153846154 0.30528846153846156 0.028846153846153848 0.057692307692307696
0 0.32091346153846156 0.22956730769230768 0.019230769230769232 0.038461538461538464
0 0.35216346153846156 0.18269230769230768 0.021634615384615384 0.038461538461538464
0 0.35336538461538464 0.20793269230769232 0.014423076923076924 0.036057692307692304
0 0.41466346153846156 0.20192307692307693 0.019230769230769232 0.038461538461538464
0 0.42427884615384615 0.1778846153846154 0.014423076923076924 0.028846153846153848
0 0.4170673076923077 0.16466346153846154 0.014423076923076924 0.03125
0 0.4483173076923077 0.21394230769230768 0.021634615384615384 0.04326923076923077
0 0.4735576923076923 0.22956730769230768 0.02403846153846154 0.04807692307692308
0 0.4807692307692308 0.18028846153846154 0.019230769230769232 0.03365384615384615
0 0.4639423076923077 0.1622596153846154 0.014423076923076924 0.03365384615384615
0 0.4483173076923077 0.16105769230769232 0.016826923076923076 0.02403846153846154
0 0.44591346153846156 0.18269230769230768 0.019230769230769232 0.03365384615384615
0 0.47115384615384615 0.13822115384615385 0.014423076923076924 0.026442307692307692
0 0.49759615384615385 0.15865384615384615 0.014423076923076924 0.03365384615384615
0 0.5024038461538461 0.14182692307692307 0.014423076923076924 0.02403846153846154
0 0.5072115384615384 0.12259615384615384 0.014423076923076924 0.02403846153846154
0 0.5168269230769231 0.16706730769230768 0.014423076923076924 0.036057692307692304
0 0.5252403846153846 0.12980769230769232 0.016826923076923076 0.028846153846153848
0 0.5408653846153846 0.12980769230769232 0.014423076923076924 0.028846153846153848
0 0.5444711538461539 0.14302884615384615 0.01201923076923077 0.026442307692307692
0 0.5516826923076923 0.16706730769230768 0.019230769230769232 0.036057692307692304
0 0.5600961538461539 0.20072115384615385 0.019230769230769232 0.04326923076923077
0 0.5853365384615384 0.18028846153846154 0.021634615384615384 0.03365384615384615
0 0.5949519230769231 0.15264423076923078 0.019230769230769232 0.038461538461538464
0 0.5865384615384616 0.11177884615384616 0.009615384615384616 0.03125
0 0.6045673076923077 0.1346153846153846 0.014423076923076924 0.03365384615384615
0 0.6274038461538461 0.14903846153846154 0.014423076923076924 0.028846153846153848
0 0.6189903846153846 0.11057692307692307 0.01201923076923077 0.028846153846153848
0 0.6310096153846154 0.11899038461538461 0.01201923076923077 0.03125
0 0.640625 0.13221153846153846 0.009615384615384616 0.028846153846153848
0 0.6454326923076923 0.14903846153846154 0.014423076923076924 0.019230769230769232
0 0.6454326923076923 0.10817307692307693 0.009615384615384616 0.02403846153846154
0 0.6658653846153846 0.11778846153846154 0.014423076923076924 0.028846153846153848
0 0.6790865384615384 0.12379807692307693 0.01201923076923077 0.02403846153846154
0 0.6899038461538461 0.11899038461538461 0.014423076923076924 0.03125
0 0.7055288461538461 0.1310096153846154 0.014423076923076924 0.03125
0 0.5889423076923077 0.23918269230769232 0.02403846153846154 0.04807692307692308
0 0.5264423076923077 0.29447115384615385 0.02403846153846154 0.057692307692307696
0 0.5925480769230769 0.28966346153846156 0.028846153846153848 0.0625
0 0.625 0.2956730769230769 0.03365384615384615 0.07211538461538461
0 0.6298076923076923 0.21875 0.02403846153846154 0.04326923076923077
0 0.6322115384615384 0.24759615384615385 0.02403846153846154 0.04807692307692308
0 0.6694711538461539 0.21754807692307693 0.026442307692307692 0.04807692307692308
0 0.6622596153846154 0.18629807692307693 0.021634615384615384 0.04326923076923077
0 0.6646634615384616 0.2764423076923077 0.02403846153846154 0.04807692307692308
0 0.6754807692307693 0.3293269230769231 0.03365384615384615 0.07211538461538461
0 0.7355769230769231 0.33653846153846156 0.038461538461538464 0.0673076923076923
0 0.8052884615384616 0.3076923076923077 0.028846153846153848 0.0673076923076923
0 0.8341346153846154 0.3449519230769231 0.03365384615384615 0.06490384615384616
0 0.8569711538461539 0.30528846153846156 0.028846153846153848 0.057692307692307696
0 0.890625 0.39302884615384615 0.028846153846153848 0.07451923076923077
0 0.9074519230769231 0.3245192307692308 0.02403846153846154 0.0625
0 0.859375 0.23918269230769232 0.02403846153846154 0.04326923076923077
0 0.8846153846153846 0.2403846153846154 0.019230769230769232 0.04807692307692308
0 0.9375 0.28846153846153844 0.028846153846153848 0.04326923076923077
0 0.9350961538461539 0.24158653846153846 0.019230769230769232 0.038461538461538464
0 0.9435096153846154 0.2091346153846154 0.014423076923076924 0.03365384615384615
0 0.9399038461538461 0.17668269230769232 0.014423076923076924 0.036057692307692304
0 0.8942307692307693 0.19951923076923078 0.019230769230769232 0.038461538461538464
0 0.9038461538461539 0.16346153846153846 0.019230769230769232 0.038461538461538464
0 0.8665865384615384 0.18870192307692307 0.016826923076923076 0.03125
0 0.8521634615384616 0.20432692307692307 0.014423076923076924 0.02403846153846154
0 0.8305288461538461 0.18629807692307693 0.021634615384615384 0.04326923076923077
0 0.8449519230769231 0.15865384615384615 0.019230769230769232 0.038461538461538464
0 0.8112980769230769 0.20673076923076922 0.021634615384615384 0.04326923076923077
0 0.7728365384615384 0.22716346153846154 0.028846153846153848 0.04567307692307692
0 0.71875 0.22596153846153846 0.02403846153846154 0.04807692307692308
0 0.7043269230769231 0.20432692307692307 0.019230769230769232 0.04326923076923077
0 0.6995192307692307 0.18028846153846154 0.014423076923076924 0.03365384615384615
0 0.71875 0.17307692307692307 0.014423076923076924 0.02403846153846154
0 0.7487980769230769 0.1346153846153846 0.01201923076923077 0.038461538461538464
0 0.7560096153846154 0.16105769230769232 0.016826923076923076 0.03365384615384615
0 0.7391826923076923 0.18629807692307693 0.021634615384615384 0.04326923076923077
0 0.7776442307692307 0.18870192307692307 0.021634615384615384 0.038461538461538464
0 0.7980769230769231 0.16826923076923078 0.014423076923076924 0.03365384615384615
0 0.7824519230769231 0.14302884615384615 0.01201923076923077 0.03365384615384615
0 0.7632211538461539 0.13581730769230768 0.014423076923076924 0.028846153846153848
0 0.8088942307692307 0.2668269230769231 0.026442307692307692 0.052884615384615384