0 0.8401442307692307 0.20432692307692307 0.014423076923076924 0.03365384615384615
0 0.8341346153846154 0.2283653846153846 0.014423076923076924 0.03365384615384615
0 0.8653846153846154 0.28365384615384615 0.019230769230769232 0.04807692307692308
0 0.8894230769230769 0.22355769230769232 0.014423076923076924 0.03365384615384615
0 0.9290865384615384 0.23918269230769232 0.01201923076923077 0.03365384615384615
0 0.9290865384615384 0.28125 0.016826923076923076 0.04326923076923077
0 0.9098557692307693 0.3449519230769231 0.021634615384615384 0.057692307692307696
0 0.8401442307692307 0.34134615384615385 0.02403846153846154 0.04807692307692308
0 0.7932692307692307 0.3137019230769231 0.02403846153846154 0.0673076923076923
0 0.7584134615384616 0.2548076923076923 0.019230769230769232 0.04807692307692308
0 0.7259615384615384 0.2932692307692308 0.019230769230769232 0.057692307692307696
0 0.7295673076923077 0.18028846153846154 0.016826923076923076 0.04326923076923077
0 0.6622596153846154 0.1971153846153846 0.014423076923076924 0.038461538461538464
0 0.6382211538461539 0.24519230769230768 0.016826923076923076 0.04807692307692308
0 0.6778846153846154 0.25841346153846156 0.02403846153846154 0.04807692307692308
0 0.5925480769230769 0.23798076923076922 0.019230769230769232 0.04326923076923077
0 0.5829326923076923 0.17908653846153846 0.014423076923076924 0.036057692307692304
0 0.6213942307692307 0.14182692307692307 0.01201923076923077 0.028846153846153848
0 0.5072115384615384 0.1502403846153846 0.014423076923076924 0.028846153846153848
0 0.49759615384615385 0.18870192307692307 0.014423076923076924 0.038461538461538464
0 0.5420673076923077 0.19471153846153846 0.016826923076923076 0.04326923076923077
0 0.4879807692307692 0.22716346153846154 0.019230769230769232 0.04567307692307692
0 0.4182692307692308 0.22115384615384615 0.014423076923076924 0.03365384615384615
0 0.43509615384615385 0.22355769230769232 0.019230769230769232 0.04326923076923077
0 0.3954326923076923 0.25 0.019230769230769232 0.04807692307692308
0 0.3389423076923077 0.21033653846153846 0.014423076923076924 0.026442307692307692
0 0.34134615384615385 0.2512019230769231 0.019230769230769232 0.040865384615384616