0 0.140625 0.2644230769230769 0.019230769230769232 0.038461538461538464
0 0.14182692307692307 0.40865384615384615 0.052884615384615384 0.09615384615384616
0 0.32211538461538464 0.23197115384615385 0.019230769230769232 0.03365384615384615
0 0.3786057692307692 0.19951923076923078 0.021634615384615384 0.03365384615384615
0 0.3918269230769231 0.24639423076923078 0.019230769230769232 0.036057692307692304
0 0.4182692307692308 0.24639423076923078 0.019230769230769232 0.040865384615384616
0 0.44591346153846156 0.26802884615384615 0.019230769230769232 0.038461538461538464
0 0.47115384615384615 0.20072115384615385 0.019230769230769232 0.03125
0 0.46634615384615385 0.1875 0.014423076923076924 0.02403846153846154
0 0.5180288461538461 0.22355769230769232 0.021634615384615384 0.04326923076923077
0 0.5516826923076923 0.2283653846153846 0.021634615384615384 0.038461538461538464
0 0.5733173076923077 0.16105769230769232 0.016826923076923076 0.03365384615384615
0 0.6009615384615384 0.2692307692307692 0.019230769230769232 0.04326923076923077
0 0.6310096153846154 0.2848557692307692 0.026442307692307692 0.055288461538461536
0 0.6995192307692307 0.19471153846153846 0.014423076923076924 0.03365384615384615
0 0.7091346153846154 0.22115384615384615 0.019230769230769232 0.038461538461538464
0 0.7331730769230769 0.20673076923076922 0.019230769230769232 0.038461538461538464
0 0.75 0.23918269230769232 0.019230769230769232 0.036057692307692304
0 0.7764423076923077 0.21394230769230768 0.019230769230769232 0.03365384615384615
0 0.7884615384615384 0.24879807692307693 0.019230769230769232 0.040865384615384616
0 0.8269230769230769 0.2956730769230769 0.019230769230769232 0.052884615384615384
0 0.8617788461538461 0.3088942307692308 0.026442307692307692 0.057692307692307696
0 0.9206730769230769 0.3016826923076923 0.019230769230769232 0.04326923076923077
0 0.9423076923076923 0.23317307692307693 0.019230769230769232 0.04807692307692308