0 0.5516826923076923 0.4543269230769231 0.02403846153846154 0.052884615384615384
0 0.45913461538461536 0.7800480769230769 0.11057692307692307 0.21634615384615385
0 0.23918269230769232 0.8521634615384616 0.19471153846153846 0.2668269230769231
0 0.19471153846153846 0.7043269230769231 0.08653846153846154 0.125
0 0.15144230769230768 0.6694711538461539 0.057692307692307696 0.10817307692307693
0 0.026442307692307692 0.6129807692307693 0.052884615384615384 0.1201923076923077
0 0.05889423076923077 0.5973557692307693 0.038461538461538464 0.08173076923076923
0 0.0889423076923077 0.5817307692307693 0.02403846153846154 0.04807692307692308
0 0.21634615384615385 0.59375 0.028846153846153848 0.0673076923076923
0 0.2439903846153846 0.6658653846153846 0.036057692307692304 0.07211538461538461
0 0.25961538461538464 0.6286057692307693 0.038461538461538464 0.0625
0 0.2548076923076923 0.5865384615384616 0.028846153846153848 0.057692307692307696
0 0.30649038461538464 0.6141826923076923 0.026442307692307692 0.0625
0 0.33413461538461536 0.6526442307692307 0.04326923076923077 0.06490384615384616
0 0.3401442307692308 0.6237980769230769 0.028846153846153848 0.06009615384615385
0 0.36658653846153844 0.6213942307692307 0.021634615384615384 0.04807692307692308
0 0.38341346153846156 0.6382211538461539 0.021634615384615384 0.052884615384615384
0 0.3954326923076923 0.7079326923076923 0.052884615384615384 0.11057692307692307
0 0.4182692307692308 0.6286057692307693 0.028846153846153848 0.06971153846153846
0 0.44350961538461536 0.6334134615384616 0.03365384615384615 0.07692307692307693
0 0.46875 0.6286057692307693 0.02403846153846154 0.06971153846153846
0 0.49038461538461536 0.6286057692307693 0.02403846153846154 0.0625
0 0.5084134615384616 0.6418269230769231 0.021634615384615384 0.052884615384615384
0 0.5396634615384616 0.6899038461538461 0.04807692307692308 0.1201923076923077
0 0.5516826923076923 0.65625 0.036057692307692304 0.09615384615384616
0 0.5685096153846154 0.6382211538461539 0.028846153846153848 0.07451923076923077
0 0.1346153846153846 0.6033653846153846 0.019230769230769232 0.04807692307692308
0 0.13942307692307693 0.5817307692307693 0.03365384615384615 0.0625
0 0.7403846153846154 0.6454326923076923 0.028846153846153848 0.06009615384615385
0 0.7776442307692307 0.640625 0.02403846153846154 0.07692307692307693
0 0.8100961538461539 0.6550480769230769 0.03365384615384615 0.09134615384615384
0 0.8365384615384616 0.6754807692307693 0.038461538461538464 0.07211538461538461
0 0.9170673076923077 0.6754807692307693 0.05048076923076923 0.11057692307692307
0 0.8942307692307693 0.6514423076923077 0.03365384615384615 0.07211538461538461
0 0.9615384615384616 0.6622596153846154 0.038461538461538464 0.09375