0 0.018028846153846152 0.42908653846153844 0.02403846153846154 0.04326923076923077
0 0.24879807692307693 0.35336538461538464 0.019230769230769232 0.03365384615384615
0 0.2800480769230769 0.3605769230769231 0.021634615384615384 0.04807692307692308
0 0.3016826923076923 0.38100961538461536 0.021634615384615384 0.04807692307692308
0 0.29927884615384615 0.3233173076923077 0.019230769230769232 0.036057692307692304
0 0.359375 0.3798076923076923 0.02403846153846154 0.04807692307692308
0 0.39302884615384615 0.3641826923076923 0.019230769230769232 0.038461538461538464
0 0.3894230769230769 0.3389423076923077 0.019230769230769232 0.03365384615384615
0 0.375 0.3088942307692308 0.019230769230769232 0.036057692307692304
0 0.421875 0.3581730769230769 0.02403846153846154 0.03365384615384615
0 0.4050480769230769 0.2776442307692308 0.016826923076923076 0.03365384615384615
0 0.421875 0.2932692307692308 0.014423076923076924 0.038461538461538464
0 0.43028846153846156 0.31490384615384615 0.014423076923076924 0.03365384615384615
0 0.44591346153846156 0.2764423076923077 0.014423076923076924 0.028846153846153848
0 0.453125 0.29447115384615385 0.019230769230769232 0.03365384615384615
0 0.4651442307692308 0.32572115384615385 0.02403846153846154 0.038461538461538464
0 0.4735576923076923 0.3581730769230769 0.02403846153846154 0.04326923076923077
0 0.49399038461538464 0.31850961538461536 0.021634615384615384 0.038461538461538464
0 0.4795673076923077 0.2608173076923077 0.014423076923076924 0.026442307692307692
0 0.49038461538461536 0.2512019230769231 0.014423076923076924 0.026442307692307692
0 0.5084134615384616 0.2860576923076923 0.016826923076923076 0.028846153846153848
0 0.5372596153846154 0.29447115384615385 0.016826923076923076 0.028846153846153848
0 0.5456730769230769 0.33052884615384615 0.02403846153846154 0.038461538461538464
0 0.5432692307692307 0.2644230769230769 0.019230769230769232 0.03365384615384615
0 0.5612980769230769 0.2704326923076923 0.016826923076923076 0.040865384615384616
0 0.5853365384615384 0.30288461538461536 0.019230769230769232 0.038461538461538464
0 0.5889423076923077 0.27403846153846156 0.014423076923076924 0.03365384615384615
0 0.5745192307692307 0.2403846153846154 0.014423076923076924 0.028846153846153848
0 0.59375 0.23798076923076922 0.014423076923076924 0.02403846153846154
0 0.5985576923076923 0.25841346153846156 0.014423076923076924 0.028846153846153848
0 0.6237980769230769 0.2620192307692308 0.014423076923076924 0.03365384615384615
0 0.6310096153846154 0.24158653846153846 0.01201923076923077 0.02403846153846154
0 0.6382211538461539 0.22115384615384615 0.016826923076923076 0.028846153846153848
0 0.6502403846153846 0.23317307692307693 0.014423076923076924 0.03365384615384615
0 0.6646634615384616 0.24278846153846154 0.014423076923076924 0.03365384615384615
0 0.671875 0.2620192307692308 0.019230769230769232 0.02403846153846154
0 0.6875 0.23317307692307693 0.014423076923076924 0.02403846153846154
0 0.6971153846153846 0.2439903846153846 0.009615384615384616 0.03365384615384615
0 0.7127403846153846 0.24519230769230768 0.014423076923076924 0.028846153846153848
0 0.7115384615384616 0.2848557692307692 0.019230769230769232 0.03365384615384615
0 0.6586538461538461 0.3088942307692308 0.019230769230769232 0.04326923076923077
0 0.6177884615384616 0.3449519230769231 0.02403846153846154 0.04326923076923077
0 0.6322115384615384 0.39302884615384615 0.03365384615384615 0.052884615384615384
0 0.6382211538461539 0.44711538461538464 0.03125 0.0673076923076923
0 0.6959134615384616 0.4675480769230769 0.03365384615384615 0.0625
0 0.6911057692307693 0.39663461538461536 0.028846153846153848 0.057692307692307696
0 0.6742788461538461 0.35216346153846156 0.021634615384615384 0.040865384615384616
0 0.7223557692307693 0.3713942307692308 0.02403846153846154 0.05048076923076923
0 0.7091346153846154 0.3317307692307692 0.02403846153846154 0.038461538461538464
0 0.7512019230769231 0.3112980769230769 0.019230769230769232 0.04326923076923077
0 0.7331730769230769 0.2644230769230769 0.014423076923076924 0.028846153846153848
0 0.7716346153846154 0.23798076923076922 0.014423076923076924 0.028846153846153848
0 0.7680288461538461 0.2644230769230769 0.016826923076923076 0.038461538461538464
0 0.7776442307692307 0.28125 0.016826923076923076 0.038461538461538464
0 0.7920673076923077 0.29447115384615385 0.016826923076923076 0.040865384615384616
0 0.5228365384615384 0.4110576923076923 0.03125 0.057692307692307696
0 0.5637019230769231 0.38461538461538464 0.021634615384615384 0.04807692307692308
0 0.5649038461538461 0.4206730769230769 0.028846153846153848 0.04807692307692308
0 0.8125 0.2439903846153846 0.019230769230769232 0.028846153846153848
0 0.8401442307692307 0.2620192307692308 0.014423076923076924 0.03365384615384615
0 0.8725961538461539 0.2692307692307692 0.014423076923076924 0.028846153846153848
0 0.890625 0.2764423076923077 0.014423076923076924 0.02403846153846154
0 0.90625 0.27403846153846156 0.014423076923076924 0.03365384615384615
0 0.8882211538461539 0.3004807692307692 0.014423076923076924 0.03365384615384615
0 0.8786057692307693 0.32211538461538464 0.019230769230769232 0.038461538461538464
0 0.8485576923076923 0.31850961538461536 0.019230769230769232 0.036057692307692304
0 0.84375 0.375 0.02403846153846154 0.04807692307692308
0 0.90625 0.3329326923076923 0.014423076923076924 0.03365384615384615
0 0.9278846153846154 0.30649038461538464 0.019230769230769232 0.036057692307692304
0 0.96875 0.29447115384615385 0.014423076923076924 0.021634615384615384
0 0.9699519230769231 0.31490384615384615 0.016826923076923076 0.02403846153846154
0 0.9579326923076923 0.33413461538461536 0.019230769230769232 0.03365384615384615
0 0.9603365384615384 0.3713942307692308 0.019230769230769232 0.04326923076923077
0 0.9495192307692307 0.4110576923076923 0.02403846153846154 0.052884615384615384
0 0.9050480769230769 0.38100961538461536 0.02403846153846154 0.04326923076923077
0 0.8918269230769231 0.4326923076923077 0.02403846153846154 0.04807692307692308
0 0.9423076923076923 0.484375 0.028846153846153848 0.0625
0 0.875 0.4543269230769231 0.03365384615384615 0.052884615384615384
0 0.8257211538461539 0.4206730769230769 0.028846153846153848 0.052884615384615384
0 0.7716346153846154 0.41947115384615385 0.03365384615384615 0.057692307692307696
0 0.8665865384615384 0.5408653846153846 0.036057692307692304 0.0625
0 0.7427884615384616 0.5240384615384616 0.038461538461538464 0.08653846153846154