0 0.3798076923076923 0.21514423076923078 0.019230769230769232 0.03365384615384615
0 0.4579326923076923 0.21875 0.019230769230769232 0.03365384615384615
0 0.5444711538461539 0.125 0.014423076923076924 0.028846153846153848
0 0.5552884615384616 0.13822115384615385 0.014423076923076924 0.026442307692307692
0 0.484375 0.3076923076923077 0.028846153846153848 0.04807692307692308
0 0.5444711538461539 0.32572115384615385 0.028846153846153848 0.052884615384615384
0 0.6069711538461539 0.26802884615384615 0.028846153846153848 0.052884615384615384
0 0.59375 0.38822115384615385 0.038461538461538464 0.0625
0 0.8004807692307693 0.26802884615384615 0.02403846153846154 0.057692307692307696
0 0.8605769230769231 0.3004807692307692 0.028846153846153848 0.052884615384615384
0 0.9110576923076923 0.14543269230769232 0.019230769230769232 0.03125
0 0.9387019230769231 0.15625 0.01201923076923077 0.038461538461538464