0 0.11899038461538461 0.35216346153846156 0.21394230769230768 0.25961538461538464
0 0.06490384615384616 0.046875 0.0625 0.08413461538461539
0 0.14423076923076922 0.1971153846153846 0.07211538461538461 0.10576923076923077
0 0.25721153846153844 0.2127403846153846 0.10096153846153846 0.15865384615384615
0 0.3918269230769231 0.2512019230769231 0.14423076923076922 0.2283653846153846
0 0.4723557692307692 0.15985576923076922 0.0985576923076923 0.14423076923076922
0 0.3389423076923077 0.08413461538461539 0.07211538461538461 0.10576923076923077
0 0.6850961538461539 0.11658653846153846 0.11057692307692307 0.20192307692307693
0 0.8137019230769231 0.3125 0.21153846153846154 0.3557692307692308
0 0.9290865384615384 0.14423076923076922 0.13942307692307693 0.25
0 0.4579326923076923 0.025240384615384616 0.04326923076923077 0.04567307692307692