0 0.07451923076923077 0.24158653846153846 0.0673076923076923 0.15865384615384615
0 0.054086538461538464 0.15384615384615385 0.04567307692307692 0.08653846153846154
0 0.010817307692307692 0.22235576923076922 0.019230769230769232 0.11298076923076923
0 0.1778846153846154 0.18990384615384615 0.038461538461538464 0.08173076923076923
0 0.19471153846153846 0.25240384615384615 0.038461538461538464 0.08653846153846154
0 0.2776442307692308 0.23798076923076922 0.055288461538461536 0.11538461538461539
0 0.3004807692307692 0.19591346153846154 0.052884615384615384 0.09615384615384616
0 0.390625 0.2247596153846154 0.04326923076923077 0.09134615384615384
0 0.4831730769230769 0.21033653846153846 0.03365384615384615 0.07451923076923077
0 0.5180288461538461 0.21033653846153846 0.052884615384615384 0.11538461538461539
0 0.5588942307692307 0.18629807692307693 0.03365384615384615 0.10336538461538461
0 0.59375 0.1778846153846154 0.03365384615384615 0.0673076923076923
0 0.6622596153846154 0.20432692307692307 0.038461538461538464 0.10096153846153846
0 0.6959134615384616 0.20192307692307693 0.036057692307692304 0.07692307692307693
0 0.7920673076923077 0.18629807692307693 0.036057692307692304 0.09615384615384616
0 0.9266826923076923 0.4170673076923077 0.11057692307692307 0.23557692307692307