0 0.8233173076923077 0.6045673076923077 0.10096153846153846 0.14903846153846154
0 0.8629807692307693 0.3389423076923077 0.09134615384615384 0.12980769230769232
0 0.7824519230769231 0.46875 0.055288461538461536 0.09134615384615384
0 0.7620192307692307 0.3870192307692308 0.04807692307692308 0.0673076923076923
0 0.6802884615384616 0.32572115384615385 0.03365384615384615 0.04807692307692308
0 0.6730769230769231 0.40024038461538464 0.03365384615384615 0.04567307692307692
0 0.6442307692307693 0.3798076923076923 0.03365384615384615 0.04807692307692308
0 0.6394230769230769 0.3425480769230769 0.028846153846153848 0.038461538461538464
0 0.6141826923076923 0.375 0.026442307692307692 0.04807692307692308
0 0.49399038461538464 0.38341346153846156 0.052884615384615384 0.0889423076923077
0 0.4891826923076923 0.3317307692307692 0.036057692307692304 0.04807692307692308
0 0.4639423076923077 0.5709134615384616 0.10096153846153846 0.13942307692307693
0 0.45913461538461536 0.35697115384615385 0.02403846153846154 0.040865384615384616
0 0.40865384615384615 0.31850961538461536 0.038461538461538464 0.0673076923076923
0 0.33533653846153844 0.33774038461538464 0.052884615384615384 0.09134615384615384
0 0.2764423076923077 0.4675480769230769 0.10096153846153846 0.16105769230769232
0 0.20432692307692307 0.3233173076923077 0.07211538461538461 0.11057692307692307
0 0.23798076923076922 0.3605769230769231 0.02403846153846154 0.04807692307692308
0 0.12740384615384615 0.33533653846153844 0.03365384615384615 0.04807692307692308
0 0.109375 0.3485576923076923 0.026442307692307692 0.038461538461538464
0 0.0733173076923077 0.3713942307692308 0.04807692307692308 0.07211538461538461
0 0.026442307692307692 0.32091346153846156 0.03365384615384615 0.04326923076923077