0 0.051682692307692304 0.36899038461538464 0.026442307692307692 0.04807692307692308
0 0.25841346153846156 0.2776442307692308 0.016826923076923076 0.03125
0 0.28125 0.2704326923076923 0.02403846153846154 0.040865384615384616
0 0.30649038461538464 0.25240384615384615 0.014423076923076924 0.04326923076923077
0 0.35336538461538464 0.2668269230769231 0.02403846153846154 0.052884615384615384
0 0.4074519230769231 0.28725961538461536 0.021634615384615384 0.05048076923076923
0 0.34375 0.21634615384615385 0.014423076923076924 0.028846153846153848
0 0.31971153846153844 0.21394230769230768 0.014423076923076924 0.03365384615384615
0 0.38100961538461536 0.21394230769230768 0.019230769230769232 0.03365384615384615
0 0.3942307692307692 0.19230769230769232 0.019230769230769232 0.028846153846153848
0 0.4170673076923077 0.2247596153846154 0.014423076923076924 0.03125
0 0.4411057692307692 0.21875 0.019230769230769232 0.038461538461538464
0 0.4639423076923077 0.23076923076923078 0.02403846153846154 0.03365384615384615
0 0.41586538461538464 0.16706730769230768 0.014423076923076924 0.026442307692307692
0 0.4338942307692308 0.18629807692307693 0.01201923076923077 0.028846153846153848
0 0.4495192307692308 0.18389423076923078 0.014423076923076924 0.03125
0 0.4675480769230769 0.18990384615384615 0.016826923076923076 0.04326923076923077
0 0.5 0.1875 0.019230769230769232 0.038461538461538464
0 0.5504807692307693 0.18990384615384615 0.019230769230769232 0.03365384615384615
0 0.5420673076923077 0.15625 0.014423076923076924 0.03365384615384615
0 0.5372596153846154 0.12860576923076922 0.016826923076923076 0.03125
0 0.5072115384615384 0.15985576923076922 0.014423076923076924 0.03125
0 0.48197115384615385 0.1622596153846154 0.016826923076923076 0.026442307692307692
0 0.47716346153846156 0.13942307692307693 0.009615384615384616 0.028846153846153848
0 0.4891826923076923 0.13221153846153846 0.01201923076923077 0.02403846153846154
0 0.4567307692307692 0.13701923076923078 0.019230769230769232 0.02403846153846154
0 0.5697115384615384 0.10096153846153846 0.014423076923076924 0.028846153846153848
0 0.5576923076923077 0.13701923076923078 0.009615384615384616 0.02403846153846154
0 0.5805288461538461 0.15264423076923078 0.016826923076923076 0.03365384615384615
0 0.625 0.12980769230769232 0.009615384615384616 0.028846153846153848
0 0.5913461538461539 0.12620192307692307 0.009615384615384616 0.026442307692307692
0 0.609375 0.09014423076923077 0.01201923076923077 0.02403846153846154
0 0.6358173076923077 0.09254807692307693 0.01201923076923077 0.021634615384615384
0 0.6490384615384616 0.09975961538461539 0.009615384615384616 0.02403846153846154
0 0.6646634615384616 0.11538461538461539 0.009615384615384616 0.02403846153846154
0 0.6814903846153846 0.11057692307692307 0.01201923076923077 0.02403846153846154
0 0.6995192307692307 0.09735576923076923 0.014423076923076924 0.028846153846153848
0 0.4807692307692308 0.2980769230769231 0.019230769230769232 0.04807692307692308
0 0.5661057692307693 0.28725961538461536 0.021634615384615384 0.05048076923076923
0 0.6105769230769231 0.3329326923076923 0.028846153846153848 0.057692307692307696
0 0.6814903846153846 0.3269230769230769 0.03125 0.052884615384615384
0 0.5697115384615384 0.23197115384615385 0.019230769230769232 0.038461538461538464
0 0.6117788461538461 0.2548076923076923 0.021634615384615384 0.04326923076923077
0 0.6117788461538461 0.20192307692307693 0.021634615384615384 0.038461538461538464
0 0.671875 0.25240384615384615 0.02403846153846154 0.04326923076923077
0 0.7415865384615384 0.3076923076923077 0.028846153846153848 0.04807692307692308
0 0.7872596153846154 0.28365384615384615 0.026442307692307692 0.052884615384615384
0 0.7115384615384616 0.22115384615384615 0.019230769230769232 0.04326923076923077
0 0.6766826923076923 0.19471153846153846 0.019230769230769232 0.04326923076923077
0 0.6586538461538461 0.17548076923076922 0.019230769230769232 0.03365384615384615
0 0.6838942307692307 0.14543269230769232 0.016826923076923076 0.03125
0 0.6995192307692307 0.17548076923076922 0.014423076923076924 0.03365384615384615
0 0.7379807692307693 0.19230769230769232 0.019230769230769232 0.038461538461538464
0 0.7668269230769231 0.2091346153846154 0.02403846153846154 0.04326923076923077
0 0.75 0.14903846153846154 0.014423076923076924 0.028846153846153848
0 0.7175480769230769 0.13581730769230768 0.014423076923076924 0.03125
0 0.7415865384615384 0.11658653846153846 0.016826923076923076 0.03125
0 0.7596153846153846 0.10216346153846154 0.014423076923076924 0.03125
0 0.7752403846153846 0.12379807692307693 0.01201923076923077 0.028846153846153848
0 0.7872596153846154 0.14903846153846154 0.016826923076923076 0.038461538461538464
0 0.7896634615384616 0.11057692307692307 0.01201923076923077 0.028846153846153848
0 0.8112980769230769 0.12259615384615384 0.01201923076923077 0.02403846153846154
0 0.8100961538461539 0.16947115384615385 0.014423076923076924 0.03365384615384615
0 0.828125 0.1622596153846154 0.01201923076923077 0.028846153846153848
0 0.8401442307692307 0.1346153846153846 0.01201923076923077 0.028846153846153848
0 0.8233173076923077 0.12139423076923077 0.009615384615384616 0.02403846153846154
0 0.8557692307692307 0.1778846153846154 0.009615384615384616 0.038461538461538464
0 0.8233173076923077 0.23557692307692307 0.021634615384615384 0.04807692307692308
0 0.8822115384615384 0.21033653846153846 0.019230769230769232 0.04326923076923077
0 0.9026442307692307 0.1935096153846154 0.01201923076923077 0.03125
0 0.9375 0.1875 0.009615384615384616 0.028846153846153848
0 0.9447115384615384 0.2704326923076923 0.019230769230769232 0.04567307692307692
0 0.9387019230769231 0.1502403846153846 0.01201923076923077 0.026442307692307692
0 0.9026442307692307 0.16105769230769232 0.016826923076923076 0.028846153846153848
0 0.9086538461538461 0.12740384615384615 0.014423076923076924 0.03365384615384615
0 0.875 0.15384615384615385 0.014423076923076924 0.019230769230769232
0 0.8725961538461539 0.11778846153846154 0.014423076923076924 0.03365384615384615