0 0.026442307692307692 0.32572115384615385 0.052884615384615384 0.1201923076923077
0 0.07692307692307693 0.33413461538461536 0.057692307692307696 0.10096153846153846
0 0.19110576923076922 0.3016826923076923 0.06490384615384616 0.1201923076923077
0 0.17067307692307693 0.2283653846153846 0.052884615384615384 0.09615384615384616
0 0.22115384615384615 0.1201923076923077 0.057692307692307696 0.09615384615384616
0 0.30288461538461536 0.12379807692307693 0.057692307692307696 0.10336538461538461
0 0.30528846153846156 0.36177884615384615 0.0673076923076923 0.10817307692307693
0 0.39903846153846156 0.28966346153846156 0.0673076923076923 0.10817307692307693
0 0.35697115384615385 0.2439903846153846 0.057692307692307696 0.10096153846153846
0 0.4735576923076923 0.09615384615384616 0.0625 0.09615384615384616
0 0.5588942307692307 0.09375 0.055288461538461536 0.11538461538461539
0 0.6862980769230769 0.08774038461538461 0.06490384615384616 0.11298076923076923
0 0.7548076923076923 0.12980769230769232 0.0625 0.11538461538461539
0 0.5240384615384616 0.25 0.057692307692307696 0.11538461538461539
0 0.49399038461538464 0.5721153846153846 0.08413461538461539 0.1346153846153846
0 0.6382211538461539 0.6201923076923077 0.07451923076923077 0.14423076923076922
0 0.6490384615384616 0.27403846153846156 0.0625 0.125
0 0.8004807692307693 0.35216346153846156 0.057692307692307696 0.12740384615384615
0 0.8509615384615384 0.2439903846153846 0.0673076923076923 0.12740384615384615
0 0.9302884615384616 0.28966346153846156 0.0625 0.1201923076923077
0 0.9651442307692307 0.28966346153846156 0.052884615384615384 0.14423076923076922