0 0.41225961538461536 0.2127403846153846 0.019230769230769232 0.04326923076923077
0 0.5396634615384616 0.1814903846153846 0.028846153846153848 0.052884615384615384
0 0.5817307692307693 0.23076923076923078 0.028846153846153848 0.04807692307692308
0 0.6237980769230769 0.12740384615384615 0.016826923076923076 0.03365384615384615
0 0.6394230769230769 0.13341346153846154 0.019230769230769232 0.036057692307692304
0 0.6490384615384616 0.11899038461538461 0.014423076923076924 0.038461538461538464
0 0.75 0.13341346153846154 0.019230769230769232 0.038461538461538464
0 0.7680288461538461 0.13942307692307693 0.014423076923076924 0.038461538461538464
0 0.8677884615384616 0.18990384615384615 0.014423076923076924 0.038461538461538464
0 0.8894230769230769 0.24759615384615385 0.019230769230769232 0.04807692307692308
0 0.8918269230769231 0.21153846153846154 0.014423076923076924 0.038461538461538464
0 0.9158653846153846 0.24519230769230768 0.02403846153846154 0.04807692307692308