0 0.10216346153846154 0.26322115384615385 0.019230769230769232 0.038461538461538464
0 0.37259615384615385 0.20192307692307693 0.02403846153846154 0.038461538461538464
0 0.4206730769230769 0.2091346153846154 0.014423076923076924 0.038461538461538464
0 0.45072115384615385 0.22355769230769232 0.019230769230769232 0.04326923076923077
0 0.5637019230769231 0.18509615384615385 0.016826923076923076 0.038461538461538464
0 0.5697115384615384 0.15865384615384615 0.014423076923076924 0.03365384615384615
0 0.6334134615384616 0.12379807692307693 0.014423076923076924 0.03125
0 0.671875 0.1778846153846154 0.016826923076923076 0.038461538461538464
0 0.6826923076923077 0.22115384615384615 0.02403846153846154 0.04326923076923077
0 0.6766826923076923 0.25961538461538464 0.021634615384615384 0.04807692307692308
0 0.6418269230769231 0.3137019230769231 0.028846153846153848 0.055288461538461536
0 0.6274038461538461 0.2692307692307692 0.02403846153846154 0.04326923076923077
0 0.6225961538461539 0.22235576923076922 0.02403846153846154 0.040865384615384616
0 0.9338942307692307 0.2439903846153846 0.016826923076923076 0.03365384615384615