0 0.18990384615384615 0.703125 0.2548076923076923 0.3629807692307692
0 0.13221153846153846 0.5024038461538461 0.16346153846153846 0.20673076923076922
0 0.171875 0.42427884615384615 0.14423076923076922 0.19230769230769232
0 0.18870192307692307 0.31971153846153844 0.11057692307692307 0.1971153846153846
0 0.051682692307692304 0.31850961538461536 0.09134615384615384 0.16826923076923078
0 0.16346153846153846 0.13341346153846154 0.08173076923076923 0.13942307692307693
0 0.21754807692307693 0.22956730769230768 0.08653846153846154 0.12980769230769232
0 0.2692307692307692 0.23557692307692307 0.052884615384615384 0.1346153846153846
0 0.3173076923076923 0.20552884615384615 0.057692307692307696 0.11057692307692307
0 0.35096153846153844 0.28846153846153844 0.07211538461538461 0.1346153846153846
0 0.3137019230769231 0.39903846153846156 0.09375 0.14423076923076922
0 0.4362980769230769 0.40865384615384615 0.08413461538461539 0.1346153846153846
0 0.4579326923076923 0.29447115384615385 0.07211538461538461 0.11298076923076923
0 0.453125 0.21153846153846154 0.055288461538461536 0.07692307692307693
0 0.3701923076923077 0.17908653846153846 0.07692307692307693 0.1201923076923077
0 0.5480769230769231 0.24278846153846154 0.0625 0.1201923076923077
0 0.578125 0.41586538461538464 0.0985576923076923 0.1346153846153846
0 0.6754807692307693 0.4182692307692308 0.07692307692307693 0.15384615384615385
0 0.6682692307692307 0.17548076923076922 0.07692307692307693 0.12980769230769232
0 0.8305288461538461 0.43990384615384615 0.0889423076923077 0.15384615384615385
0 0.9302884615384616 0.42788461538461536 0.09134615384615384 0.15384615384615385
0 0.9675480769230769 0.19110576923076922 0.06009615384615385 0.15144230769230768