0 0.09495192307692307 0.4963942307692308 0.055288461538461536 0.10817307692307693
0 0.25721153846153844 0.28125 0.019230769230769232 0.028846153846153848
0 0.2692307692307692 0.26802884615384615 0.019230769230769232 0.03125
0 0.28846153846153844 0.28125 0.019230769230769232 0.03365384615384615
0 0.3088942307692308 0.2848557692307692 0.016826923076923076 0.040865384615384616
0 0.34134615384615385 0.2764423076923077 0.019230769230769232 0.038461538461538464
0 0.40024038461538464 0.28966346153846156 0.02403846153846154 0.04807692307692308
0 0.3016826923076923 0.24879807692307693 0.019230769230769232 0.036057692307692304
0 0.32091346153846156 0.21394230769230768 0.016826923076923076 0.028846153846153848
0 0.33413461538461536 0.22956730769230768 0.019230769230769232 0.036057692307692304
0 0.3581730769230769 0.21875 0.014423076923076924 0.03365384615384615
0 0.3701923076923077 0.2127403846153846 0.019230769230769232 0.028846153846153848
0 0.390625 0.19831730769230768 0.019230769230769232 0.036057692307692304
0 0.41947115384615385 0.21514423076923078 0.016826923076923076 0.03365384615384615
0 0.41346153846153844 0.16706730769230768 0.019230769230769232 0.03125
0 0.43149038461538464 0.1935096153846154 0.014423076923076924 0.03125
0 0.4375 0.21754807692307693 0.019230769230769232 0.04567307692307692
0 0.45072115384615385 0.18870192307692307 0.016826923076923076 0.03365384615384615
0 0.46274038461538464 0.1935096153846154 0.016826923076923076 0.036057692307692304
0 0.4651442307692308 0.2283653846153846 0.021634615384615384 0.04326923076923077
0 0.44591346153846156 0.15264423076923078 0.016826923076923076 0.021634615384615384
0 0.47716346153846156 0.15985576923076922 0.014423076923076924 0.02403846153846154
0 0.47716346153846156 0.14423076923076922 0.014423076923076924 0.02403846153846154
0 0.484375 0.1310096153846154 0.014423076923076924 0.021634615384615384
0 0.5108173076923077 0.1814903846153846 0.016826923076923076 0.02403846153846154
0 0.515625 0.1622596153846154 0.01201923076923077 0.036057692307692304
0 0.5324519230769231 0.140625 0.016826923076923076 0.028846153846153848
0 0.5264423076923077 0.12860576923076922 0.014423076923076924 0.02403846153846154
0 0.5612980769230769 0.11658653846153846 0.01201923076923077 0.026442307692307692
0 0.5504807692307693 0.140625 0.014423076923076924 0.028846153846153848
0 0.5540865384615384 0.15144230769230768 0.016826923076923076 0.03365384615384615
0 0.5673076923076923 0.16947115384615385 0.019230769230769232 0.03365384615384615
0 0.5408653846153846 0.18990384615384615 0.019230769230769232 0.03365384615384615
0 0.5853365384615384 0.12620192307692307 0.016826923076923076 0.026442307692307692
0 0.5973557692307693 0.09495192307692307 0.016826923076923076 0.03125
0 0.5865384615384616 0.14543269230769232 0.019230769230769232 0.028846153846153848
0 0.6201923076923077 0.13701923076923078 0.019230769230769232 0.03365384615384615
0 0.609375 0.1201923076923077 0.01201923076923077 0.028846153846153848
0 0.6262019230769231 0.09975961538461539 0.014423076923076924 0.02403846153846154
0 0.6526442307692307 0.09735576923076923 0.01201923076923077 0.02403846153846154
0 0.6478365384615384 0.11298076923076923 0.01201923076923077 0.02403846153846154
0 0.6742788461538461 0.11298076923076923 0.016826923076923076 0.028846153846153848
0 0.6911057692307693 0.10697115384615384 0.01201923076923077 0.02403846153846154
0 0.7055288461538461 0.13221153846153846 0.019230769230769232 0.038461538461538464
0 0.6838942307692307 0.15144230769230768 0.016826923076923076 0.038461538461538464
0 0.6514423076923077 0.16466346153846154 0.014423076923076924 0.036057692307692304
0 0.6622596153846154 0.19230769230769232 0.019230769230769232 0.04326923076923077
0 0.6117788461538461 0.19951923076923078 0.02403846153846154 0.04326923076923077
0 0.6201923076923077 0.25 0.028846153846153848 0.04807692307692308
0 0.5612980769230769 0.2848557692307692 0.028846153846153848 0.05048076923076923
0 0.5649038461538461 0.24639423076923078 0.02403846153846154 0.04326923076923077
0 0.5889423076923077 0.3641826923076923 0.03365384615384615 0.06009615384615385
0 0.49038461538461536 0.3076923076923077 0.028846153846153848 0.052884615384615384
0 0.6754807692307693 0.33052884615384615 0.028846153846153848 0.0625
0 0.6658653846153846 0.2548076923076923 0.02403846153846154 0.04807692307692308
0 0.7007211538461539 0.2091346153846154 0.02403846153846154 0.04326923076923077
0 0.6971153846153846 0.18629807692307693 0.019230769230769232 0.038461538461538464
0 0.7295673076923077 0.19591346153846154 0.019230769230769232 0.05048076923076923
0 0.7439903846153846 0.15985576923076922 0.01201923076923077 0.03365384615384615
0 0.734375 0.11538461538461539 0.014423076923076924 0.03365384615384615
0 0.7475961538461539 0.1310096153846154 0.014423076923076924 0.03365384615384615
0 0.7524038461538461 0.11538461538461539 0.014423076923076924 0.028846153846153848
0 0.7692307692307693 0.12860576923076922 0.019230769230769232 0.026442307692307692
0 0.7764423076923077 0.11899038461538461 0.014423076923076924 0.03125
0 0.7800480769230769 0.15745192307692307 0.014423076923076924 0.03365384615384615
0 0.7283653846153846 0.27884615384615385 0.03365384615384615 0.057692307692307696
0 0.7560096153846154 0.24759615384615385 0.02403846153846154 0.052884615384615384
0 0.7872596153846154 0.2776442307692308 0.02403846153846154 0.055288461538461536
0 0.8185096153846154 0.2536057692307692 0.02403846153846154 0.04567307692307692
0 0.8040865384615384 0.12139423076923077 0.01201923076923077 0.026442307692307692
0 0.7992788461538461 0.13581730769230768 0.01201923076923077 0.03125
0 0.7992788461538461 0.171875 0.019230769230769232 0.05048076923076923
0 0.8185096153846154 0.1658653846153846 0.016826923076923076 0.03365384615384615
0 0.8317307692307693 0.1346153846153846 0.019230769230769232 0.038461538461538464
0 0.8629807692307693 0.15144230769230768 0.014423076923076924 0.03365384615384615
0 0.8665865384615384 0.13701923076923078 0.016826923076923076 0.02403846153846154
0 0.9014423076923077 0.13942307692307693 0.014423076923076924 0.019230769230769232
0 0.9278846153846154 0.15384615384615385 0.009615384615384616 0.019230769230769232
0 0.9266826923076923 0.16346153846153846 0.014423076923076924 0.028846153846153848
0 0.9278846153846154 0.1935096153846154 0.019230769230769232 0.036057692307692304
0 0.8942307692307693 0.16346153846153846 0.019230769230769232 0.038461538461538464
0 0.8930288461538461 0.19831730769230768 0.016826923076923076 0.036057692307692304
0 0.8485576923076923 0.18269230769230768 0.019230769230769232 0.038461538461538464
0 0.8617788461538461 0.2127403846153846 0.019230769230769232 0.04567307692307692
0 0.9302884615384616 0.2860576923076923 0.019230769230769232 0.052884615384615384