0 0.14903846153846154 0.7115384615384616 0.14903846153846154 0.3076923076923077
0 0.06971153846153846 0.49399038461538464 0.10576923076923077 0.18269230769230768
0 0.16706730769230768 0.4675480769230769 0.07692307692307693 0.13942307692307693
0 0.20552884615384615 0.24519230769230768 0.06009615384615385 0.10576923076923077
0 0.10697115384615384 0.3701923076923077 0.06009615384615385 0.11538461538461539
0 0.10216346153846154 0.2644230769230769 0.052884615384615384 0.10576923076923077
0 0.03125 0.21153846153846154 0.052884615384615384 0.10576923076923077
0 0.46033653846153844 0.41586538461538464 0.04567307692307692 0.07692307692307693
0 0.49399038461538464 0.3918269230769231 0.055288461538461536 0.10096153846153846
0 0.5829326923076923 0.43028846153846156 0.06490384615384616 0.11057692307692307
0 0.5721153846153846 0.39663461538461536 0.04326923076923077 0.08173076923076923
0 0.6213942307692307 0.39302884615384615 0.04326923076923077 0.08413461538461539
0 0.65625 0.3798076923076923 0.038461538461538464 0.08653846153846154
0 0.734375 0.5324519230769231 0.0889423076923077 0.16826923076923078
0 0.7391826923076923 0.4230769230769231 0.06009615384615385 0.1201923076923077
0 0.7620192307692307 0.4423076923076923 0.04807692307692308 0.09615384615384616
0 0.8677884615384616 0.4387019230769231 0.09134615384615384 0.15865384615384615
0 0.9555288461538461 0.5841346153846154 0.08653846153846154 0.1778846153846154
0 0.9591346153846154 0.40384615384615385 0.04807692307692308 0.09615384615384616
0 0.984375 0.43028846153846156 0.026442307692307692 0.08653846153846154