0 0.16346153846153846 0.3485576923076923 0.04807692307692308 0.07211538461538461
0 0.18509615384615385 0.32211538461538464 0.03365384615384615 0.04807692307692308
0 0.2127403846153846 0.2800480769230769 0.038461538461538464 0.07451923076923077
0 0.24639423076923078 0.30408653846153844 0.040865384615384616 0.06971153846153846
0 0.31490384615384615 0.28846153846153844 0.052884615384615384 0.09615384615384616
0 0.3329326923076923 0.2512019230769231 0.04326923076923077 0.07211538461538461
0 0.3858173076923077 0.25961538461538464 0.057692307692307696 0.10096153846153846
0 0.4387019230769231 0.2860576923076923 0.05048076923076923 0.09134615384615384
0 0.5012019230769231 0.25841346153846156 0.04807692307692308 0.07692307692307693
0 0.5408653846153846 0.20673076923076922 0.08173076923076923 0.14423076923076922
0 0.6490384615384616 0.2776442307692308 0.057692307692307696 0.09375
0 0.7163461538461539 0.29927884615384615 0.04807692307692308 0.0889423076923077
0 0.8521634615384616 0.25961538461538464 0.0625 0.10576923076923077