0 0.20793269230769232 0.31971153846153844 0.03125 0.0673076923076923
0 0.27403846153846156 0.23076923076923078 0.019230769230769232 0.038461538461538464
0 0.3737980769230769 0.19591346153846154 0.016826923076923076 0.036057692307692304
0 0.35697115384615385 0.23798076923076922 0.019230769230769232 0.03365384615384615
0 0.3870192307692308 0.16826923076923078 0.014423076923076924 0.028846153846153848
0 0.41225961538461536 0.1622596153846154 0.016826923076923076 0.03365384615384615
0 0.46875 0.13221153846153846 0.014423076923076924 0.02403846153846154
0 0.390625 0.203125 0.016826923076923076 0.036057692307692304
0 0.3762019230769231 0.26802884615384615 0.019230769230769232 0.038461538461538464
0 0.4206730769230769 0.21995192307692307 0.02403846153846154 0.040865384615384616
0 0.4266826923076923 0.17067307692307693 0.019230769230769232 0.04326923076923077
0 0.48677884615384615 0.14302884615384615 0.01201923076923077 0.04326923076923077
0 0.49759615384615385 0.12980769230769232 0.014423076923076924 0.028846153846153848
0 0.4891826923076923 0.17908653846153846 0.016826923076923076 0.038461538461538464
0 0.5204326923076923 0.1346153846153846 0.009615384615384616 0.019230769230769232
0 0.5132211538461539 0.18028846153846154 0.016826923076923076 0.038461538461538464
0 0.4699519230769231 0.20192307692307693 0.021634615384615384 0.038461538461538464
0 0.44711538461538464 0.2620192307692308 0.019230769230769232 0.052884615384615384
0 0.4831730769230769 0.24158653846153846 0.02403846153846154 0.04326923076923077
0 0.5612980769230769 0.18509615384615385 0.019230769230769232 0.03365384615384615
0 0.5528846153846154 0.14302884615384615 0.009615384615384616 0.03125
0 0.5612980769230769 0.1466346153846154 0.009615384615384616 0.03365384615384615
0 0.5829326923076923 0.1201923076923077 0.01201923076923077 0.028846153846153848
0 0.5925480769230769 0.12980769230769232 0.01201923076923077 0.028846153846153848
0 0.6069711538461539 0.1141826923076923 0.01201923076923077 0.026442307692307692
0 0.625 0.11899038461538461 0.009615384615384616 0.026442307692307692
0 0.5829326923076923 0.17908653846153846 0.016826923076923076 0.04326923076923077
0 0.6165865384615384 0.171875 0.019230769230769232 0.038461538461538464
0 0.6538461538461539 0.11177884615384616 0.014423076923076924 0.03125
0 0.6730769230769231 0.11658653846153846 0.009615384615384616 0.028846153846153848
0 0.6911057692307693 0.11778846153846154 0.01201923076923077 0.02403846153846154
0 0.7055288461538461 0.11177884615384616 0.01201923076923077 0.02403846153846154
0 0.5673076923076923 0.28125 0.028846153846153848 0.052884615384615384
0 0.5901442307692307 0.24158653846153846 0.02403846153846154 0.038461538461538464
0 0.6334134615384616 0.20432692307692307 0.014423076923076924 0.04326923076923077
0 0.6310096153846154 0.25841346153846156 0.03125 0.052884615384615384
0 0.6694711538461539 0.21754807692307693 0.016826923076923076 0.038461538461538464
0 0.6778846153846154 0.2848557692307692 0.019230769230769232 0.05048076923076923
0 0.7055288461538461 0.1875 0.019230769230769232 0.028846153846153848
0 0.7223557692307693 0.15144230769230768 0.019230769230769232 0.04326923076923077
0 0.7572115384615384 0.12620192307692307 0.014423076923076924 0.026442307692307692
0 0.7475961538461539 0.15504807692307693 0.019230769230769232 0.02403846153846154
0 0.7379807692307693 0.18990384615384615 0.014423076923076924 0.03365384615384615
0 0.7584134615384616 0.1814903846153846 0.019230769230769232 0.021634615384615384
0 0.75 0.21875 0.019230769230769232 0.04326923076923077
0 0.7355769230769231 0.26322115384615385 0.02403846153846154 0.05048076923076923
0 0.7728365384615384 0.2848557692307692 0.026442307692307692 0.05048076923076923
0 0.7740384615384616 0.14182692307692307 0.009615384615384616 0.02403846153846154
0 0.8004807692307693 0.13701923076923078 0.014423076923076924 0.02403846153846154
0 0.7872596153846154 0.15985576923076922 0.021634615384615384 0.028846153846153848
0 0.7896634615384616 0.2127403846153846 0.016826923076923076 0.038461538461538464
0 0.8173076923076923 0.14302884615384615 0.009615384615384616 0.03125
0 0.8293269230769231 0.15625 0.02403846153846154 0.028846153846153848
0 0.8353365384615384 0.17427884615384615 0.016826923076923076 0.03125
0 0.8365384615384616 0.203125 0.019230769230769232 0.040865384615384616
0 0.8401442307692307 0.2403846153846154 0.021634615384615384 0.038461538461538464
0 0.8329326923076923 0.30649038461538464 0.03125 0.04567307692307692
0 0.8653846153846154 0.2704326923076923 0.019230769230769232 0.052884615384615384
0 0.8545673076923077 0.1935096153846154 0.014423076923076924 0.026442307692307692
0 0.8521634615384616 0.15144230769230768 0.014423076923076924 0.03365384615384615
0 0.8786057692307693 0.17307692307692307 0.01201923076923077 0.03365384615384615
0 0.890625 0.15625 0.01201923076923077 0.02403846153846154
0 0.9074519230769231 0.16706730769230768 0.009615384615384616 0.036057692307692304
0 0.8990384615384616 0.21514423076923078 0.009615384615384616 0.03365384615384615
0 0.9074519230769231 0.3786057692307692 0.02403846153846154 0.05048076923076923
0 0.9194711538461539 0.30288461538461536 0.021634615384615384 0.04807692307692308
0 0.9230769230769231 0.24519230769230768 0.019230769230769232 0.04807692307692308
0 0.9314903846153846 0.234375 0.016826923076923076 0.04807692307692308
0 0.9471153846153846 0.2247596153846154 0.019230769230769232 0.04326923076923077
0 0.9459134615384616 0.18269230769230768 0.01201923076923077 0.019230769230769232
0 0.8076923076923077 0.14903846153846154 0.014423076923076924 0.028846153846153848
0 0.7259615384615384 0.1935096153846154 0.019230769230769232 0.038461538461538464
0 0.6526442307692307 0.13581730769230768 0.01201923076923077 0.019230769230769232
0 0.7259615384615384 0.23317307692307693 0.028846153846153848 0.04326923076923077