0 0.040865384615384616 0.6862980769230769 0.052884615384615384 0.07451923076923077
0 0.13341346153846154 0.59375 0.03365384615384615 0.04807692307692308
0 0.18990384615384615 0.5733173076923077 0.03365384615384615 0.040865384615384616
0 0.28125 0.515625 0.02403846153846154 0.038461538461538464
0 0.3737980769230769 0.5144230769230769 0.016826923076923076 0.038461538461538464
0 0.4675480769230769 0.5060096153846154 0.019230769230769232 0.03125
0 0.53125 0.5048076923076923 0.014423076923076924 0.03365384615384615
0 0.5913461538461539 0.5036057692307693 0.02403846153846154 0.036057692307692304
0 0.6814903846153846 0.5096153846153846 0.021634615384615384 0.028846153846153848
0 0.6983173076923077 0.5036057692307693 0.021634615384615384 0.036057692307692304
0 0.7872596153846154 0.5685096153846154 0.026442307692307692 0.04807692307692308
0 0.8329326923076923 0.5841346153846154 0.03125 0.04326923076923077
0 0.9266826923076923 0.6394230769230769 0.05048076923076923 0.0673076923076923
0 0.9771634615384616 0.5973557692307693 0.036057692307692304 0.05048076923076923
0 0.9711538461538461 0.5721153846153846 0.028846153846153848 0.038461538461538464
0 0.8016826923076923 0.8810096153846154 0.09615384615384616 0.17548076923076922
0 0.6622596153846154 0.6935096153846154 0.052884615384615384 0.07451923076923077
0 0.7391826923076923 0.6670673076923077 0.04807692307692308 0.07211538461538461
0 0.5877403846153846 0.6935096153846154 0.05048076923076923 0.09615384615384616
0 0.6177884615384616 0.6310096153846154 0.04326923076923077 0.07211538461538461
0 0.5901442307692307 0.5853365384615384 0.036057692307692304 0.05048076923076923
0 0.5432692307692307 0.59375 0.028846153846153848 0.04807692307692308
0 0.4110576923076923 0.7235576923076923 0.052884615384615384 0.07692307692307693
0 0.3293269230769231 0.6971153846153846 0.04807692307692308 0.08653846153846154
0 0.37740384615384615 0.6033653846153846 0.02403846153846154 0.04326923076923077
0 0.39783653846153844 0.5973557692307693 0.021634615384615384 0.040865384615384616
0 0.4230769230769231 0.6069711538461539 0.028846153846153848 0.040865384615384616
0 0.4831730769230769 0.5901442307692307 0.028846153846153848 0.05048076923076923
0 0.078125 0.9543269230769231 0.0985576923076923 0.08653846153846154