0 0.18028846153846154 0.054086538461538464 0.07211538461538461 0.10817307692307693
0 0.22596153846153846 0.19591346153846154 0.057692307692307696 0.0985576923076923
0 0.3173076923076923 0.1814903846153846 0.057692307692307696 0.11778846153846154
0 0.4206730769230769 0.14543269230769232 0.0673076923076923 0.125
0 0.5192307692307693 0.28365384615384615 0.0673076923076923 0.11538461538461539
0 0.5528846153846154 0.3161057692307692 0.08173076923076923 0.12259615384615384
0 0.6189903846153846 0.09134615384615384 0.055288461538461536 0.10576923076923077
0 0.6610576923076923 0.23197115384615385 0.07211538461538461 0.11538461538461539
0 0.78125 0.15985576923076922 0.07211538461538461 0.12980769230769232
0 0.8966346153846154 0.1622596153846154 0.0625 0.1346153846153846
0 0.9182692307692307 0.20432692307692307 0.057692307692307696 0.13942307692307693
0 0.9723557692307693 0.19110576923076922 0.052884615384615384 0.14423076923076922