0 0.13581730769230768 0.32211538461538464 0.0673076923076923 0.16346153846153846
0 0.054086538461538464 0.5552884615384616 0.036057692307692304 0.10096153846153846
0 0.2091346153846154 0.5180288461538461 0.03365384615384615 0.07451923076923077
0 0.27884615384615385 0.5552884615384616 0.038461538461538464 0.10096153846153846
0 0.2980769230769231 0.4723557692307692 0.02403846153846154 0.08653846153846154
0 0.31971153846153844 0.5096153846153846 0.03365384615384615 0.09134615384615384
0 0.38100961538461536 0.5144230769230769 0.038461538461538464 0.11057692307692307
0 0.3954326923076923 0.4170673076923077 0.026442307692307692 0.07451923076923077
0 0.41346153846153844 0.4951923076923077 0.03365384615384615 0.08173076923076923
0 0.5168269230769231 0.4519230769230769 0.03365384615384615 0.09615384615384616
0 0.7524038461538461 0.29447115384615385 0.10096153846153846 0.25
0 0.8954326923076923 0.19230769230769232 0.15144230769230768 0.375