0 0.09495192307692307 0.4182692307692308 0.06009615384615385 0.11057692307692307
0 0.14182692307692307 0.375 0.0625 0.09615384615384616
0 0.19951923076923078 0.36899038461538464 0.0625 0.09375
0 0.22716346153846154 0.42427884615384615 0.06009615384615385 0.10576923076923077
0 0.29927884615384615 0.42788461538461536 0.0673076923076923 0.10576923076923077
0 0.4074519230769231 0.36778846153846156 0.052884615384615384 0.10096153846153846
0 0.49158653846153844 0.4170673076923077 0.055288461538461536 0.09134615384615384
0 0.5661057692307693 0.36899038461538464 0.055288461538461536 0.10336538461538461
0 0.6105769230769231 0.4483173076923077 0.04807692307692308 0.09134615384615384
0 0.6802884615384616 0.38461538461538464 0.057692307692307696 0.09615384615384616
0 0.7487980769230769 0.47115384615384615 0.057692307692307696 0.10096153846153846
0 0.8052884615384616 0.45552884615384615 0.057692307692307696 0.0985576923076923
0 0.7644230769230769 0.35216346153846156 0.057692307692307696 0.10817307692307693
0 0.9110576923076923 0.36177884615384615 0.07211538461538461 0.11778846153846154