0 0.4254807692307692 0.27524038461538464 0.02403846153846154 0.04567307692307692
0 0.453125 0.21875 0.019230769230769232 0.03365384615384615
0 0.4230769230769231 0.21875 0.019230769230769232 0.03365384615384615
0 0.4026442307692308 0.19831730769230768 0.014423076923076924 0.03125
0 0.3425480769230769 0.22956730769230768 0.016826923076923076 0.028846153846153848
0 0.31490384615384615 0.23076923076923078 0.014423076923076924 0.028846153846153848
0 0.47475961538461536 0.16466346153846154 0.016826923076923076 0.03125
0 0.47716346153846156 0.1875 0.019230769230769232 0.028846153846153848
0 0.49038461538461536 0.2091346153846154 0.019230769230769232 0.03365384615384615
0 0.5336538461538461 0.21153846153846154 0.019230769230769232 0.03365384615384615
0 0.5264423076923077 0.14543269230769232 0.014423076923076924 0.028846153846153848
0 0.5576923076923077 0.14543269230769232 0.009615384615384616 0.028846153846153848
0 0.5877403846153846 0.15865384615384615 0.01201923076923077 0.028846153846153848
0 0.5961538461538461 0.15264423076923078 0.009615384615384616 0.019230769230769232
0 0.6033653846153846 0.265625 0.02403846153846154 0.04567307692307692
0 0.65625 0.2644230769230769 0.02403846153846154 0.04807692307692308
0 0.6742788461538461 0.21394230769230768 0.019230769230769232 0.038461538461538464
0 0.6598557692307693 0.18389423076923078 0.019230769230769232 0.038461538461538464
0 0.7271634615384616 0.08052884615384616 0.016826923076923076 0.028846153846153848
0 0.7451923076923077 0.15264423076923078 0.014423076923076924 0.03365384615384615
0 0.765625 0.08413461538461539 0.01201923076923077 0.02403846153846154
0 0.78125 0.16466346153846154 0.014423076923076924 0.03125
0 0.796875 0.18629807692307693 0.014423076923076924 0.03365384615384615
0 0.7668269230769231 0.23677884615384615 0.02403846153846154 0.040865384615384616
0 0.7283653846153846 0.2644230769230769 0.02403846153846154 0.04807692307692308
0 0.7956730769230769 0.27524038461538464 0.02403846153846154 0.052884615384615384
0 0.8269230769230769 0.09495192307692307 0.009615384615384616 0.028846153846153848
0 0.8557692307692307 0.09615384615384616 0.009615384615384616 0.028846153846153848
0 0.8581730769230769 0.18269230769230768 0.019230769230769232 0.03365384615384615
0 0.84375 0.21033653846153846 0.019230769230769232 0.038461538461538464
0 0.8161057692307693 0.18509615384615385 0.014423076923076924 0.028846153846153848
0 0.8894230769230769 0.22355769230769232 0.019230769230769232 0.03365384615384615
0 0.9795673076923077 0.15264423076923078 0.016826923076923076 0.04567307692307692