0 0.30528846153846156 0.6274038461538461 0.10576923076923077 0.16826923076923078
0 0.38822115384615385 0.5372596153846154 0.06971153846153846 0.11538461538461539
0 0.46274038461538464 0.35096153846153844 0.04567307692307692 0.08653846153846154
0 0.5865384615384616 0.5048076923076923 0.07692307692307693 0.11057692307692307
0 0.6237980769230769 0.7055288461538461 0.13221153846153846 0.22596153846153846
0 0.578125 0.4375 0.06009615384615385 0.08653846153846154
0 0.7091346153846154 0.45072115384615385 0.04326923076923077 0.08413461538461539
0 0.7379807692307693 0.49158653846153844 0.057692307692307696 0.0985576923076923
0 0.7836538461538461 0.4182692307692308 0.028846153846153848 0.0625
0 0.8521634615384616 0.4338942307692308 0.038461538461538464 0.0673076923076923
0 0.8521634615384616 0.53125 0.07932692307692307 0.1201923076923077
0 0.9350961538461539 0.49158653846153844 0.0625 0.10336538461538461
0 0.9050480769230769 0.4579326923076923 0.038461538461538464 0.06009615384615385
0 0.9771634615384616 0.4675480769230769 0.040865384615384616 0.06971153846153846
0 0.9423076923076923 0.4375 0.028846153846153848 0.04807692307692308
0 0.06610576923076923 0.5685096153846154 0.08173076923076923 0.13221153846153846
0 0.0829326923076923 0.8737980769230769 0.15865384615384615 0.24759615384615385