0 0.2980769230769231 0.18269230769230768 0.019230769230769232 0.028846153846153848
0 0.4110576923076923 0.20673076923076922 0.014423076923076924 0.028846153846153848
0 0.44591346153846156 0.22956730769230768 0.016826923076923076 0.036057692307692304
0 0.44350961538461536 0.17908653846153846 0.016826923076923076 0.03365384615384615
0 0.46033653846153844 0.13341346153846154 0.009615384615384616 0.026442307692307692
0 0.4795673076923077 0.16947115384615385 0.016826923076923076 0.03125
0 0.4579326923076923 0.19951923076923078 0.01201923076923077 0.028846153846153848
0 0.546875 0.16466346153846154 0.01201923076923077 0.028846153846153848
0 0.5588942307692307 0.18870192307692307 0.016826923076923076 0.03125
0 0.6310096153846154 0.11899038461538461 0.01201923076923077 0.03125
0 0.625 0.25841346153846156 0.019230769230769232 0.038461538461538464
0 0.6262019230769231 0.2127403846153846 0.016826923076923076 0.040865384615384616
0 0.6694711538461539 0.21754807692307693 0.016826923076923076 0.038461538461538464
0 0.6742788461538461 0.17427884615384615 0.014423076923076924 0.03365384615384615
0 0.6370192307692307 0.33533653846153844 0.03365384615384615 0.052884615384615384
0 0.6742788461538461 0.28966346153846156 0.019230769230769232 0.04326923076923077
0 0.7307692307692307 0.2283653846153846 0.02403846153846154 0.04326923076923077
0 0.8233173076923077 0.25721153846153844 0.019230769230769232 0.038461538461538464
0 0.8557692307692307 0.2548076923076923 0.019230769230769232 0.052884615384615384
0 0.8233173076923077 0.3858173076923077 0.04567307692307692 0.1201923076923077
0 0.9314903846153846 0.23918269230769232 0.016826923076923076 0.04326923076923077