0 0.17668269230769232 0.21514423076923078 0.06490384615384616 0.10096153846153846
0 0.46875 0.3786057692307692 0.03365384615384615 0.05048076923076923
0 0.49399038461538464 0.37740384615384615 0.036057692307692304 0.057692307692307696
0 0.5252403846153846 0.4110576923076923 0.038461538461538464 0.0625
0 0.5588942307692307 0.4567307692307692 0.038461538461538464 0.07692307692307693
0 0.6117788461538461 0.484375 0.052884615384615384 0.08413461538461539
0 0.6670673076923077 0.5432692307692307 0.0625 0.09615384615384616
0 0.6189903846153846 0.35697115384615385 0.028846153846153848 0.04807692307692308
0 0.671875 0.36177884615384615 0.03125 0.052884615384615384
0 0.6899038461538461 0.39903846153846156 0.02403846153846154 0.0673076923076923
0 0.7127403846153846 0.40625 0.038461538461538464 0.07692307692307693
0 0.7247596153846154 0.33533653846153844 0.026442307692307692 0.04567307692307692
0 0.7584134615384616 0.35216346153846156 0.03125 0.0625
0 0.8100961538461539 0.453125 0.052884615384615384 0.07692307692307693
0 0.8257211538461539 0.6418269230769231 0.09134615384615384 0.13942307692307693
0 0.8846153846153846 0.5324519230769231 0.057692307692307696 0.10096153846153846
0 0.8497596153846154 0.375 0.038461538461538464 0.0625
0 0.9170673076923077 0.4050480769230769 0.04326923076923077 0.0625
0 0.9807692307692307 0.43028846153846156 0.028846153846153848 0.07211538461538461
0 0.9819711538461539 0.36899038461538464 0.03365384615384615 0.055288461538461536