0 0.12980769230769232 0.546875 0.038461538461538464 0.0673076923076923
0 0.21634615384615385 0.3449519230769231 0.019230769230769232 0.03365384615384615
0 0.25240384615384615 0.34975961538461536 0.019230769230769232 0.038461538461538464
0 0.28365384615384615 0.3581730769230769 0.019230769230769232 0.038461538461538464
0 0.31009615384615385 0.3858173076923077 0.02403846153846154 0.038461538461538464
0 0.2800480769230769 0.29447115384615385 0.016826923076923076 0.03365384615384615
0 0.3449519230769231 0.3317307692307692 0.014423076923076924 0.03365384615384615
0 0.3473557692307692 0.29086538461538464 0.014423076923076924 0.02403846153846154
0 0.3870192307692308 0.32211538461538464 0.014423076923076924 0.03365384615384615
0 0.3798076923076923 0.25841346153846156 0.014423076923076924 0.02403846153846154
0 0.40024038461538464 0.25961538461538464 0.01201923076923077 0.019230769230769232
0 0.40384615384615385 0.2860576923076923 0.014423076923076924 0.02403846153846154
0 0.4050480769230769 0.32091346153846156 0.019230769230769232 0.036057692307692304
0 0.4266826923076923 0.3473557692307692 0.019230769230769232 0.036057692307692304
0 0.41947115384615385 0.2692307692307692 0.014423076923076924 0.02403846153846154
0 0.42788461538461536 0.2956730769230769 0.014423076923076924 0.028846153846153848
0 0.45913461538461536 0.3016826923076923 0.014423076923076924 0.026442307692307692
0 0.4182692307692308 0.24278846153846154 0.014423076923076924 0.02403846153846154
0 0.4423076923076923 0.24158653846153846 0.009615384615384616 0.02403846153846154
0 0.46153846153846156 0.2247596153846154 0.009615384615384616 0.021634615384615384
0 0.484375 0.25841346153846156 0.014423076923076924 0.026442307692307692
0 0.5132211538461539 0.2644230769230769 0.016826923076923076 0.028846153846153848
0 0.5048076923076923 0.24519230769230768 0.009615384615384616 0.019230769230769232
0 0.5060096153846154 0.2283653846153846 0.01201923076923077 0.019230769230769232
0 0.5240384615384616 0.25 0.014423076923076924 0.028846153846153848
0 0.5420673076923077 0.27524038461538464 0.01201923076923077 0.026442307692307692
0 0.49759615384615385 0.31971153846153844 0.014423076923076924 0.03365384615384615
0 0.5576923076923077 0.25961538461538464 0.019230769230769232 0.028846153846153848
0 0.5384615384615384 0.22115384615384615 0.009615384615384616 0.028846153846153848
0 0.5612980769230769 0.234375 0.01201923076923077 0.021634615384615384
0 0.5612980769230769 0.2127403846153846 0.01201923076923077 0.019230769230769232
0 0.5817307692307693 0.23798076923076922 0.009615384615384616 0.02403846153846154
0 0.5877403846153846 0.21634615384615385 0.01201923076923077 0.02403846153846154
0 0.5973557692307693 0.19831730769230768 0.009615384615384616 0.02403846153846154
0 0.609375 0.21394230769230768 0.01201923076923077 0.02403846153846154
0 0.6129807692307693 0.24759615384615385 0.014423076923076924 0.02403846153846154
0 0.6526442307692307 0.1971153846153846 0.01201923076923077 0.02403846153846154
0 0.65625 0.22596153846153846 0.009615384615384616 0.02403846153846154
0 0.6646634615384616 0.21754807692307693 0.009615384615384616 0.026442307692307692
0 0.46153846153846156 0.39302884615384615 0.019230769230769232 0.04567307692307692
0 0.5120192307692307 0.4098557692307692 0.02403846153846154 0.04567307692307692
0 0.5204326923076923 0.3641826923076923 0.019230769230769232 0.036057692307692304
0 0.5733173076923077 0.36177884615384615 0.021634615384615384 0.05048076923076923
0 0.5793269230769231 0.3173076923076923 0.014423076923076924 0.03365384615384615
0 0.6189903846153846 0.28846153846153844 0.01201923076923077 0.028846153846153848
0 0.6538461538461539 0.2776442307692308 0.019230769230769232 0.028846153846153848
0 0.6286057692307693 0.33052884615384615 0.016826923076923076 0.036057692307692304
0 0.5600961538461539 0.42788461538461536 0.02403846153846154 0.057692307692307696
0 0.6286057692307693 0.4567307692307692 0.028846153846153848 0.0625
0 0.6826923076923077 0.4807692307692308 0.028846153846153848 0.0625
0 0.7908653846153846 0.5336538461538461 0.02403846153846154 0.0673076923076923
0 0.6502403846153846 0.3641826923076923 0.021634615384615384 0.05048076923076923
0 0.6730769230769231 0.3449519230769231 0.019230769230769232 0.04567307692307692
0 0.6778846153846154 0.28966346153846156 0.014423076923076924 0.03365384615384615
0 0.6935096153846154 0.2776442307692308 0.014423076923076924 0.03365384615384615
0 0.6862980769230769 0.24759615384615385 0.01201923076923077 0.02403846153846154
0 0.7199519230769231 0.24158653846153846 0.01201923076923077 0.03125
0 0.7283653846153846 0.2247596153846154 0.014423076923076924 0.02403846153846154
0 0.7548076923076923 0.25600961538461536 0.019230769230769232 0.03365384615384615
0 0.7608173076923077 0.23317307692307693 0.016826923076923076 0.02403846153846154
0 0.7427884615384616 0.28846153846153844 0.014423076923076924 0.038461538461538464
0 0.7127403846153846 0.3858173076923077 0.021634615384615384 0.04567307692307692
0 0.7932692307692307 0.28966346153846156 0.009615384615384616 0.02403846153846154
0 0.8161057692307693 0.2548076923076923 0.01201923076923077 0.028846153846153848
0 0.8365384615384616 0.26322115384615385 0.019230769230769232 0.03365384615384615
0 0.8473557692307693 0.24879807692307693 0.01201923076923077 0.028846153846153848
0 0.8245192307692307 0.3004807692307692 0.014423076923076924 0.03365384615384615
0 0.7896634615384616 0.35216346153846156 0.019230769230769232 0.038461538461538464
0 0.8004807692307693 0.3389423076923077 0.014423076923076924 0.03365384615384615
0 0.7584134615384616 0.40625 0.021634615384615384 0.057692307692307696
0 0.8197115384615384 0.4483173076923077 0.02403846153846154 0.057692307692307696
0 0.8822115384615384 0.4639423076923077 0.02403846153846154 0.057692307692307696
0 0.8677884615384616 0.3954326923076923 0.02403846153846154 0.04567307692307692
0 0.8293269230769231 0.38822115384615385 0.019230769230769232 0.05048076923076923
0 0.8497596153846154 0.3737980769230769 0.016826923076923076 0.036057692307692304
0 0.8629807692307693 0.32211538461538464 0.014423076923076924 0.038461538461538464
0 0.890625 0.3088942307692308 0.01201923076923077 0.03365384615384615
0 0.9050480769230769 0.33774038461538464 0.016826923076923076 0.040865384615384616
0 0.9134615384615384 0.36778846153846156 0.019230769230769232 0.03365384615384615
0 0.9086538461538461 0.3004807692307692 0.009615384615384616 0.028846153846153848
0 0.9098557692307693 0.25961538461538464 0.01201923076923077 0.03365384615384615
0 0.8737980769230769 0.2704326923076923 0.019230769230769232 0.03365384615384615