0 0.23197115384615385 0.375 0.052884615384615384 0.09615384615384616
0 0.5456730769230769 0.29927884615384615 0.02403846153846154 0.06490384615384616
0 0.5576923076923077 0.18870192307692307 0.019230769230769232 0.038461538461538464
0 0.6334134615384616 0.19591346153846154 0.019230769230769232 0.040865384615384616
0 0.6778846153846154 0.20673076923076922 0.019230769230769232 0.038461538461538464
0 0.671875 0.1935096153846154 0.014423076923076924 0.03125
0 0.7151442307692307 0.203125 0.016826923076923076 0.03365384615384615
0 0.6730769230769231 0.2512019230769231 0.02403846153846154 0.04807692307692308
0 0.6754807692307693 0.3088942307692308 0.02403846153846154 0.0673076923076923
0 0.7319711538461539 0.2668269230769231 0.021634615384615384 0.04326923076923077
0 0.7475961538461539 0.21153846153846154 0.019230769230769232 0.038461538461538464
0 0.7728365384615384 0.23798076923076922 0.021634615384615384 0.04807692307692308
0 0.8341346153846154 0.36658653846153844 0.02403846153846154 0.0673076923076923
0 0.9026442307692307 0.41586538461538464 0.028846153846153848 0.07211538461538461