0 0.2704326923076923 0.22956730769230768 0.016826923076923076 0.036057692307692304
0 0.32091346153846156 0.20673076923076922 0.014423076923076924 0.028846153846153848
0 0.34615384615384615 0.23317307692307693 0.019230769230769232 0.028846153846153848
0 0.3605769230769231 0.19471153846153846 0.014423076923076924 0.038461538461538464
0 0.37740384615384615 0.1778846153846154 0.014423076923076924 0.02403846153846154
0 0.3942307692307692 0.19230769230769232 0.014423076923076924 0.028846153846153848
0 0.40625 0.234375 0.014423076923076924 0.04567307692307692
0 0.4170673076923077 0.2127403846153846 0.014423076923076924 0.028846153846153848
0 0.4098557692307692 0.16466346153846154 0.01201923076923077 0.026442307692307692
0 0.4266826923076923 0.14543269230769232 0.01201923076923077 0.026442307692307692
0 0.43990384615384615 0.17067307692307693 0.014423076923076924 0.028846153846153848
0 0.4483173076923077 0.203125 0.019230769230769232 0.028846153846153848
0 0.4375 0.25841346153846156 0.019230769230769232 0.040865384615384616
0 0.48197115384615385 0.22115384615384615 0.019230769230769232 0.038461538461538464
0 0.5396634615384616 0.28966346153846156 0.036057692307692304 0.0673076923076923
0 0.5709134615384616 0.27524038461538464 0.019230769230769232 0.06009615384615385
0 0.46875 0.18028846153846154 0.019230769230769232 0.028846153846153848
0 0.46875 0.140625 0.009615384615384616 0.026442307692307692
0 0.4855769230769231 0.1502403846153846 0.009615384615384616 0.036057692307692304
0 0.5180288461538461 0.12860576923076922 0.01201923076923077 0.026442307692307692
0 0.5096153846153846 0.18870192307692307 0.009615384615384616 0.038461538461538464
0 0.5252403846153846 0.16706730769230768 0.01201923076923077 0.03125
0 0.5444711538461539 0.18269230769230768 0.01201923076923077 0.038461538461538464
0 0.5829326923076923 0.16826923076923078 0.01201923076923077 0.028846153846153848
0 0.5697115384615384 0.13942307692307693 0.014423076923076924 0.028846153846153848
0 0.5564903846153846 0.1201923076923077 0.01201923076923077 0.028846153846153848
0 0.5420673076923077 0.13221153846153846 0.01201923076923077 0.02403846153846154
0 0.5024038461538461 0.1310096153846154 0.014423076923076924 0.016826923076923076
0 0.5901442307692307 0.11658653846153846 0.01201923076923077 0.019230769230769232
0 0.5925480769230769 0.13581730769230768 0.01201923076923077 0.026442307692307692
0 0.6105769230769231 0.11177884615384616 0.009615384615384616 0.02403846153846154
0 0.6009615384615384 0.10216346153846154 0.009615384615384616 0.021634615384615384
0 0.6334134615384616 0.12379807692307693 0.01201923076923077 0.019230769230769232
0 0.6382211538461539 0.11057692307692307 0.01201923076923077 0.02403846153846154
0 0.6586538461538461 0.11177884615384616 0.014423076923076924 0.02403846153846154
0 0.6826923076923077 0.10096153846153846 0.009615384615384616 0.019230769230769232
0 0.6862980769230769 0.1201923076923077 0.009615384615384616 0.028846153846153848
0 0.7127403846153846 0.11177884615384616 0.014423076923076924 0.026442307692307692
0 0.6394230769230769 0.14783653846153846 0.009615384615384616 0.026442307692307692
0 0.6538461538461539 0.14182692307692307 0.009615384615384616 0.03365384615384615
0 0.6225961538461539 0.14302884615384615 0.014423076923076924 0.02403846153846154
0 0.5877403846153846 0.23197115384615385 0.014423076923076924 0.03365384615384615
0 0.6117788461538461 0.25600961538461536 0.019230769230769232 0.04807692307692308
0 0.6334134615384616 0.20072115384615385 0.014423076923076924 0.04567307692307692
0 0.6574519230769231 0.18629807692307693 0.016826923076923076 0.038461538461538464
0 0.6658653846153846 0.21875 0.019230769230769232 0.04326923076923077
0 0.6850961538461539 0.25961538461538464 0.019230769230769232 0.04807692307692308
0 0.7079326923076923 0.23197115384615385 0.019230769230769232 0.04807692307692308
0 0.7091346153846154 0.19230769230769232 0.014423076923076924 0.028846153846153848
0 0.6959134615384616 0.16706730769230768 0.014423076923076924 0.03365384615384615
0 0.7283653846153846 0.14423076923076922 0.014423076923076924 0.03365384615384615
0 0.7403846153846154 0.13942307692307693 0.009615384615384616 0.028846153846153848
0 0.7596153846153846 0.12740384615384615 0.009615384615384616 0.02403846153846154
0 0.7572115384615384 0.15384615384615385 0.014423076923076924 0.028846153846153848
0 0.7379807692307693 0.17668269230769232 0.014423076923076924 0.02403846153846154
0 0.7536057692307693 0.20072115384615385 0.016826923076923076 0.04807692307692308
0 0.7800480769230769 0.21514423076923078 0.016826923076923076 0.036057692307692304
0 0.7920673076923077 0.15625 0.009615384615384616 0.03365384615384615
0 0.7824519230769231 0.13701923076923078 0.01201923076923077 0.028846153846153848
0 0.8064903846153846 0.15745192307692307 0.01201923076923077 0.03125
0 0.8185096153846154 0.13701923076923078 0.01201923076923077 0.028846153846153848
0 0.8305288461538461 0.171875 0.014423076923076924 0.036057692307692304
0 0.7860576923076923 0.2848557692307692 0.019230769230769232 0.052884615384615384
0 0.7620192307692307 0.2536057692307692 0.019230769230769232 0.036057692307692304
0 0.7415865384615384 0.25961538461538464 0.02403846153846154 0.057692307692307696
0 0.8473557692307693 0.31850961538461536 0.019230769230769232 0.05048076923076923
0 0.9098557692307693 0.32211538461538464 0.021634615384615384 0.04807692307692308
0 0.9290865384615384 0.27163461538461536 0.016826923076923076 0.04326923076923077
0 0.9086538461538461 0.25841346153846156 0.019230769230769232 0.04807692307692308
0 0.8822115384615384 0.23798076923076922 0.019230769230769232 0.028846153846153848
0 0.859375 0.2644230769230769 0.02403846153846154 0.04807692307692308
0 0.8389423076923077 0.23197115384615385 0.019230769230769232 0.04567307692307692
0 0.8461538461538461 0.18870192307692307 0.014423076923076924 0.03365384615384615
0 0.8401442307692307 0.15384615384615385 0.01201923076923077 0.028846153846153848
0 0.8485576923076923 0.14543269230769232 0.014423076923076924 0.028846153846153848
0 0.8858173076923077 0.15504807692307693 0.01201923076923077 0.028846153846153848
0 0.8689903846153846 0.16947115384615385 0.01201923076923077 0.02403846153846154
0 0.8629807692307693 0.19110576923076922 0.014423076923076924 0.026442307692307692
0 0.9026442307692307 0.20673076923076922 0.014423076923076924 0.03365384615384615
0 0.9098557692307693 0.15865384615384615 0.01201923076923077 0.028846153846153848
0 0.9471153846153846 0.20552884615384615 0.009615384615384616 0.028846153846153848
0 0.9387019230769231 0.17908653846153846 0.01201923076923077 0.028846153846153848
0 0.9278846153846154 0.21875 0.009615384615384616 0.03365384615384615