0 0.054086538461538464 0.6646634615384616 0.04567307692307692 0.0673076923076923
0 0.016826923076923076 0.5889423076923077 0.03365384615384615 0.0625
0 0.07211538461538461 0.5745192307692307 0.028846153846153848 0.052884615384615384
0 0.09134615384615384 0.6177884615384616 0.03365384615384615 0.052884615384615384
0 0.10096153846153846 0.6634615384615384 0.04807692307692308 0.07692307692307693
0 0.171875 0.6117788461538461 0.04326923076923077 0.07451923076923077
0 0.1346153846153846 0.7692307692307693 0.0625 0.09134615384615384
0 0.1935096153846154 0.8401442307692307 0.0985576923076923 0.14182692307692307
0 0.2860576923076923 0.7247596153846154 0.0625 0.08653846153846154
0 0.3870192307692308 0.8197115384615384 0.10576923076923077 0.12980769230769232
0 0.2764423076923077 0.5625 0.014423076923076924 0.028846153846153848
0 0.21634615384615385 0.44591346153846156 0.02403846153846154 0.026442307692307692
0 0.3245192307692308 0.5745192307692307 0.02403846153846154 0.038461538461538464
0 0.3233173076923077 0.5288461538461539 0.021634615384615384 0.03365384615384615
0 0.30288461538461536 0.5276442307692307 0.019230769230769232 0.028846153846153848
0 0.3629807692307692 0.5673076923076923 0.02403846153846154 0.038461538461538464
0 0.36538461538461536 0.5336538461538461 0.014423076923076924 0.028846153846153848
0 0.3545673076923077 0.5300480769230769 0.019230769230769232 0.038461538461538464
0 0.29086538461538464 0.5492788461538461 0.014423076923076924 0.02403846153846154
0 0.4074519230769231 0.5877403846153846 0.026442307692307692 0.038461538461538464
0 0.4110576923076923 0.5456730769230769 0.02403846153846154 0.03365384615384615
0 0.41346153846153844 0.5120192307692307 0.019230769230769232 0.028846153846153848
0 0.43509615384615385 0.5408653846153846 0.02403846153846154 0.038461538461538464
0 0.4567307692307692 0.5240384615384616 0.019230769230769232 0.028846153846153848
0 0.4699519230769231 0.5625 0.026442307692307692 0.04326923076923077
0 0.47115384615384615 0.5336538461538461 0.014423076923076924 0.028846153846153848
0 0.49038461538461536 0.5540865384615384 0.019230769230769232 0.038461538461538464
0 0.4987980769230769 0.5336538461538461 0.02403846153846154 0.028846153846153848
0 0.4831730769230769 0.5132211538461539 0.014423076923076924 0.021634615384615384
0 0.5204326923076923 0.5264423076923077 0.021634615384615384 0.03365384615384615
0 0.5384615384615384 0.5588942307692307 0.02403846153846154 0.04326923076923077
0 0.5108173076923077 0.5925480769230769 0.03125 0.038461538461538464
0 0.5192307692307693 0.6334134615384616 0.038461538461538464 0.055288461538461536
0 0.5552884615384616 0.59375 0.03365384615384615 0.057692307692307696
0 0.578125 0.5661057692307693 0.021634615384615384 0.038461538461538464
0 0.578125 0.5444711538461539 0.019230769230769232 0.028846153846153848
0 0.5637019230769231 0.5324519230769231 0.016826923076923076 0.028846153846153848
0 0.5564903846153846 0.5228365384615384 0.01201923076923077 0.021634615384615384
0 0.6069711538461539 0.59375 0.03365384615384615 0.04807692307692308
0 0.6129807692307693 0.5348557692307693 0.02403846153846154 0.038461538461538464
0 0.6141826923076923 0.49158653846153844 0.019230769230769232 0.028846153846153848
0 0.6310096153846154 0.5 0.016826923076923076 0.02403846153846154
0 0.6418269230769231 0.4951923076923077 0.019230769230769232 0.028846153846153848
0 0.6418269230769231 0.546875 0.02403846153846154 0.04807692307692308
0 0.6658653846153846 0.5420673076923077 0.02403846153846154 0.03365384615384615
0 0.671875 0.5168269230769231 0.016826923076923076 0.038461538461538464
0 0.6826923076923077 0.5012019230769231 0.019230769230769232 0.02403846153846154
0 0.6911057692307693 0.5300480769230769 0.019230769230769232 0.03365384615384615
0 0.7223557692307693 0.5456730769230769 0.03125 0.052884615384615384
0 0.7355769230769231 0.5240384615384616 0.019230769230769232 0.04326923076923077
0 0.7067307692307693 0.5060096153846154 0.019230769230769232 0.028846153846153848
0 0.7211538461538461 0.5036057692307693 0.02403846153846154 0.040865384615384616
0 0.7367788461538461 0.5012019230769231 0.021634615384615384 0.036057692307692304
0 0.7776442307692307 0.5096153846153846 0.016826923076923076 0.02403846153846154
0 0.7211538461538461 0.6177884615384616 0.038461538461538464 0.0625
0 0.6875 0.6298076923076923 0.038461538461538464 0.0673076923076923
0 0.8161057692307693 0.6177884615384616 0.052884615384615384 0.09134615384615384
0 0.7860576923076923 0.5841346153846154 0.038461538461538464 0.0625
0 0.8894230769230769 0.625 0.052884615384615384 0.08653846153846154
0 0.9134615384615384 0.6045673076923077 0.04326923076923077 0.06971153846153846
0 0.9326923076923077 0.5793269230769231 0.038461538461538464 0.0625
0 0.8629807692307693 0.5673076923076923 0.038461538461538464 0.057692307692307696
0 0.8088942307692307 0.5564903846153846 0.028846153846153848 0.038461538461538464
0 0.8353365384615384 0.5348557692307693 0.02403846153846154 0.04326923076923077
0 0.828125 0.5072115384615384 0.026442307692307692 0.04326923076923077
0 0.8713942307692307 0.4987980769230769 0.021634615384615384 0.036057692307692304
0 0.8942307692307693 0.5336538461538461 0.028846153846153848 0.04326923076923077
0 0.9098557692307693 0.5096153846153846 0.02403846153846154 0.03365384615384615
0 0.9122596153846154 0.4891826923076923 0.026442307692307692 0.028846153846153848