0 0.19831730769230768 0.3545673076923077 0.04807692307692308 0.0889423076923077
0 0.2548076923076923 0.28365384615384615 0.019230769230769232 0.038461538461538464
0 0.2848557692307692 0.2704326923076923 0.019230769230769232 0.036057692307692304
0 0.29447115384615385 0.25961538461538464 0.021634615384615384 0.038461538461538464
0 0.30288461538461536 0.23317307692307693 0.014423076923076924 0.03365384615384615
0 0.31490384615384615 0.24879807692307693 0.014423076923076924 0.028846153846153848
0 0.3233173076923077 0.25721153846153844 0.016826923076923076 0.03365384615384615
0 0.33774038461538464 0.27163461538461536 0.019230769230769232 0.04326923076923077
0 0.36658653846153844 0.21153846153846154 0.014423076923076924 0.028846153846153848
0 0.3798076923076923 0.21514423076923078 0.014423076923076924 0.03365384615384615
0 0.3858173076923077 0.1971153846153846 0.016826923076923076 0.028846153846153848
0 0.4050480769230769 0.16706730769230768 0.014423076923076924 0.03125
0 0.4014423076923077 0.23197115384615385 0.014423076923076924 0.03365384615384615
0 0.4230769230769231 0.27403846153846156 0.02403846153846154 0.04807692307692308
0 0.43509615384615385 0.22716346153846154 0.02403846153846154 0.040865384615384616
0 0.46153846153846156 0.2283653846153846 0.019230769230769232 0.04326923076923077
0 0.4254807692307692 0.19230769230769232 0.014423076923076924 0.038461538461538464
0 0.45552884615384615 0.16947115384615385 0.016826923076923076 0.03365384615384615
0 0.45913461538461536 0.1466346153846154 0.014423076923076924 0.02403846153846154
0 0.47475961538461536 0.16346153846153846 0.014423076923076924 0.03365384615384615
0 0.48677884615384615 0.203125 0.019230769230769232 0.038461538461538464
0 0.48197115384615385 0.1310096153846154 0.01201923076923077 0.026442307692307692
0 0.5120192307692307 0.14783653846153846 0.014423076923076924 0.026442307692307692
0 0.5192307692307693 0.1622596153846154 0.019230769230769232 0.03365384615384615
0 0.5276442307692307 0.19230769230769232 0.019230769230769232 0.04807692307692308
0 0.5396634615384616 0.16346153846153846 0.019230769230769232 0.038461538461538464
0 0.53125 0.12379807692307693 0.014423076923076924 0.026442307692307692
0 0.546875 0.12620192307692307 0.019230769230769232 0.026442307692307692
0 0.5564903846153846 0.16105769230769232 0.019230769230769232 0.04326923076923077
0 0.5733173076923077 0.15504807692307693 0.014423076923076924 0.03125
0 0.5877403846153846 0.11778846153846154 0.01201923076923077 0.03365384615384615
0 0.5841346153846154 0.10216346153846154 0.014423076923076924 0.021634615384615384
0 0.6177884615384616 0.1346153846153846 0.014423076923076924 0.03365384615384615
0 0.6069711538461539 0.12139423076923077 0.014423076923076924 0.026442307692307692
0 0.6213942307692307 0.09975961538461539 0.01201923076923077 0.02403846153846154
0 0.6466346153846154 0.11538461538461539 0.014423076923076924 0.028846153846153848
0 0.6466346153846154 0.09615384615384616 0.014423076923076924 0.02403846153846154
0 0.6622596153846154 0.11778846153846154 0.014423076923076924 0.03365384615384615
0 0.6790865384615384 0.1045673076923077 0.019230769230769232 0.03365384615384615
0 0.5685096153846154 0.23557692307692307 0.02403846153846154 0.04807692307692308
0 0.5372596153846154 0.30408653846153844 0.028846153846153848 0.0673076923076923
0 0.484375 0.2920673076923077 0.026442307692307692 0.052884615384615384
0 0.5865384615384616 0.35096153846153844 0.03365384615384615 0.0673076923076923
0 0.6057692307692307 0.25961538461538464 0.02403846153846154 0.04807692307692308
0 0.6009615384615384 0.20793269230769232 0.019230769230769232 0.04807692307692308
0 0.640625 0.18629807692307693 0.019230769230769232 0.038461538461538464
0 0.6586538461538461 0.19831730769230768 0.019230769230769232 0.04326923076923077
0 0.6574519230769231 0.26322115384615385 0.021634615384615384 0.057692307692307696
0 0.6706730769230769 0.3293269230769231 0.02403846153846154 0.0625
0 0.7247596153846154 0.30408653846153844 0.02403846153846154 0.055288461538461536
0 0.6850961538461539 0.22235576923076922 0.02403846153846154 0.04807692307692308
0 0.6983173076923077 0.17668269230769232 0.021634615384615384 0.04567307692307692
0 0.6862980769230769 0.1502403846153846 0.019230769230769232 0.036057692307692304
0 0.703125 0.14182692307692307 0.019230769230769232 0.03365384615384615
0 0.7259615384615384 0.19110576923076922 0.02403846153846154 0.05048076923076923
0 0.7403846153846154 0.23557692307692307 0.02403846153846154 0.052884615384615384
0 0.7764423076923077 0.28365384615384615 0.028846153846153848 0.0625
0 0.8185096153846154 0.23076923076923078 0.019230769230769232 0.04807692307692308
0 0.7956730769230769 0.17668269230769232 0.02403846153846154 0.04326923076923077
0 0.75 0.17427884615384615 0.019230769230769232 0.036057692307692304
0 0.7379807692307693 0.13822115384615385 0.014423076923076924 0.040865384615384616
0 0.7319711538461539 0.11538461538461539 0.014423076923076924 0.03365384615384615
0 0.7415865384615384 0.11778846153846154 0.01201923076923077 0.02403846153846154
0 0.7548076923076923 0.13221153846153846 0.014423076923076924 0.038461538461538464
0 0.7740384615384616 0.1201923076923077 0.009615384615384616 0.028846153846153848
0 0.7836538461538461 0.1346153846153846 0.014423076923076924 0.03365384615384615
0 0.8040865384615384 0.12379807692307693 0.014423076923076924 0.03365384615384615
0 0.828125 0.13942307692307693 0.016826923076923076 0.03365384615384615
0 0.8401442307692307 0.18509615384615385 0.016826923076923076 0.04326923076923077
0 0.859375 0.15144230769230768 0.014423076923076924 0.03365384615384615
0 0.8858173076923077 0.13221153846153846 0.01201923076923077 0.03365384615384615
0 0.8689903846153846 0.17668269230769232 0.016826923076923076 0.03125
0 0.8641826923076923 0.22596153846153846 0.019230769230769232 0.04807692307692308
0 0.9086538461538461 0.28125 0.02403846153846154 0.057692307692307696
0 0.8846153846153846 0.1971153846153846 0.019230769230769232 0.038461538461538464
0 0.8954326923076923 0.1658653846153846 0.014423076923076924 0.03365384615384615
0 0.9194711538461539 0.20192307692307693 0.026442307692307692 0.04326923076923077
0 0.9182692307692307 0.16826923076923078 0.019230769230769232 0.028846153846153848
0 0.9206730769230769 0.14783653846153846 0.014423076923076924 0.021634615384615384