0 0.03245192307692308 0.4651442307692308 0.04326923076923077 0.08413461538461539
0 0.12259615384615384 0.6165865384615384 0.09134615384615384 0.16826923076923078
0 0.21754807692307693 0.5480769230769231 0.06009615384615385 0.10096153846153846
0 0.2439903846153846 0.5060096153846154 0.04326923076923077 0.07451923076923077
0 0.27884615384615385 0.4543269230769231 0.038461538461538464 0.052884615384615384
0 0.40865384615384615 0.25240384615384615 0.028846153846153848 0.057692307692307696
0 0.4735576923076923 0.4675480769230769 0.04326923076923077 0.06971153846153846
0 0.5036057692307693 0.5120192307692307 0.04326923076923077 0.08173076923076923
0 0.47115384615384615 0.6189903846153846 0.07211538461538461 0.09615384615384616
0 0.49158653846153844 0.7307692307692307 0.09134615384615384 0.18269230769230768
0 0.6346153846153846 0.4375 0.028846153846153848 0.07211538461538461
0 0.6586538461538461 0.4362980769230769 0.03365384615384615 0.06490384615384616
0 0.7211538461538461 0.5012019230769231 0.04807692307692308 0.09375
0 0.8245192307692307 0.5456730769230769 0.07211538461538461 0.12980769230769232
0 0.7992788461538461 0.41346153846153844 0.038461538461538464 0.07211538461538461
0 0.8677884615384616 0.44350961538461536 0.038461538461538464 0.07692307692307693
0 0.8918269230769231 0.4014423076923077 0.038461538461538464 0.07211538461538461
0 0.9495192307692307 0.4723557692307692 0.0625 0.0985576923076923
0 0.9795673076923077 0.4375 0.036057692307692304 0.10096153846153846