0 0.08173076923076923 0.3701923076923077 0.028846153846153848 0.0625
0 0.0829326923076923 0.41586538461538464 0.03125 0.0625
0 0.15625 0.34375 0.02403846153846154 0.057692307692307696
0 0.1622596153846154 0.37740384615384615 0.03125 0.0673076923076923
0 0.19230769230769232 0.38341346153846156 0.038461538461538464 0.08173076923076923
0 0.19471153846153846 0.3161057692307692 0.02403846153846154 0.055288461538461536
0 0.24519230769230768 0.2932692307692308 0.028846153846153848 0.052884615384615384
0 0.3076923076923077 0.25600961538461536 0.019230769230769232 0.052884615384615384
0 0.30408653846153844 0.3173076923076923 0.03125 0.0673076923076923
0 0.3317307692307692 0.2512019230769231 0.028846153846153848 0.0673076923076923
0 0.3317307692307692 0.36177884615384615 0.03365384615384615 0.07932692307692307
0 0.3762019230769231 0.3918269230769231 0.040865384615384616 0.08173076923076923
0 0.38341346153846156 0.46153846153846156 0.04567307692307692 0.09134615384615384