0 0.03365384615384615 0.24158653846153846 0.057692307692307696 0.12259615384615384
0 0.07692307692307693 0.18990384615384615 0.038461538461538464 0.0673076923076923
0 0.25841346153846156 0.4807692307692308 0.10817307692307693 0.14423076923076922
0 0.35096153846153844 0.40865384615384615 0.08653846153846154 0.10576923076923077
0 0.33533653846153844 0.28846153846153844 0.06971153846153846 0.10096153846153846
0 0.3004807692307692 0.26322115384615385 0.038461538461538464 0.06490384615384616
0 0.2644230769230769 0.23798076923076922 0.038461538461538464 0.052884615384615384
0 0.37259615384615385 0.24158653846153846 0.03365384615384615 0.057692307692307696
0 0.4182692307692308 0.25721153846153844 0.052884615384615384 0.08173076923076923
0 0.47475961538461536 0.29927884615384615 0.07211538461538461 0.10576923076923077
0 0.5841346153846154 0.5396634615384616 0.10576923076923077 0.1466346153846154
0 0.6670673076923077 0.45913461538461536 0.08413461538461539 0.12980769230769232
0 0.6899038461538461 0.34134615384615385 0.052884615384615384 0.08173076923076923
0 0.8197115384615384 0.2247596153846154 0.07211538461538461 0.10336538461538461
0 0.8677884615384616 0.3713942307692308 0.0625 0.10096153846153846
0 0.9110576923076923 0.31971153846153844 0.052884615384615384 0.07211538461538461
0 0.7536057692307693 0.38822115384615385 0.040865384615384616 0.09375
0 0.6995192307692307 0.28966346153846156 0.0625 0.08173076923076923
0 0.6418269230769231 0.2932692307692308 0.04326923076923077 0.07692307692307693
0 0.5769230769230769 0.27283653846153844 0.04807692307692308 0.0673076923076923