0 0.125 0.6165865384615384 0.0673076923076923 0.0985576923076923
0 0.203125 0.5889423076923077 0.052884615384615384 0.07211538461538461
0 0.27884615384615385 0.546875 0.038461538461538464 0.057692307692307696
0 0.33653846153846156 0.5300480769230769 0.028846153846153848 0.038461538461538464
0 0.34134615384615385 0.5192307692307693 0.02403846153846154 0.028846153846153848
0 0.36899038461538464 0.5036057692307693 0.02403846153846154 0.036057692307692304
0 0.3894230769230769 0.5096153846153846 0.02403846153846154 0.038461538461538464
0 0.4014423076923077 0.4987980769230769 0.02403846153846154 0.026442307692307692
0 0.38822115384615385 0.5697115384615384 0.04807692307692308 0.07211538461538461
0 0.3317307692307692 0.6322115384615384 0.0625 0.10096153846153846
0 0.5024038461538461 0.7259615384615384 0.09134615384615384 0.125
0 0.4855769230769231 0.6610576923076923 0.057692307692307696 0.07211538461538461
0 0.5072115384615384 0.5805288461538461 0.03365384615384615 0.04807692307692308
0 0.5036057692307693 0.546875 0.02403846153846154 0.03365384615384615
0 0.49278846153846156 0.5288461538461539 0.028846153846153848 0.028846153846153848
0 0.5060096153846154 0.5072115384615384 0.019230769230769232 0.03365384615384615
0 0.4675480769230769 0.5204326923076923 0.021634615384615384 0.028846153846153848
0 0.46033653846153844 0.5012019230769231 0.02403846153846154 0.03125
0 0.5600961538461539 0.5180288461538461 0.02403846153846154 0.028846153846153848
0 0.5997596153846154 0.47596153846153844 0.016826923076923076 0.028846153846153848
0 0.6009615384615384 0.5516826923076923 0.028846153846153848 0.04326923076923077
0 0.6105769230769231 0.5949519230769231 0.03365384615384615 0.04326923076923077
0 0.6478365384615384 0.609375 0.04567307692307692 0.0673076923076923
0 0.625 0.5384615384615384 0.02403846153846154 0.028846153846153848
0 0.6442307692307693 0.5120192307692307 0.014423076923076924 0.019230769230769232
0 0.6899038461538461 0.5252403846153846 0.02403846153846154 0.03125
0 0.7103365384615384 0.5396634615384616 0.026442307692307692 0.03125
0 0.7067307692307693 0.5673076923076923 0.03365384615384615 0.04807692307692308
0 0.7199519230769231 0.6057692307692307 0.04326923076923077 0.0625
0 0.7403846153846154 0.5528846153846154 0.02403846153846154 0.038461538461538464
0 0.78125 0.7800480769230769 0.08173076923076923 0.12740384615384615
0 0.8665865384615384 0.6911057692307693 0.07451923076923077 0.10096153846153846
0 0.8040865384615384 0.6021634615384616 0.04326923076923077 0.057692307692307696
0 0.7692307692307693 0.546875 0.028846153846153848 0.036057692307692304
0 0.7512019230769231 0.5252403846153846 0.016826923076923076 0.021634615384615384
0 0.7824519230769231 0.5240384615384616 0.019230769230769232 0.028846153846153848
0 0.7992788461538461 0.5276442307692307 0.016826923076923076 0.028846153846153848
0 0.8365384615384616 0.5420673076923077 0.028846153846153848 0.038461538461538464
0 0.8473557692307693 0.5264423076923077 0.016826923076923076 0.02403846153846154
0 0.8641826923076923 0.5877403846153846 0.03365384615384615 0.05048076923076923
0 0.8605769230769231 0.546875 0.019230769230769232 0.036057692307692304
0 0.8858173076923077 0.5444711538461539 0.02403846153846154 0.03365384615384615
0 0.9182692307692307 0.546875 0.028846153846153848 0.036057692307692304
0 0.9338942307692307 0.5769230769230769 0.03365384615384615 0.04807692307692308
0 0.9735576923076923 0.5697115384615384 0.03365384615384615 0.04326923076923077