0 0.2091346153846154 0.3401442307692308 0.04326923076923077 0.08653846153846154
0 0.2704326923076923 0.22596153846153846 0.016826923076923076 0.038461538461538464
0 0.31850961538461536 0.2536057692307692 0.019230769230769232 0.040865384615384616
0 0.35336538461538464 0.19951923076923078 0.019230769230769232 0.04326923076923077
0 0.36899038461538464 0.19230769230769232 0.016826923076923076 0.038461538461538464
0 0.3737980769230769 0.24879807692307693 0.021634615384615384 0.04326923076923077
0 0.4074519230769231 0.26802884615384615 0.02403846153846154 0.04567307692307692
0 0.41466346153846156 0.20673076923076922 0.016826923076923076 0.038461538461538464
0 0.42908653846153844 0.21634615384615385 0.019230769230769232 0.038461538461538464
0 0.3942307692307692 0.171875 0.014423076923076924 0.028846153846153848
0 0.4098557692307692 0.1658653846153846 0.014423076923076924 0.028846153846153848
0 0.4567307692307692 0.22115384615384615 0.019230769230769232 0.04807692307692308
0 0.4411057692307692 0.16826923076923078 0.016826923076923076 0.03365384615384615
0 0.44711538461538464 0.14302884615384615 0.014423076923076924 0.02403846153846154
0 0.48197115384615385 0.15745192307692307 0.016826923076923076 0.03125
0 0.4807692307692308 0.1346153846153846 0.019230769230769232 0.028846153846153848
0 0.5048076923076923 0.13221153846153846 0.009615384615384616 0.028846153846153848
0 0.5108173076923077 0.140625 0.014423076923076924 0.03125
0 0.4855769230769231 0.21153846153846154 0.028846153846153848 0.052884615384615384
0 0.5180288461538461 0.19591346153846154 0.021634615384615384 0.03365384615384615
0 0.5180288461538461 0.17067307692307693 0.016826923076923076 0.03365384615384615
0 0.5432692307692307 0.18990384615384615 0.019230769230769232 0.04326923076923077
0 0.5540865384615384 0.140625 0.01201923076923077 0.03125
0 0.5552884615384616 0.1201923076923077 0.014423076923076924 0.02403846153846154
0 0.5685096153846154 0.13701923076923078 0.01201923076923077 0.02403846153846154
0 0.5817307692307693 0.1814903846153846 0.019230769230769232 0.04326923076923077
0 0.5901442307692307 0.12379807692307693 0.016826923076923076 0.038461538461538464
0 0.6009615384615384 0.125 0.009615384615384616 0.03365384615384615
0 0.6117788461538461 0.11899038461538461 0.01201923076923077 0.03365384615384615
0 0.6081730769230769 0.09975961538461539 0.014423076923076924 0.02403846153846154
0 0.6322115384615384 0.1141826923076923 0.014423076923076924 0.026442307692307692
0 0.625 0.12980769230769232 0.009615384615384616 0.02403846153846154
0 0.6418269230769231 0.1502403846153846 0.019230769230769232 0.03125
0 0.6598557692307693 0.14783653846153846 0.016826923076923076 0.03125
0 0.6658653846153846 0.1141826923076923 0.014423076923076924 0.038461538461538464
0 0.6899038461538461 0.10817307692307693 0.014423076923076924 0.02403846153846154
0 0.6959134615384616 0.12139423076923077 0.016826923076923076 0.028846153846153848
0 0.71875 0.11778846153846154 0.014423076923076924 0.028846153846153848
0 0.6382211538461539 0.1971153846153846 0.02403846153846154 0.04807692307692308
0 0.5817307692307693 0.24639423076923078 0.02403846153846154 0.057692307692307696
0 0.5552884615384616 0.30649038461538464 0.03365384615384615 0.0625
0 0.6322115384615384 0.2608173076923077 0.03365384615384615 0.06490384615384616
0 0.6862980769230769 0.2668269230769231 0.02403846153846154 0.052884615384615384
0 0.6742788461538461 0.22596153846153846 0.02403846153846154 0.04326923076923077
0 0.6742788461538461 0.18389423076923078 0.019230769230769232 0.036057692307692304
0 0.7043269230769231 0.171875 0.019230769230769232 0.036057692307692304
0 0.71875 0.1971153846153846 0.02403846153846154 0.04807692307692308
0 0.7235576923076923 0.23317307692307693 0.02403846153846154 0.052884615384615384
0 0.7427884615384616 0.2692307692307692 0.028846153846153848 0.0673076923076923
0 0.7716346153846154 0.2512019230769231 0.02403846153846154 0.05048076923076923
0 0.7728365384615384 0.203125 0.019230769230769232 0.04326923076923077
0 0.7944711538461539 0.22596153846153846 0.021634615384615384 0.04807692307692308
0 0.7463942307692307 0.18629807692307693 0.016826923076923076 0.038461538461538464
0 0.7427884615384616 0.1502403846153846 0.014423076923076924 0.038461538461538464
0 0.7644230769230769 0.140625 0.009615384615384616 0.021634615384615384
0 0.7584134615384616 0.17668269230769232 0.01201923076923077 0.03125
0 0.7884615384615384 0.14423076923076922 0.009615384615384616 0.028846153846153848
0 0.7992788461538461 0.12980769230769232 0.014423076923076924 0.028846153846153848
0 0.8028846153846154 0.1622596153846154 0.014423076923076924 0.03365384615384615
0 0.8137019230769231 0.15264423076923078 0.01201923076923077 0.03125
0 0.8269230769230769 0.13942307692307693 0.009615384615384616 0.028846153846153848
0 0.8377403846153846 0.17307692307692307 0.016826923076923076 0.038461538461538464
0 0.8461538461538461 0.20192307692307693 0.019230769230769232 0.038461538461538464
0 0.8425480769230769 0.23677884615384615 0.021634615384615384 0.04326923076923077
0 0.796875 0.29447115384615385 0.03125 0.0673076923076923
0 0.8485576923076923 0.328125 0.028846153846153848 0.06009615384615385
0 0.8617788461538461 0.28966346153846156 0.02403846153846154 0.0625
0 0.9170673076923077 0.3293269230769231 0.028846153846153848 0.0673076923076923
0 0.9423076923076923 0.2764423076923077 0.019230769230769232 0.052884615384615384
0 0.9194711538461539 0.25961538461538464 0.021634615384615384 0.04326923076923077
0 0.8966346153846154 0.22956730769230768 0.019230769230769232 0.036057692307692304
0 0.8689903846153846 0.1971153846153846 0.019230769230769232 0.038461538461538464
0 0.8497596153846154 0.15625 0.016826923076923076 0.03365384615384615
0 0.8581730769230769 0.14302884615384615 0.014423076923076924 0.028846153846153848
0 0.8882211538461539 0.16105769230769232 0.016826923076923076 0.03365384615384615
0 0.9170673076923077 0.16826923076923078 0.014423076923076924 0.02403846153846154
0 0.9483173076923077 0.16826923076923078 0.016826923076923076 0.028846153846153848
0 0.9459134615384616 0.23317307692307693 0.021634615384615384 0.03365384615384615
0 0.9495192307692307 0.21033653846153846 0.014423076923076924 0.026442307692307692