0 0.0733173076923077 0.5144230769230769 0.06009615384615385 0.125
0 0.25961538461538464 0.28125 0.019230769230769232 0.03365384615384615
0 0.2848557692307692 0.27163461538461536 0.016826923076923076 0.03365384615384615
0 0.3004807692307692 0.25841346153846156 0.02403846153846154 0.040865384615384616
0 0.3076923076923077 0.2848557692307692 0.014423076923076924 0.038461538461538464
0 0.3329326923076923 0.2800480769230769 0.02403846153846154 0.04326923076923077
0 0.31490384615384615 0.23076923076923078 0.014423076923076924 0.028846153846153848
0 0.34375 0.2091346153846154 0.014423076923076924 0.03365384615384615
0 0.35216346153846156 0.23557692307692307 0.019230769230769232 0.04326923076923077
0 0.4050480769230769 0.2824519230769231 0.026442307692307692 0.04567307692307692
0 0.3762019230769231 0.22956730769230768 0.021634615384615384 0.036057692307692304
0 0.38461538461538464 0.20072115384615385 0.019230769230769232 0.04326923076923077
0 0.4110576923076923 0.2247596153846154 0.019230769230769232 0.038461538461538464
0 0.46274038461538464 0.234375 0.021634615384615384 0.04567307692307692
0 0.4254807692307692 0.18269230769230768 0.014423076923076924 0.038461538461538464
0 0.40865384615384615 0.16947115384615385 0.014423076923076924 0.026442307692307692
0 0.44591346153846156 0.20192307692307693 0.019230769230769232 0.038461538461538464
0 0.46875 0.19591346153846154 0.014423076923076924 0.03125
0 0.4831730769230769 0.19831730769230768 0.02403846153846154 0.038461538461538464
0 0.5276442307692307 0.21514423076923078 0.019230769230769232 0.03365384615384615
0 0.45072115384615385 0.140625 0.01201923076923077 0.028846153846153848
0 0.45913461538461536 0.16105769230769232 0.014423076923076924 0.028846153846153848
0 0.47716346153846156 0.16105769230769232 0.014423076923076924 0.02403846153846154
0 0.4723557692307692 0.14783653846153846 0.014423076923076924 0.026442307692307692
0 0.4831730769230769 0.13701923076923078 0.014423076923076924 0.028846153846153848
0 0.5012019230769231 0.16947115384615385 0.01201923076923077 0.03125
0 0.5252403846153846 0.13942307692307693 0.019230769230769232 0.03365384615384615
0 0.5336538461538461 0.12620192307692307 0.014423076923076924 0.03125
0 0.5456730769230769 0.15625 0.019230769230769232 0.03365384615384615
0 0.5769230769230769 0.17067307692307693 0.019230769230769232 0.038461538461538464
0 0.5540865384615384 0.11298076923076923 0.014423076923076924 0.02403846153846154
0 0.5841346153846154 0.10576923076923077 0.014423076923076924 0.028846153846153848
0 0.5913461538461539 0.11899038461538461 0.009615384615384616 0.026442307692307692
0 0.6081730769230769 0.11177884615384616 0.014423076923076924 0.026442307692307692
0 0.6129807692307693 0.09735576923076923 0.014423076923076924 0.028846153846153848
0 0.6225961538461539 0.1346153846153846 0.014423076923076924 0.03365384615384615
0 0.6358173076923077 0.10096153846153846 0.01201923076923077 0.028846153846153848
0 0.6466346153846154 0.1141826923076923 0.014423076923076924 0.03125
0 0.6706730769230769 0.12259615384615384 0.014423076923076924 0.03365384615384615
0 0.6875 0.14423076923076922 0.019230769230769232 0.038461538461538464
0 0.6959134615384616 0.09615384615384616 0.014423076923076924 0.038461538461538464
0 0.7055288461538461 0.13341346153846154 0.019230769230769232 0.038461538461538464
0 0.6502403846153846 0.17067307692307693 0.021634615384615384 0.04326923076923077
0 0.6033653846153846 0.21634615384615385 0.02403846153846154 0.04807692307692308
0 0.5661057692307693 0.2439903846153846 0.02403846153846154 0.04326923076923077
0 0.6105769230769231 0.2644230769230769 0.028846153846153848 0.057692307692307696
0 0.5324519230769231 0.3125 0.03365384615384615 0.0673076923076923
0 0.4879807692307692 0.2932692307692308 0.03365384615384615 0.057692307692307696
0 0.5757211538461539 0.36658653846153844 0.03365384615384615 0.0673076923076923
0 0.671875 0.3269230769230769 0.03365384615384615 0.07692307692307693
0 0.6670673076923077 0.25841346153846156 0.026442307692307692 0.057692307692307696
0 0.703125 0.28725961538461536 0.026442307692307692 0.057692307692307696
0 0.6610576923076923 0.21153846153846154 0.02403846153846154 0.052884615384615384
0 0.6850961538461539 0.18389423076923078 0.014423076923076924 0.04326923076923077
0 0.7019230769230769 0.22115384615384615 0.02403846153846154 0.04807692307692308
0 0.7355769230769231 0.1971153846153846 0.019230769230769232 0.052884615384615384
0 0.7572115384615384 0.2283653846153846 0.02403846153846154 0.057692307692307696
0 0.78125 0.2824519230769231 0.03365384615384615 0.0673076923076923
0 0.8641826923076923 0.22235576923076922 0.019230769230769232 0.04326923076923077
0 0.8870192307692307 0.20432692307692307 0.014423076923076924 0.04326923076923077
0 0.9194711538461539 0.2692307692307692 0.02403846153846154 0.057692307692307696
0 0.9194711538461539 0.19230769230769232 0.014423076923076924 0.04807692307692308
0 0.9242788461538461 0.15745192307692307 0.014423076923076924 0.038461538461538464
0 0.8870192307692307 0.1658653846153846 0.014423076923076924 0.03365384615384615
0 0.8930288461538461 0.12620192307692307 0.01201923076923077 0.03125
0 0.8677884615384616 0.1310096153846154 0.014423076923076924 0.03125
0 0.8617788461538461 0.15264423076923078 0.014423076923076924 0.028846153846153848
0 0.8461538461538461 0.18028846153846154 0.019230769230769232 0.03365384615384615
0 0.7980769230769231 0.1778846153846154 0.019230769230769232 0.04326923076923077
0 0.8125 0.16466346153846154 0.019230769230769232 0.038461538461538464
0 0.8269230769230769 0.140625 0.014423076923076924 0.036057692307692304
0 0.8112980769230769 0.125 0.01201923076923077 0.03365384615384615
0 0.7896634615384616 0.12980769230769232 0.01201923076923077 0.03365384615384615
0 0.7824519230769231 0.11298076923076923 0.014423076923076924 0.03365384615384615
0 0.7608173076923077 0.12740384615384615 0.014423076923076924 0.03365384615384615
0 0.7572115384615384 0.15985576923076922 0.014423076923076924 0.036057692307692304
0 0.7247596153846154 0.15745192307692307 0.019230769230769232 0.036057692307692304
0 0.7367788461538461 0.12379807692307693 0.014423076923076924 0.03365384615384615
0 0.7487980769230769 0.12620192307692307 0.016826923076923076 0.036057692307692304