0 0.16346153846153846 0.4675480769230769 0.04807692307692308 0.09375
0 0.23677884615384615 0.3425480769230769 0.019230769230769232 0.038461538461538464
0 0.265625 0.34975961538461536 0.021634615384615384 0.04807692307692308
0 0.29447115384615385 0.36778846153846156 0.02403846153846154 0.04807692307692308
0 0.28966346153846156 0.3076923076923077 0.019230769230769232 0.038461538461538464
0 0.33774038461538464 0.3762019230769231 0.02403846153846154 0.05048076923076923
0 0.3581730769230769 0.29447115384615385 0.014423076923076924 0.03365384615384615
0 0.375 0.3245192307692308 0.014423076923076924 0.038461538461538464
0 0.3870192307692308 0.3389423076923077 0.019230769230769232 0.03365384615384615
0 0.4110576923076923 0.3389423076923077 0.02403846153846154 0.038461538461538464
0 0.43149038461538464 0.34975961538461536 0.019230769230769232 0.04807692307692308
0 0.41346153846153844 0.2980769230769231 0.019230769230769232 0.038461538461538464
0 0.40384615384615385 0.28125 0.014423076923076924 0.03365384615384615
0 0.39903846153846156 0.25600961538461536 0.014423076923076924 0.03365384615384615
0 0.4326923076923077 0.2824519230769231 0.014423076923076924 0.03365384615384615
0 0.44591346153846156 0.3137019230769231 0.021634615384615384 0.038461538461538464
0 0.47115384615384615 0.30528846153846156 0.019230769230769232 0.03365384615384615
0 0.4266826923076923 0.2608173076923077 0.014423076923076924 0.021634615384615384
0 0.4723557692307692 0.26802884615384615 0.016826923076923076 0.03365384615384615
0 0.45913461538461536 0.2512019230769231 0.014423076923076924 0.026442307692307692
0 0.4699519230769231 0.24158653846153846 0.014423076923076924 0.026442307692307692
0 0.5024038461538461 0.25961538461538464 0.014423076923076924 0.028846153846153848
0 0.515625 0.27524038461538464 0.016826923076923076 0.028846153846153848
0 0.5192307692307693 0.2512019230769231 0.014423076923076924 0.026442307692307692
0 0.5384615384615384 0.2512019230769231 0.019230769230769232 0.03365384615384615
0 0.5492788461538461 0.27524038461538464 0.016826923076923076 0.03365384615384615
0 0.5661057692307693 0.25600961538461536 0.019230769230769232 0.036057692307692304
0 0.5528846153846154 0.22596153846153846 0.014423076923076924 0.028846153846153848
0 0.5721153846153846 0.22596153846153846 0.014423076923076924 0.028846153846153848
0 0.6009615384615384 0.2247596153846154 0.009615384615384616 0.026442307692307692
0 0.6021634615384616 0.25240384615384615 0.016826923076923076 0.028846153846153848
0 0.6129807692307693 0.20552884615384615 0.014423076923076924 0.028846153846153848
0 0.6262019230769231 0.21514423076923078 0.01201923076923077 0.026442307692307692
0 0.6454326923076923 0.25 0.014423076923076924 0.028846153846153848
0 0.6574519230769231 0.21875 0.01201923076923077 0.02403846153846154
0 0.6730769230769231 0.23197115384615385 0.014423076923076924 0.026442307692307692
0 0.6875 0.23197115384615385 0.014423076923076924 0.03125
0 0.5228365384615384 0.3112980769230769 0.021634615384615384 0.040865384615384616
0 0.5012019230769231 0.3701923076923077 0.028846153846153848 0.057692307692307696
0 0.546875 0.40384615384615385 0.026442307692307692 0.052884615384615384
0 0.5408653846153846 0.3737980769230769 0.028846153846153848 0.040865384615384616
0 0.5985576923076923 0.32572115384615385 0.02403846153846154 0.04807692307692308
0 0.5805288461538461 0.41947115384615385 0.02403846153846154 0.04807692307692308
0 0.6153846153846154 0.43149038461538464 0.028846153846153848 0.07211538461538461
0 0.6634615384615384 0.45552884615384615 0.028846153846153848 0.07211538461538461
0 0.6658653846153846 0.36658653846153844 0.028846153846153848 0.052884615384615384
0 0.6454326923076923 0.34134615384615385 0.019230769230769232 0.052884615384615384
0 0.6358173076923077 0.31009615384615385 0.021634615384615384 0.04326923076923077
0 0.6826923076923077 0.2668269230769231 0.014423076923076924 0.03365384615384615
0 0.703125 0.2608173076923077 0.016826923076923076 0.03365384615384615
0 0.7151442307692307 0.2860576923076923 0.016826923076923076 0.038461538461538464
0 0.7379807692307693 0.2512019230769231 0.014423076923076924 0.03125
0 0.7475961538461539 0.2692307692307692 0.019230769230769232 0.03365384615384615
0 0.7439903846153846 0.22355769230769232 0.014423076923076924 0.03365384615384615
0 0.7776442307692307 0.23677884615384615 0.014423076923076924 0.038461538461538464
0 0.765625 0.28365384615384615 0.01201923076923077 0.028846153846153848
0 0.8088942307692307 0.24879807692307693 0.014423076923076924 0.03365384615384615
0 0.8112980769230769 0.30649038461538464 0.019230769230769232 0.038461538461538464
0 0.8221153846153846 0.3389423076923077 0.019230769230769232 0.04326923076923077
0 0.8076923076923077 0.36899038461538464 0.02403846153846154 0.04807692307692308
0 0.7824519230769231 0.41346153846153844 0.028846153846153848 0.057692307692307696
0 0.7415865384615384 0.40384615384615385 0.026442307692307692 0.04807692307692308
0 0.6887019230769231 0.34615384615384615 0.02403846153846154 0.04807692307692308
0 0.7103365384615384 0.5 0.038461538461538464 0.07692307692307693
0 0.8329326923076923 0.5108173076923077 0.036057692307692304 0.07932692307692307
0 0.8473557692307693 0.4675480769230769 0.03125 0.057692307692307696
0 0.8629807692307693 0.41346153846153844 0.02403846153846154 0.057692307692307696
0 0.8725961538461539 0.34975961538461536 0.02403846153846154 0.038461538461538464
0 0.8425480769230769 0.30649038461538464 0.016826923076923076 0.03365384615384615
0 0.8533653846153846 0.2860576923076923 0.014423076923076924 0.03365384615384615
0 0.8581730769230769 0.2644230769230769 0.014423076923076924 0.028846153846153848
0 0.8401442307692307 0.25721153846153844 0.016826923076923076 0.03365384615384615
0 0.8713942307692307 0.25721153846153844 0.01201923076923077 0.03365384615384615
0 0.8966346153846154 0.29086538461538464 0.014423076923076924 0.04326923076923077
0 0.8822115384615384 0.31971153846153844 0.019230769230769232 0.04326923076923077
0 0.90625 0.4699519230769231 0.028846153846153848 0.0673076923076923
0 0.9158653846153846 0.39903846153846156 0.02403846153846154 0.052884615384615384
0 0.9266826923076923 0.35697115384615385 0.021634615384615384 0.04807692307692308
0 0.921875 0.3269230769230769 0.016826923076923076 0.038461538461538464
0 0.9326923076923077 0.31490384615384615 0.014423076923076924 0.038461538461538464
0 0.9326923076923077 0.2848557692307692 0.014423076923076924 0.028846153846153848