0 0.3329326923076923 0.7439903846153846 0.06490384615384616 0.10096153846153846
0 0.34975961538461536 0.6550480769230769 0.03365384615384615 0.04567307692307692
0 0.23076923076923078 0.6478365384615384 0.038461538461538464 0.06009615384615385
0 0.19591346153846154 0.6322115384615384 0.02403846153846154 0.03365384615384615
0 0.31009615384615385 0.6165865384615384 0.019230769230769232 0.03125
0 0.328125 0.5769230769230769 0.019230769230769232 0.028846153846153848
0 0.3701923076923077 0.6213942307692307 0.019230769230769232 0.026442307692307692
0 0.39302884615384615 0.6237980769230769 0.016826923076923076 0.026442307692307692
0 0.44471153846153844 0.6466346153846154 0.02403846153846154 0.03365384615384615
0 0.46153846153846156 0.6382211538461539 0.019230769230769232 0.03365384615384615
0 0.5012019230769231 0.6262019230769231 0.021634615384615384 0.03125
0 0.5300480769230769 0.6201923076923077 0.021634615384615384 0.03365384615384615
0 0.578125 0.6201923076923077 0.021634615384615384 0.03365384615384615
0 0.6021634615384616 0.6177884615384616 0.021634615384615384 0.028846153846153848
0 0.6490384615384616 0.6454326923076923 0.028846153846153848 0.028846153846153848
0 0.6766826923076923 0.625 0.026442307692307692 0.03365384615384615
0 0.7055288461538461 0.6442307692307693 0.021634615384615384 0.028846153846153848
0 0.7572115384615384 0.6286057692307693 0.02403846153846154 0.026442307692307692