0 0.09495192307692307 0.24519230769230768 0.02403846153846154 0.04326923076923077
0 0.21754807692307693 0.34615384615384615 0.04326923076923077 0.07692307692307693
0 0.43990384615384615 0.14302884615384615 0.014423076923076924 0.03125
0 0.46153846153846156 0.14302884615384615 0.009615384615384616 0.028846153846153848
0 0.4831730769230769 0.14903846153846154 0.014423076923076924 0.028846153846153848
0 0.515625 0.06370192307692307 0.014423076923076924 0.016826923076923076
0 0.515625 0.13221153846153846 0.01201923076923077 0.02403846153846154
0 0.4951923076923077 0.19951923076923078 0.019230769230769232 0.028846153846153848
0 0.6358173076923077 0.1201923076923077 0.01201923076923077 0.028846153846153848
0 0.6550480769230769 0.1201923076923077 0.01201923076923077 0.028846153846153848
0 0.6298076923076923 0.20552884615384615 0.02403846153846154 0.04567307692307692
0 0.6971153846153846 0.1778846153846154 0.019230769230769232 0.03365384615384615
0 0.7175480769230769 0.18870192307692307 0.014423076923076924 0.03365384615384615
0 0.7235576923076923 0.15504807692307693 0.014423076923076924 0.028846153846153848
0 0.734375 0.1778846153846154 0.01201923076923077 0.028846153846153848
0 0.7752403846153846 0.140625 0.01201923076923077 0.026442307692307692
0 0.7692307692307693 0.17427884615384615 0.019230769230769232 0.03125
0 0.8112980769230769 0.13822115384615385 0.014423076923076924 0.028846153846153848
0 0.8257211538461539 0.18269230769230768 0.019230769230769232 0.03365384615384615
0 0.9038461538461539 0.1778846153846154 0.014423076923076924 0.038461538461538464
0 0.8689903846153846 0.28725961538461536 0.019230769230769232 0.052884615384615384
0 0.9266826923076923 0.234375 0.016826923076923076 0.036057692307692304
0 0.9350961538461539 0.19471153846153846 0.014423076923076924 0.028846153846153848
0 0.9375 0.16947115384615385 0.009615384615384616 0.02403846153846154