0 0.2403846153846154 0.24519230769230768 0.028846153846153848 0.04807692307692308
0 0.3076923076923077 0.203125 0.019230769230769232 0.04326923076923077
0 0.40865384615384615 0.27524038461538464 0.028846153846153848 0.04807692307692308
0 0.4206730769230769 0.21394230769230768 0.019230769230769232 0.03365384615384615
0 0.4699519230769231 0.234375 0.019230769230769232 0.038461538461538464
0 0.49759615384615385 0.23798076923076922 0.02403846153846154 0.038461538461538464
0 0.6009615384615384 0.25240384615384615 0.02403846153846154 0.04326923076923077
0 0.65625 0.24759615384615385 0.02403846153846154 0.0625
0 0.5264423076923077 0.140625 0.014423076923076924 0.026442307692307692
0 0.5925480769230769 0.11538461538461539 0.01201923076923077 0.028846153846153848
0 0.6165865384615384 0.0985576923076923 0.01201923076923077 0.028846153846153848
0 0.6286057692307693 0.11899038461538461 0.016826923076923076 0.021634615384615384
0 0.6574519230769231 0.11538461538461539 0.014423076923076924 0.028846153846153848