0 0.09014423076923077 0.4987980769230769 0.05048076923076923 0.10096153846153846
0 0.056490384615384616 0.46033653846153844 0.038461538461538464 0.06490384615384616
0 0.03485576923076923 0.44471153846153844 0.036057692307692304 0.04326923076923077
0 0.109375 0.44350961538461536 0.03125 0.052884615384615384
0 0.18028846153846154 0.34375 0.04326923076923077 0.07211538461538461
0 0.19110576923076922 0.5600961538461539 0.06490384615384616 0.11538461538461539
0 0.23677884615384615 0.46033653846153844 0.03125 0.06009615384615385
0 0.26802884615384615 0.47716346153846156 0.03125 0.07211538461538461
0 0.29927884615384615 0.5060096153846154 0.040865384615384616 0.08173076923076923
0 0.3076923076923077 0.4423076923076923 0.028846153846153848 0.04807692307692308
0 0.35697115384615385 0.4495192307692308 0.03125 0.052884615384615384
0 0.35216346153846156 0.5192307692307693 0.038461538461538464 0.07692307692307693
0 0.4230769230769231 0.4987980769230769 0.038461538461538464 0.06490384615384616
0 0.44350961538461536 0.3894230769230769 0.040865384615384616 0.0673076923076923
0 0.4963942307692308 0.4483173076923077 0.036057692307692304 0.0625
0 0.5516826923076923 0.5564903846153846 0.0889423076923077 0.1346153846153846
0 0.5408653846153846 0.46274038461538464 0.03365384615384615 0.06971153846153846
0 0.5709134615384616 0.4879807692307692 0.03365384615384615 0.0625
0 0.6081730769230769 0.4723557692307692 0.038461538461538464 0.06009615384615385
0 0.6237980769230769 0.5024038461538461 0.04807692307692308 0.08173076923076923
0 0.6586538461538461 0.4699519230769231 0.038461538461538464 0.08173076923076923
0 0.6947115384615384 0.5372596153846154 0.07211538461538461 0.13221153846153846
0 0.7439903846153846 0.5300480769230769 0.06971153846153846 0.12259615384615384
0 0.7572115384615384 0.3870192307692308 0.03365384615384615 0.07211538461538461
0 0.8064903846153846 0.4723557692307692 0.04807692307692308 0.07692307692307693
0 0.8617788461538461 0.5132211538461539 0.0625 0.11538461538461539
0 0.9735576923076923 0.47596153846153844 0.04807692307692308 0.10096153846153846