0 0.10216346153846154 0.5588942307692307 0.10817307692307693 0.22115384615384615
0 0.18990384615384615 0.3942307692307692 0.057692307692307696 0.08653846153846154
0 0.28725961538461536 0.47716346153846156 0.10336538461538461 0.18028846153846154
0 0.2704326923076923 0.7055288461538461 0.13942307692307693 0.22596153846153846
0 0.3473557692307692 0.4519230769230769 0.06971153846153846 0.15384615384615385
0 0.49278846153846156 0.24879807692307693 0.13942307692307693 0.2620192307692308
0 0.7235576923076923 0.38461538461538464 0.0673076923076923 0.11538461538461539
0 0.8353365384615384 0.5721153846153846 0.1201923076923077 0.22596153846153846
0 0.7764423076923077 0.5384615384615384 0.11057692307692307 0.18269230769230768
0 0.8882211538461539 0.4987980769230769 0.09375 0.16346153846153846
0 0.9471153846153846 0.41466346153846156 0.07211538461538461 0.1201923076923077