0 0.2776442307692308 0.25600961538461536 0.016826923076923076 0.028846153846153848
0 0.2932692307692308 0.2668269230769231 0.019230769230769232 0.028846153846153848
0 0.3713942307692308 0.26322115384615385 0.014423076923076924 0.038461538461538464
0 0.359375 0.22115384615384615 0.014423076923076924 0.028846153846153848
0 0.36538461538461536 0.19831730769230768 0.019230769230769232 0.028846153846153848
0 0.40625 0.22716346153846154 0.02403846153846154 0.057692307692307696
0 0.43990384615384615 0.22716346153846154 0.019230769230769232 0.040865384615384616
0 0.4651442307692308 0.22956730769230768 0.016826923076923076 0.036057692307692304
0 0.44350961538461536 0.1875 0.01201923076923077 0.03365384615384615
0 0.40865384615384615 0.171875 0.009615384615384616 0.021634615384615384
0 0.39663461538461536 0.19591346153846154 0.014423076923076924 0.03365384615384615
0 0.46153846153846156 0.15625 0.014423076923076924 0.02403846153846154
0 0.4639423076923077 0.19230769230769232 0.014423076923076924 0.02403846153846154
0 0.5168269230769231 0.19831730769230768 0.02403846153846154 0.03365384615384615
0 0.484375 0.20192307692307693 0.014423076923076924 0.03365384615384615
0 0.48677884615384615 0.16826923076923078 0.016826923076923076 0.028846153846153848
0 0.5024038461538461 0.1310096153846154 0.009615384615384616 0.026442307692307692
0 0.5396634615384616 0.13221153846153846 0.01201923076923077 0.02403846153846154
0 0.5504807692307693 0.125 0.014423076923076924 0.02403846153846154
0 0.5612980769230769 0.1346153846153846 0.01201923076923077 0.028846153846153848
0 0.5841346153846154 0.16947115384615385 0.014423076923076924 0.028846153846153848
0 0.5372596153846154 0.18990384615384615 0.016826923076923076 0.02403846153846154
0 0.5240384615384616 0.16947115384615385 0.009615384615384616 0.021634615384615384
0 0.5985576923076923 0.15865384615384615 0.014423076923076924 0.028846153846153848
0 0.578125 0.13942307692307693 0.01201923076923077 0.028846153846153848
0 0.5829326923076923 0.12259615384615384 0.01201923076923077 0.02403846153846154
0 0.5913461538461539 0.10216346153846154 0.009615384615384616 0.021634615384615384
0 0.6057692307692307 0.11298076923076923 0.009615384615384616 0.02403846153846154
0 0.6370192307692307 0.10576923076923077 0.014423076923076924 0.019230769230769232
0 0.6370192307692307 0.1346153846153846 0.014423076923076924 0.02403846153846154
0 0.6478365384615384 0.1346153846153846 0.01201923076923077 0.02403846153846154
0 0.6634615384615384 0.1141826923076923 0.009615384615384616 0.026442307692307692
0 0.6947115384615384 0.10576923076923077 0.014423076923076924 0.028846153846153848
0 0.6129807692307693 0.21754807692307693 0.019230769230769232 0.038461538461538464
0 0.5216346153846154 0.27884615384615385 0.019230769230769232 0.04807692307692308
0 0.5576923076923077 0.25721153846153844 0.019230769230769232 0.03365384615384615
0 0.5600961538461539 0.29927884615384615 0.02403846153846154 0.04326923076923077
0 0.6009615384615384 0.3293269230769231 0.02403846153846154 0.052884615384615384
0 0.6081730769230769 0.2620192307692308 0.02403846153846154 0.04326923076923077
0 0.6694711538461539 0.2091346153846154 0.016826923076923076 0.038461538461538464
0 0.6526442307692307 0.17427884615384615 0.016826923076923076 0.03365384615384615
0 0.6706730769230769 0.16466346153846154 0.014423076923076924 0.03125
0 0.6850961538461539 0.18269230769230768 0.014423076923076924 0.028846153846153848
0 0.6923076923076923 0.2283653846153846 0.019230769230769232 0.03365384615384615
0 0.6766826923076923 0.30649038461538464 0.028846153846153848 0.04567307692307692
0 0.7415865384615384 0.35336538461538464 0.03125 0.0625
0 0.7848557692307693 0.3918269230769231 0.028846153846153848 0.07692307692307693
0 0.8870192307692307 0.359375 0.028846153846153848 0.07211538461538461
0 0.90625 0.29927884615384615 0.02403846153846154 0.06009615384615385
0 0.90625 0.25841346153846156 0.019230769230769232 0.03365384615384615
0 0.9158653846153846 0.23197115384615385 0.014423076923076924 0.04567307692307692
0 0.9122596153846154 0.20192307692307693 0.016826923076923076 0.038461538461538464
0 0.9158653846153846 0.15625 0.014423076923076924 0.02403846153846154
0 0.8100961538461539 0.3125 0.02403846153846154 0.04807692307692308
0 0.7608173076923077 0.27163461538461536 0.02403846153846154 0.052884615384615384
0 0.7235576923076923 0.25240384615384615 0.02403846153846154 0.04807692307692308
0 0.7211538461538461 0.19831730769230768 0.019230769230769232 0.036057692307692304
0 0.7596153846153846 0.21394230769230768 0.019230769230769232 0.04326923076923077
0 0.7752403846153846 0.20192307692307693 0.014423076923076924 0.03365384615384615
0 0.796875 0.2403846153846154 0.02403846153846154 0.038461538461538464
0 0.8149038461538461 0.20793269230769232 0.014423076923076924 0.03365384615384615
0 0.8665865384615384 0.20793269230769232 0.014423076923076924 0.036057692307692304
0 0.8605769230769231 0.25240384615384615 0.019230769230769232 0.04807692307692308
0 0.8870192307692307 0.18389423076923078 0.014423076923076924 0.03365384615384615
0 0.8798076923076923 0.16706730769230768 0.014423076923076924 0.026442307692307692
0 0.8870192307692307 0.14543269230769232 0.014423076923076924 0.03125
0 0.8473557692307693 0.16466346153846154 0.01201923076923077 0.026442307692307692
0 0.8521634615384616 0.1346153846153846 0.01201923076923077 0.02403846153846154
0 0.8197115384615384 0.14182692307692307 0.014423076923076924 0.02403846153846154
0 0.8245192307692307 0.12620192307692307 0.014423076923076924 0.021634615384615384
0 0.7908653846153846 0.15625 0.014423076923076924 0.03365384615384615
0 0.7716346153846154 0.16466346153846154 0.014423076923076924 0.03125
0 0.7415865384615384 0.15264423076923078 0.014423076923076924 0.028846153846153848
0 0.7584134615384616 0.12980769230769232 0.01201923076923077 0.028846153846153848
0 0.734375 0.1201923076923077 0.014423076923076924 0.028846153846153848