0 0.41225961538461536 0.21875 0.019230769230769232 0.03365384615384615
0 0.5949519230769231 0.22596153846153846 0.021634615384615384 0.052884615384615384
0 0.6225961538461539 0.1346153846153846 0.014423076923076924 0.028846153846153848
0 0.6418269230769231 0.140625 0.014423076923076924 0.03125
0 0.6526442307692307 0.11778846153846154 0.01201923076923077 0.02403846153846154
0 0.7560096153846154 0.13701923076923078 0.01201923076923077 0.03365384615384615
0 0.7680288461538461 0.14903846153846154 0.016826923076923076 0.028846153846153848
0 0.8149038461538461 0.24519230769230768 0.019230769230769232 0.04326923076923077
0 0.8870192307692307 0.25240384615384615 0.014423076923076924 0.038461538461538464
0 0.8942307692307693 0.22115384615384615 0.009615384615384616 0.028846153846153848
0 0.9194711538461539 0.24879807692307693 0.019230769230769232 0.052884615384615384