0 0.02283653846153846 0.4543269230769231 0.04326923076923077 0.16826923076923078
0 0.04447115384615385 0.36658653846153844 0.04807692307692308 0.12740384615384615
0 0.04927884615384615 0.27884615384615385 0.036057692307692304 0.08653846153846154
0 0.09975961538461539 0.2776442307692308 0.040865384615384616 0.10096153846153846
0 0.10576923076923077 0.4723557692307692 0.057692307692307696 0.1466346153846154
0 0.21394230769230768 0.5324519230769231 0.07211538461538461 0.16826923076923078
0 0.2692307692307692 0.36658653846153844 0.04326923076923077 0.12980769230769232
0 0.22355769230769232 0.24639423076923078 0.03365384615384615 0.08173076923076923
0 0.28365384615384615 0.2536057692307692 0.02403846153846154 0.08173076923076923
0 0.30528846153846156 0.2920673076923077 0.03365384615384615 0.10096153846153846
0 0.3088942307692308 0.22235576923076922 0.028846153846153848 0.07692307692307693
0 0.33533653846153844 0.28365384615384615 0.03125 0.10096153846153846
0 0.3485576923076923 0.22596153846153846 0.014423076923076924 0.0673076923076923
0 0.36778846153846156 0.23557692307692307 0.019230769230769232 0.057692307692307696
0 0.3762019230769231 0.28725961538461536 0.03125 0.08653846153846154
0 0.4326923076923077 0.21514423076923078 0.019230769230769232 0.06009615384615385
0 0.3161057692307692 0.5264423076923077 0.055288461538461536 0.15865384615384615
0 0.4182692307692308 0.36658653846153844 0.04326923076923077 0.11298076923076923
0 0.4855769230769231 0.3641826923076923 0.038461538461538464 0.09134615384615384
0 0.5072115384615384 0.24158653846153846 0.019230769230769232 0.052884615384615384
0 0.4951923076923077 0.23798076923076922 0.014423076923076924 0.04326923076923077
0 0.48197115384615385 0.19951923076923078 0.019230769230769232 0.052884615384615384
0 0.5408653846153846 0.18629807692307693 0.014423076923076924 0.052884615384615384
0 0.5240384615384616 0.22596153846153846 0.019230769230769232 0.057692307692307696
0 0.5625 0.3329326923076923 0.028846153846153848 0.08173076923076923
0 0.5637019230769231 0.21754807692307693 0.014423076923076924 0.055288461538461536
0 0.6105769230769231 0.32091346153846156 0.028846153846153848 0.07692307692307693
0 0.5961538461538461 0.28365384615384615 0.019230769230769232 0.052884615384615384
0 0.6069711538461539 0.19471153846153846 0.014423076923076924 0.052884615384615384
0 0.6274038461538461 0.21514423076923078 0.019230769230769232 0.057692307692307696
0 0.6730769230769231 0.22115384615384615 0.019230769230769232 0.052884615384615384
0 0.6778846153846154 0.3389423076923077 0.03365384615384615 0.08653846153846154
0 0.6430288461538461 0.41346153846153844 0.038461538461538464 0.11538461538461539
0 0.6550480769230769 0.3557692307692308 0.028846153846153848 0.07692307692307693
0 0.5600961538461539 0.5012019230769231 0.052884615384615384 0.15865384615384615
0 0.7439903846153846 0.3449519230769231 0.026442307692307692 0.09375
0 0.7235576923076923 0.28966346153846156 0.02403846153846154 0.06490384615384616
0 0.7235576923076923 0.24879807692307693 0.014423076923076924 0.05048076923076923
0 0.7175480769230769 0.22596153846153846 0.016826923076923076 0.04807692307692308
0 0.6971153846153846 0.23677884615384615 0.019230769230769232 0.057692307692307696
0 0.8665865384615384 0.12379807692307693 0.052884615384615384 0.15625
0 0.9567307692307693 0.25240384615384615 0.019230769230769232 0.052884615384615384
0 0.039663461538461536 0.7956730769230769 0.07932692307692307 0.3317307692307692