0 0.039663461538461536 0.5612980769230769 0.055288461538461536 0.11057692307692307
0 0.18629807692307693 0.6694711538461539 0.021634615384615384 0.040865384615384616
0 0.21153846153846154 0.6646634615384616 0.02403846153846154 0.04567307692307692
0 0.19471153846153846 0.7007211538461539 0.02403846153846154 0.04807692307692308
0 0.24158653846153846 0.7127403846153846 0.028846153846153848 0.0625
0 0.30288461538461536 0.6923076923076923 0.038461538461538464 0.07211538461538461
0 0.33774038461538464 0.6610576923076923 0.026442307692307692 0.07211538461538461
0 0.3581730769230769 0.6514423076923077 0.02403846153846154 0.052884615384615384
0 0.38341346153846156 0.6899038461538461 0.028846153846153848 0.08173076923076923
0 0.4230769230769231 0.6394230769230769 0.02403846153846154 0.052884615384615384
0 0.4495192307692308 0.6298076923076923 0.02403846153846154 0.052884615384615384
0 0.5036057692307693 0.6766826923076923 0.038461538461538464 0.0673076923076923
0 0.5396634615384616 0.6358173076923077 0.028846153846153848 0.057692307692307696
0 0.6177884615384616 0.6730769230769231 0.052884615384615384 0.11057692307692307
0 0.6418269230769231 0.6081730769230769 0.028846153846153848 0.0625
0 0.7536057692307693 0.7415865384615384 0.055288461538461536 0.12980769230769232
0 0.7776442307692307 0.6670673076923077 0.04326923076923077 0.09615384615384616
0 0.9459134615384616 0.6394230769230769 0.04807692307692308 0.11057692307692307
0 0.984375 0.6189903846153846 0.026442307692307692 0.0889423076923077
0 0.6105769230769231 0.6370192307692307 0.028846153846153848 0.07211538461538461