0 0.17067307692307693 0.4879807692307692 0.04326923076923077 0.07692307692307693
0 0.27524038461538464 0.26322115384615385 0.019230769230769232 0.03365384615384615
0 0.3581730769230769 0.19471153846153846 0.014423076923076924 0.03365384615384615
0 0.36538461538461536 0.27283653846153844 0.019230769230769232 0.036057692307692304
0 0.40865384615384615 0.22596153846153846 0.019230769230769232 0.038461538461538464
0 0.4519230769230769 0.22115384615384615 0.019230769230769232 0.038461538461538464
0 0.41346153846153844 0.16466346153846154 0.019230769230769232 0.036057692307692304
0 0.4651442307692308 0.13822115384615385 0.019230769230769232 0.03125
0 0.5204326923076923 0.1310096153846154 0.01201923076923077 0.028846153846153848
0 0.5324519230769231 0.12740384615384615 0.01201923076923077 0.028846153846153848
0 0.5588942307692307 0.109375 0.01201923076923077 0.021634615384615384
0 0.5576923076923077 0.13221153846153846 0.009615384615384616 0.028846153846153848
0 0.578125 0.12139423076923077 0.01201923076923077 0.026442307692307692
0 0.6033653846153846 0.12740384615384615 0.014423076923076924 0.02403846153846154
0 0.6129807692307693 0.15264423076923078 0.014423076923076924 0.028846153846153848
0 0.6466346153846154 0.13341346153846154 0.014423076923076924 0.021634615384615384
0 0.5564903846153846 0.18269230769230768 0.019230769230769232 0.03365384615384615
0 0.4963942307692308 0.30288461538461536 0.019230769230769232 0.038461538461538464
0 0.5372596153846154 0.3293269230769231 0.02403846153846154 0.04326923076923077
0 0.5516826923076923 0.2536057692307692 0.019230769230769232 0.04567307692307692
0 0.6057692307692307 0.2620192307692308 0.02403846153846154 0.04326923076923077
0 0.6514423076923077 0.22115384615384615 0.02403846153846154 0.038461538461538464
0 0.6514423076923077 0.17427884615384615 0.014423076923076924 0.040865384615384616
0 0.6875 0.15745192307692307 0.02403846153846154 0.05048076923076923
0 0.7103365384615384 0.17908653846153846 0.019230769230769232 0.040865384615384616
0 0.6658653846153846 0.3233173076923077 0.028846153846153848 0.06971153846153846
0 0.7223557692307693 0.25841346153846156 0.026442307692307692 0.06009615384615385
0 0.7463942307692307 0.3088942307692308 0.02403846153846154 0.052884615384615384
0 0.7524038461538461 0.22235576923076922 0.02403846153846154 0.04567307692307692
0 0.7776442307692307 0.19831730769230768 0.019230769230769232 0.04567307692307692
0 0.7704326923076923 0.2800480769230769 0.026442307692307692 0.06009615384615385
0 0.8064903846153846 0.23798076923076922 0.021634615384615384 0.052884615384615384
0 0.7872596153846154 0.38822115384615385 0.03365384615384615 0.0625
0 0.8365384615384616 0.29927884615384615 0.028846153846153848 0.0625
0 0.890625 0.35336538461538464 0.036057692307692304 0.07692307692307693
0 0.9098557692307693 0.328125 0.026442307692307692 0.05048076923076923
0 0.8341346153846154 0.12980769230769232 0.014423076923076924 0.028846153846153848
0 0.8269230769230769 0.140625 0.009615384615384616 0.026442307692307692
0 0.8545673076923077 0.1502403846153846 0.016826923076923076 0.028846153846153848
0 0.8641826923076923 0.12379807692307693 0.01201923076923077 0.028846153846153848
0 0.8978365384615384 0.14182692307692307 0.009615384615384616 0.019230769230769232
0 0.921875 0.15264423076923078 0.01201923076923077 0.019230769230769232
0 0.7716346153846154 0.15144230769230768 0.019230769230769232 0.02403846153846154