0 0.12379807692307693 0.28966346153846156 0.23798076923076922 0.45913461538461536
0 0.31850961538461536 0.44471153846153844 0.04807692307692308 0.08173076923076923
0 0.3713942307692308 0.3329326923076923 0.05048076923076923 0.07932692307692307
0 0.234375 0.3473557692307692 0.036057692307692304 0.08413461538461539
0 0.421875 0.5264423076923077 0.07692307692307693 0.12980769230769232
0 0.484375 0.46033653846153844 0.057692307692307696 0.10817307692307693
0 0.4795673076923077 0.3173076923076923 0.040865384615384616 0.0673076923076923
0 0.5408653846153846 0.27524038461538464 0.038461538461538464 0.06009615384615385
0 0.6382211538461539 0.27403846153846156 0.03125 0.0673076923076923
0 0.6394230769230769 0.47115384615384615 0.057692307692307696 0.08653846153846154
0 0.7524038461538461 0.5552884615384616 0.09134615384615384 0.13942307692307693
0 0.7007211538461539 0.36177884615384615 0.04326923076923077 0.0673076923076923
0 0.7439903846153846 0.28125 0.03365384615384615 0.057692307692307696
0 0.8064903846153846 0.3701923076923077 0.040865384615384616 0.0673076923076923
0 0.828125 0.43990384615384615 0.0625 0.11538461538461539
0 0.9098557692307693 0.3557692307692308 0.038461538461538464 0.08653846153846154
0 0.8401442307692307 0.2776442307692308 0.03365384615384615 0.057692307692307696
0 0.8689903846153846 0.22355769230769232 0.028846153846153848 0.052884615384615384
0 0.9519230769230769 0.23557692307692307 0.038461538461538464 0.057692307692307696
0 0.9723557692307693 0.29086538461538464 0.036057692307692304 0.08173076923076923
0 0.9795673076923077 0.4375 0.038461538461538464 0.09134615384615384