0 0.35216346153846156 0.3076923076923077 0.019230769230769232 0.038461538461538464
0 0.390625 0.28846153846153844 0.026442307692307692 0.04807692307692308
0 0.4891826923076923 0.3004807692307692 0.026442307692307692 0.052884615384615384
0 0.3401442307692308 0.21394230769230768 0.016826923076923076 0.03365384615384615
0 0.36538461538461536 0.18870192307692307 0.009615384615384616 0.021634615384615384
0 0.36778846153846156 0.21514423076923078 0.014423076923076924 0.028846153846153848
0 0.39663461538461536 0.2247596153846154 0.014423076923076924 0.03125
0 0.453125 0.22716346153846154 0.019230769230769232 0.038461538461538464
0 0.4014423076923077 0.19471153846153846 0.014423076923076924 0.02403846153846154
0 0.4699519230769231 0.22596153846153846 0.019230769230769232 0.038461538461538464
0 0.45913461538461536 0.19471153846153846 0.014423076923076924 0.038461538461538464
0 0.4891826923076923 0.19951923076923078 0.01201923076923077 0.03365384615384615
0 0.5444711538461539 0.1310096153846154 0.021634615384615384 0.040865384615384616
0 0.5745192307692307 0.13341346153846154 0.014423076923076924 0.026442307692307692
0 0.6310096153846154 0.2548076923076923 0.02403846153846154 0.04807692307692308
0 0.7103365384615384 0.18870192307692307 0.019230769230769232 0.036057692307692304
0 0.7548076923076923 0.2403846153846154 0.019230769230769232 0.04807692307692308
0 0.7644230769230769 0.16466346153846154 0.019230769230769232 0.036057692307692304
0 0.9362980769230769 0.2439903846153846 0.019230769230769232 0.040865384615384616
0 0.47475961538461536 0.18028846153846154 0.019230769230769232 0.03365384615384615
0 0.4014423076923077 0.17908653846153846 0.014423076923076924 0.036057692307692304
0 0.44591346153846156 0.19110576923076922 0.016826923076923076 0.040865384615384616