0 0.19230769230769232 0.3954326923076923 0.10576923076923077 0.18509615384615385
0 0.23557692307692307 0.23918269230769232 0.09615384615384616 0.15865384615384615
0 0.27283653846153844 0.10697115384615384 0.07451923076923077 0.1201923076923077
0 0.1658653846153846 0.08052884615384616 0.0625 0.09615384615384616
0 0.41225961538461536 0.1971153846153846 0.038461538461538464 0.0625
0 0.46153846153846156 0.2091346153846154 0.038461538461538464 0.0625
0 0.4951923076923077 0.20673076923076922 0.038461538461538464 0.0673076923076923
0 0.5709134615384616 0.21153846153846154 0.028846153846153848 0.057692307692307696
0 0.5961538461538461 0.19591346153846154 0.038461538461538464 0.0625
0 0.6394230769230769 0.21153846153846154 0.038461538461538464 0.057692307692307696
0 0.6814903846153846 0.21394230769230768 0.036057692307692304 0.07211538461538461
0 0.7115384615384616 0.203125 0.028846153846153848 0.055288461538461536
0 0.7704326923076923 0.21153846153846154 0.036057692307692304 0.057692307692307696
0 0.8028846153846154 0.2127403846153846 0.04807692307692308 0.07692307692307693
0 0.7716346153846154 0.17307692307692307 0.02403846153846154 0.038461538461538464
0 0.8425480769230769 0.20072115384615385 0.052884615384615384 0.10096153846153846
0 0.8978365384615384 0.21514423076923078 0.0673076923076923 0.11298076923076923
0 0.9447115384615384 0.21033653846153846 0.038461538461538464 0.06009615384615385
0 0.9819711538461539 0.23076923076923078 0.03365384615384615 0.08653846153846154