0 0.12379807692307693 0.5348557692307693 0.057692307692307696 0.11298076923076923
0 0.21634615384615385 0.27403846153846156 0.019230769230769232 0.04326923076923077
0 0.24158653846153846 0.28125 0.028846153846153848 0.052884615384615384
0 0.28846153846153844 0.23317307692307693 0.019230769230769232 0.038461538461538464
0 0.3088942307692308 0.23918269230769232 0.016826923076923076 0.040865384615384616
0 0.32091346153846156 0.21033653846153846 0.019230769230769232 0.05048076923076923
0 0.34375 0.21754807692307693 0.019230769230769232 0.04567307692307692
0 0.359375 0.20552884615384615 0.014423076923076924 0.04326923076923077
0 0.3737980769230769 0.1971153846153846 0.016826923076923076 0.04326923076923077
0 0.38221153846153844 0.2536057692307692 0.019230769230769232 0.05048076923076923
0 0.4014423076923077 0.18509615384615385 0.014423076923076924 0.03365384615384615
0 0.41346153846153844 0.2283653846153846 0.019230769230769232 0.038461538461538464
0 0.4411057692307692 0.18990384615384615 0.016826923076923076 0.03365384615384615
0 0.45072115384615385 0.1658653846153846 0.01201923076923077 0.02403846153846154
0 0.4411057692307692 0.30528846153846156 0.02403846153846154 0.052884615384615384
0 0.4639423076923077 0.16466346153846154 0.014423076923076924 0.03125
0 0.4723557692307692 0.16105769230769232 0.016826923076923076 0.03365384615384615
0 0.4855769230769231 0.17307692307692307 0.019230769230769232 0.038461538461538464
0 0.5060096153846154 0.20673076923076922 0.021634615384615384 0.04326923076923077
0 0.48197115384615385 0.24158653846153846 0.026442307692307692 0.04567307692307692
0 0.5588942307692307 0.21514423076923078 0.021634615384615384 0.04326923076923077
0 0.5036057692307693 0.15384615384615385 0.016826923076923076 0.038461538461538464
0 0.5264423076923077 0.16947115384615385 0.014423076923076924 0.04807692307692308
0 0.5372596153846154 0.15985576923076922 0.014423076923076924 0.040865384615384616
0 0.5600961538461539 0.14182692307692307 0.014423076923076924 0.03365384615384615
0 0.5661057692307693 0.15985576923076922 0.021634615384615384 0.040865384615384616
0 0.5853365384615384 0.140625 0.016826923076923076 0.03125
0 0.5889423076923077 0.17427884615384615 0.019230769230769232 0.04326923076923077
0 0.5865384615384616 0.20072115384615385 0.019230769230769232 0.040865384615384616
0 0.6045673076923077 0.2127403846153846 0.019230769230769232 0.04326923076923077
0 0.6045673076923077 0.1310096153846154 0.016826923076923076 0.03125
0 0.6129807692307693 0.15625 0.014423076923076924 0.03365384615384615
0 0.6189903846153846 0.1778846153846154 0.019230769230769232 0.038461538461538464
0 0.6382211538461539 0.12980769230769232 0.014423076923076924 0.038461538461538464
0 0.6622596153846154 0.15264423076923078 0.01201923076923077 0.03365384615384615
0 0.671875 0.14423076923076922 0.01201923076923077 0.028846153846153848
0 0.6658653846153846 0.18028846153846154 0.014423076923076924 0.03365384615384615
0 0.6826923076923077 0.1814903846153846 0.014423076923076924 0.03365384615384615
0 0.6971153846153846 0.13942307692307693 0.019230769230769232 0.03365384615384615
0 0.71875 0.15745192307692307 0.014423076923076924 0.036057692307692304
0 0.5841346153846154 0.32572115384615385 0.02403846153846154 0.04326923076923077
0 0.6165865384615384 0.35096153846153844 0.02403846153846154 0.04807692307692308
0 0.6237980769230769 0.2848557692307692 0.02403846153846154 0.06009615384615385
0 0.6622596153846154 0.3954326923076923 0.028846153846153848 0.07692307692307693
0 0.6682692307692307 0.24278846153846154 0.028846153846153848 0.052884615384615384
0 0.7043269230769231 0.21153846153846154 0.019230769230769232 0.04807692307692308
0 0.7283653846153846 0.2536057692307692 0.02403846153846154 0.040865384615384616
0 0.7475961538461539 0.22115384615384615 0.019230769230769232 0.038461538461538464
0 0.7608173076923077 0.19471153846153846 0.014423076923076924 0.03365384615384615
0 0.7728365384615384 0.1814903846153846 0.014423076923076924 0.03365384615384615
0 0.7824519230769231 0.20432692307692307 0.016826923076923076 0.038461538461538464
0 0.8137019230769231 0.18990384615384615 0.014423076923076924 0.03365384615384615
0 0.7992788461538461 0.23557692307692307 0.016826923076923076 0.038461538461538464
0 0.8197115384615384 0.22115384615384615 0.014423076923076924 0.038461538461538464
0 0.8353365384615384 0.20793269230769232 0.016826923076923076 0.036057692307692304
0 0.8076923076923077 0.29447115384615385 0.019230769230769232 0.057692307692307696
0 0.7584134615384616 0.28365384615384615 0.02403846153846154 0.04807692307692308
0 0.7307692307692307 0.3858173076923077 0.028846153846153848 0.0625
0 0.8028846153846154 0.43028846153846156 0.038461538461538464 0.07692307692307693
0 0.859375 0.4987980769230769 0.03125 0.08653846153846154
0 0.8882211538461539 0.38341346153846156 0.02403846153846154 0.0673076923076923
0 0.8629807692307693 0.3317307692307692 0.02403846153846154 0.04807692307692308
0 0.8713942307692307 0.2980769230769231 0.016826923076923076 0.04807692307692308
0 0.8882211538461539 0.29086538461538464 0.019230769230769232 0.04326923076923077
0 0.8677884615384616 0.2283653846153846 0.014423076923076924 0.03365384615384615
0 0.8786057692307693 0.21754807692307693 0.014423076923076924 0.038461538461538464
0 0.9110576923076923 0.2283653846153846 0.014423076923076924 0.04326923076923077
0 0.9050480769230769 0.25240384615384615 0.016826923076923076 0.03365384615384615
0 0.9326923076923077 0.2668269230769231 0.014423076923076924 0.038461538461538464
0 0.9471153846153846 0.23918269230769232 0.014423076923076924 0.038461538461538464
0 0.984375 0.25600961538461536 0.014423076923076924 0.040865384615384616
0 0.9771634615384616 0.3004807692307692 0.016826923076923076 0.03365384615384615
0 0.9735576923076923 0.3161057692307692 0.014423076923076924 0.040865384615384616
0 0.9759615384615384 0.3473557692307692 0.019230769230769232 0.04807692307692308
0 0.9507211538461539 0.36899038461538464 0.021634615384615384 0.0625
0 0.9266826923076923 0.3173076923076923 0.014423076923076924 0.04807692307692308
0 0.9615384615384616 0.4483173076923077 0.019230769230769232 0.0673076923076923