0 0.04567307692307692 0.40865384615384615 0.03365384615384615 0.0625
0 0.10817307692307693 0.36177884615384615 0.028846153846153848 0.06009615384615385
0 0.09975961538461539 0.43990384615384615 0.03125 0.0625
0 0.12620192307692307 0.44711538461538464 0.03125 0.057692307692307696
0 0.17067307692307693 0.45913461538461536 0.03365384615384615 0.0625
0 0.20552884615384615 0.45913461538461536 0.028846153846153848 0.057692307692307696
0 0.18389423076923078 0.43149038461538464 0.02403846153846154 0.052884615384615384
0 0.15985576923076922 0.37259615384615385 0.021634615384615384 0.052884615384615384
0 0.18509615384615385 0.38341346153846156 0.02403846153846154 0.04807692307692308
0 0.21514423076923078 0.39903846153846156 0.02403846153846154 0.04807692307692308
0 0.22235576923076922 0.3485576923076923 0.021634615384615384 0.04326923076923077
0 0.24639423076923078 0.36899038461538464 0.021634615384615384 0.04567307692307692
0 0.2536057692307692 0.45552884615384615 0.026442307692307692 0.057692307692307696
0 0.27163461538461536 0.3737980769230769 0.02403846153846154 0.057692307692307696
0 0.2860576923076923 0.33653846153846156 0.02403846153846154 0.04807692307692308
0 0.2920673076923077 0.42788461538461536 0.03365384615384615 0.057692307692307696
0 0.3137019230769231 0.390625 0.026442307692307692 0.05048076923076923
0 0.32211538461538464 0.36658653846153844 0.02403846153846154 0.052884615384615384
0 0.3389423076923077 0.4254807692307692 0.028846153846153848 0.0625
0 0.3629807692307692 0.3858173076923077 0.028846153846153848 0.052884615384615384
0 0.34615384615384615 0.36538461538461536 0.019230769230769232 0.057692307692307696
0 0.375 0.36658653846153844 0.019230769230769232 0.04807692307692308
0 0.3942307692307692 0.4170673076923077 0.02403846153846154 0.055288461538461536
0 0.3918269230769231 0.35697115384615385 0.02403846153846154 0.05048076923076923
0 0.42908653846153844 0.35216346153846156 0.021634615384615384 0.052884615384615384
0 0.4206730769230769 0.41947115384615385 0.028846153846153848 0.06490384615384616
0 0.4026442307692308 0.5384615384615384 0.02403846153846154 0.0673076923076923
0 0.4651442307692308 0.5204326923076923 0.03365384615384615 0.06009615384615385
0 0.5216346153846154 0.5216346153846154 0.02403846153846154 0.0625
0 0.5685096153846154 0.5480769230769231 0.02403846153846154 0.052884615384615384
0 0.5997596153846154 0.5432692307692307 0.03125 0.057692307692307696
0 0.5252403846153846 0.4375 0.02403846153846154 0.057692307692307696
0 0.4951923076923077 0.41586538461538464 0.028846153846153848 0.0625
0 0.47716346153846156 0.3786057692307692 0.021634615384615384 0.04567307692307692
0 0.4519230769230769 0.41346153846153844 0.019230769230769232 0.052884615384615384
0 0.45913461538461536 0.35096153846153844 0.02403846153846154 0.04807692307692308
0 0.5144230769230769 0.36899038461538464 0.019230769230769232 0.04567307692307692
0 0.5336538461538461 0.3713942307692308 0.028846153846153848 0.05048076923076923
0 0.5637019230769231 0.4387019230769231 0.02403846153846154 0.055288461538461536
0 0.5625 0.3581730769230769 0.019230769230769232 0.04807692307692308
0 0.5841346153846154 0.3737980769230769 0.019230769230769232 0.057692307692307696
0 0.6009615384615384 0.41586538461538464 0.028846153846153848 0.0625
0 0.6057692307692307 0.35216346153846156 0.019230769230769232 0.04807692307692308
0 0.6478365384615384 0.5204326923076923 0.03125 0.06971153846153846
0 0.6430288461538461 0.41586538461538464 0.028846153846153848 0.0625
0 0.625 0.3786057692307692 0.019230769230769232 0.055288461538461536
0 0.6598557692307693 0.3581730769230769 0.021634615384615384 0.052884615384615384
0 0.6802884615384616 0.37740384615384615 0.02403846153846154 0.0625
0 0.6947115384615384 0.46033653846153844 0.028846153846153848 0.052884615384615384
0 0.7103365384615384 0.4074519230769231 0.03125 0.04807692307692308
0 0.6995192307692307 0.34375 0.02403846153846154 0.04326923076923077
0 0.7211538461538461 0.3641826923076923 0.019230769230769232 0.04807692307692308
0 0.7355769230769231 0.3918269230769231 0.02403846153846154 0.052884615384615384
0 0.7283653846153846 0.4495192307692308 0.02403846153846154 0.0625
0 0.7427884615384616 0.5072115384615384 0.028846153846153848 0.07211538461538461
0 0.7115384615384616 0.6454326923076923 0.028846153846153848 0.07932692307692307
0 0.7463942307692307 0.35216346153846156 0.019230769230769232 0.040865384615384616
0 0.7572115384615384 0.3762019230769231 0.02403846153846154 0.04807692307692308
0 0.7572115384615384 0.4387019230769231 0.02403846153846154 0.057692307692307696
0 0.7872596153846154 0.49759615384615385 0.028846153846153848 0.07211538461538461
0 0.7824519230769231 0.38822115384615385 0.021634615384615384 0.052884615384615384
0 0.8088942307692307 0.3918269230769231 0.02403846153846154 0.057692307692307696
0 0.828125 0.38341346153846156 0.026442307692307692 0.052884615384615384
0 0.8137019230769231 0.36778846153846156 0.021634615384615384 0.04326923076923077
0 0.8521634615384616 0.39783653846153844 0.02403846153846154 0.06009615384615385
0 0.8293269230769231 0.44350961538461536 0.028846153846153848 0.06009615384615385
0 0.8233173076923077 0.5204326923076923 0.028846153846153848 0.06971153846153846
0 0.8665865384615384 0.5384615384615384 0.03365384615384615 0.0673076923076923
0 0.8918269230769231 0.4375 0.03365384615384615 0.0673076923076923
0 0.8786057692307693 0.3713942307692308 0.02403846153846154 0.055288461538461536
0 0.9098557692307693 0.39783653846153844 0.028846153846153848 0.055288461538461536
0 0.9387019230769231 0.4362980769230769 0.03365384615384615 0.07211538461538461