0 0.08173076923076923 0.46634615384615385 0.028846153846153848 0.038461538461538464
0 0.12740384615384615 0.4326923076923077 0.0625 0.09615384615384616
0 0.23317307692307693 0.5492788461538461 0.03365384615384615 0.05048076923076923
0 0.2548076923076923 0.5360576923076923 0.019230769230769232 0.038461538461538464
0 0.2980769230769231 0.5456730769230769 0.028846153846153848 0.04326923076923077
0 0.453125 0.5817307692307693 0.04567307692307692 0.0673076923076923
0 0.43028846153846156 0.5372596153846154 0.02403846153846154 0.04807692307692308
0 0.4266826923076923 0.5024038461538461 0.021634615384615384 0.03365384615384615
0 0.4387019230769231 0.5072115384615384 0.019230769230769232 0.03365384615384615
0 0.46033653846153844 0.5012019230769231 0.02403846153846154 0.036057692307692304
0 0.4675480769230769 0.5396634615384616 0.026442307692307692 0.04807692307692308
0 0.4831730769230769 0.5072115384615384 0.019230769230769232 0.02403846153846154
0 0.5060096153846154 0.49278846153846156 0.019230769230769232 0.028846153846153848
0 0.5168269230769231 0.5372596153846154 0.03365384615384615 0.05048076923076923
0 0.5480769230769231 0.5300480769230769 0.019230769230769232 0.04326923076923077
0 0.5733173076923077 0.5384615384615384 0.028846153846153848 0.04807692307692308
0 0.6021634615384616 0.6310096153846154 0.06490384615384616 0.0985576923076923
0 0.5348557692307693 0.5973557692307693 0.04567307692307692 0.06971153846153846
0 0.6286057692307693 0.5709134615384616 0.036057692307692304 0.06490384615384616
0 0.6538461538461539 0.5877403846153846 0.052884615384615384 0.08173076923076923
0 0.640625 0.49158653846153844 0.021634615384615384 0.04326923076923077
0 0.6538461538461539 0.49278846153846156 0.019230769230769232 0.03365384615384615
0 0.7103365384615384 0.5625 0.036057692307692304 0.057692307692307696
0 0.7223557692307693 0.4795673076923077 0.021634615384615384 0.040865384615384616
0 0.8016826923076923 0.4807692307692308 0.021634615384615384 0.03365384615384615
0 0.8088942307692307 0.5588942307692307 0.03365384615384615 0.0625
0 0.8581730769230769 0.5240384615384616 0.02403846153846154 0.04807692307692308
0 0.8677884615384616 0.5673076923076923 0.03365384615384615 0.057692307692307696
0 0.9122596153846154 0.5336538461538461 0.03125 0.052884615384615384
0 0.9290865384615384 0.47836538461538464 0.026442307692307692 0.04326923076923077
0 0.9050480769230769 0.7475961538461539 0.08413461538461539 0.14423076923076922
0 0.9387019230769231 0.6610576923076923 0.07451923076923077 0.1201923076923077