0 0.1778846153846154 0.41466346153846156 0.04807692307692308 0.07692307692307693
0 0.2776442307692308 0.25240384615384615 0.014423076923076924 0.02403846153846154
0 0.2956730769230769 0.2512019230769231 0.014423076923076924 0.026442307692307692
0 0.3137019230769231 0.25600961538461536 0.016826923076923076 0.03125
0 0.3713942307692308 0.2920673076923077 0.021634615384615384 0.036057692307692304
0 0.3581730769230769 0.234375 0.014423076923076924 0.03365384615384615
0 0.38221153846153844 0.1875 0.014423076923076924 0.028846153846153848
0 0.4050480769230769 0.19591346153846154 0.016826923076923076 0.028846153846153848
0 0.3942307692307692 0.22956730769230768 0.014423076923076924 0.03365384615384615
0 0.43028846153846156 0.24158653846153846 0.019230769230769232 0.038461538461538464
0 0.41947115384615385 0.18389423076923078 0.01201923076923077 0.02403846153846154
0 0.44350961538461536 0.19471153846153846 0.014423076923076924 0.02403846153846154
0 0.45072115384615385 0.15985576923076922 0.009615384615384616 0.019230769230769232
0 0.4675480769230769 0.20072115384615385 0.019230769230769232 0.028846153846153848
0 0.4651442307692308 0.24278846153846154 0.02403846153846154 0.04326923076923077
0 0.5228365384615384 0.21153846153846154 0.019230769230769232 0.038461538461538464
0 0.5048076923076923 0.19230769230769232 0.014423076923076924 0.028846153846153848
0 0.5192307692307693 0.16826923076923078 0.009615384615384616 0.028846153846153848
0 0.5084134615384616 0.13221153846153846 0.01201923076923077 0.02403846153846154
0 0.5372596153846154 0.13701923076923078 0.014423076923076924 0.02403846153846154
0 0.5540865384615384 0.13341346153846154 0.009615384615384616 0.02403846153846154
0 0.5661057692307693 0.13942307692307693 0.009615384615384616 0.028846153846153848
0 0.5841346153846154 0.14423076923076922 0.014423076923076924 0.019230769230769232
0 0.4651442307692308 0.17067307692307693 0.014423076923076924 0.02403846153846154
0 0.47836538461538464 0.17307692307692307 0.014423076923076924 0.02403846153846154
0 0.4326923076923077 0.16826923076923078 0.009615384615384616 0.02403846153846154
0 0.41346153846153844 0.171875 0.014423076923076924 0.026442307692307692
0 0.49399038461538464 0.29927884615384615 0.021634615384615384 0.04807692307692308
0 0.5360576923076923 0.34134615384615385 0.028846153846153848 0.057692307692307696
0 0.6009615384615384 0.3473557692307692 0.028846153846153848 0.05048076923076923
0 0.6935096153846154 0.33533653846153844 0.036057692307692304 0.0625
0 0.5829326923076923 0.24639423076923078 0.02403846153846154 0.04567307692307692
0 0.6057692307692307 0.2704326923076923 0.019230769230769232 0.04807692307692308
0 0.5829326923076923 0.17548076923076922 0.014423076923076924 0.03365384615384615
0 0.5372596153846154 0.18870192307692307 0.014423076923076924 0.028846153846153848
0 0.5853365384615384 0.12139423076923077 0.01201923076923077 0.02403846153846154
0 0.5925480769230769 0.10336538461538461 0.01201923076923077 0.02403846153846154
0 0.609375 0.15264423076923078 0.01201923076923077 0.026442307692307692
0 0.6286057692307693 0.11658653846153846 0.01201923076923077 0.021634615384615384
0 0.6213942307692307 0.10576923076923077 0.01201923076923077 0.019230769230769232
0 0.6418269230769231 0.14302884615384615 0.009615384615384616 0.02403846153846154
0 0.6622596153846154 0.11538461538461539 0.01201923076923077 0.028846153846153848
0 0.6923076923076923 0.1141826923076923 0.014423076923076924 0.026442307692307692
0 0.6478365384615384 0.17908653846153846 0.019230769230769232 0.038461538461538464
0 0.6310096153846154 0.21514423076923078 0.016826923076923076 0.036057692307692304
0 0.6766826923076923 0.21514423076923078 0.014423076923076924 0.036057692307692304
0 0.6947115384615384 0.18028846153846154 0.014423076923076924 0.03365384615384615
0 0.6826923076923077 0.17067307692307693 0.014423076923076924 0.03365384615384615
0 0.7331730769230769 0.12379807692307693 0.014423076923076924 0.028846153846153848
0 0.7427884615384616 0.14783653846153846 0.014423076923076924 0.03125
0 0.7307692307692307 0.1778846153846154 0.009615384615384616 0.028846153846153848
0 0.7259615384615384 0.20072115384615385 0.019230769230769232 0.040865384615384616
0 0.7271634615384616 0.25240384615384615 0.026442307692307692 0.04326923076923077
0 0.7680288461538461 0.21754807692307693 0.019230769230769232 0.04567307692307692
0 0.7463942307692307 0.32572115384615385 0.028846153846153848 0.057692307692307696
0 0.7692307692307693 0.30649038461538464 0.019230769230769232 0.052884615384615384
0 0.7632211538461539 0.1310096153846154 0.014423076923076924 0.026442307692307692
0 0.7824519230769231 0.14182692307692307 0.016826923076923076 0.03365384615384615
0 0.8088942307692307 0.15504807692307693 0.01201923076923077 0.03125
0 0.8317307692307693 0.15264423076923078 0.009615384615384616 0.026442307692307692
0 0.8329326923076923 0.12980769230769232 0.009615384615384616 0.019230769230769232
0 0.8701923076923077 0.13221153846153846 0.009615384615384616 0.03365384615384615
0 0.8545673076923077 0.16947115384615385 0.014423076923076924 0.03365384615384615
0 0.8221153846153846 0.21514423076923078 0.019230769230769232 0.036057692307692304
0 0.7764423076923077 0.18870192307692307 0.014423076923076924 0.03125
0 0.8064903846153846 0.25 0.02403846153846154 0.04807692307692308
0 0.8353365384615384 0.3137019230769231 0.02403846153846154 0.04567307692307692
0 0.7944711538461539 0.39663461538461536 0.026442307692307692 0.07211538461538461
0 0.8834134615384616 0.38341346153846156 0.028846153846153848 0.057692307692307696
0 0.8942307692307693 0.3161057692307692 0.02403846153846154 0.057692307692307696
0 0.9110576923076923 0.2704326923076923 0.019230769230769232 0.04807692307692308
0 0.9194711538461539 0.2247596153846154 0.016826923076923076 0.038461538461538464
0 0.8545673076923077 0.25721153846153844 0.019230769230769232 0.04326923076923077
0 0.875 0.21394230769230768 0.014423076923076924 0.03365384615384615
0 0.8846153846153846 0.17307692307692307 0.009615384615384616 0.028846153846153848
0 0.8942307692307693 0.16466346153846154 0.019230769230769232 0.03125
0 0.9266826923076923 0.16466346153846154 0.01201923076923077 0.021634615384615384