0 0.0829326923076923 0.4326923076923077 0.036057692307692304 0.052884615384615384
0 0.15745192307692307 0.4879807692307692 0.04567307692307692 0.0625
0 0.33052884615384615 0.5649038461538461 0.06490384615384616 0.09134615384615384
0 0.6850961538461539 0.6935096153846154 0.08173076923076923 0.15865384615384615
0 0.7932692307692307 0.4951923076923077 0.057692307692307696 0.08173076923076923
0 0.8413461538461539 0.3954326923076923 0.038461538461538464 0.057692307692307696
0 0.8413461538461539 0.31850961538461536 0.028846153846153848 0.04567307692307692
0 0.5204326923076923 0.41947115384615385 0.036057692307692304 0.06009615384615385
0 0.4110576923076923 0.34615384615384615 0.019230769230769232 0.03365384615384615
0 0.3894230769230769 0.40024038461538464 0.02403846153846154 0.038461538461538464
0 0.28365384615384615 0.3786057692307692 0.028846153846153848 0.04326923076923077
0 0.2920673076923077 0.33413461538461536 0.016826923076923076 0.03365384615384615
0 0.18629807692307693 0.30649038461538464 0.016826923076923076 0.021634615384615384
0 0.6274038461538461 0.28125 0.014423076923076924 0.02403846153846154
0 0.6177884615384616 0.26802884615384615 0.014423076923076924 0.03125
0 0.5853365384615384 0.3233173076923077 0.014423076923076924 0.02403846153846154
0 0.5492788461538461 0.30649038461538464 0.01201923076923077 0.026442307692307692
0 0.5072115384615384 0.35216346153846156 0.014423076923076924 0.021634615384615384
0 0.4831730769230769 0.3317307692307692 0.014423076923076924 0.028846153846153848
0 0.027644230769230768 0.3737980769230769 0.02403846153846154 0.03365384615384615