0 0.20552884615384615 0.39903846153846156 0.1201923076923077 0.25
0 0.13341346153846154 0.25 0.07932692307692307 0.14423076923076922
0 0.24759615384615385 0.2127403846153846 0.052884615384615384 0.08173076923076923
0 0.296875 0.22956730769230768 0.055288461538461536 0.10336538461538461
0 0.3713942307692308 0.23076923076923078 0.0673076923076923 0.1346153846153846
0 0.43990384615384615 0.19831730769230768 0.052884615384615384 0.09134615384615384
0 0.47716346153846156 0.3473557692307692 0.08173076923076923 0.21394230769230768
0 0.5540865384615384 0.22956730769230768 0.057692307692307696 0.12740384615384615
0 0.5036057692307693 0.21875 0.036057692307692304 0.09134615384615384
0 0.5841346153846154 0.22355769230769232 0.028846153846153848 0.09134615384615384
0 0.59375 0.1778846153846154 0.028846153846153848 0.057692307692307696
0 0.7055288461538461 0.2800480769230769 0.08173076923076923 0.17307692307692307
0 0.8521634615384616 0.28125 0.06490384615384616 0.12980769230769232
0 0.9699519230769231 0.23197115384615385 0.055288461538461536 0.15625
0 0.8076923076923077 0.22355769230769232 0.052884615384615384 0.10096153846153846