0 0.078125 0.4098557692307692 0.03125 0.06490384615384616
0 0.0829326923076923 0.36899038461538464 0.03125 0.06490384615384616
0 0.15504807692307693 0.34134615384615385 0.03125 0.0625
0 0.1658653846153846 0.3737980769230769 0.03365384615384615 0.07932692307692307
0 0.19230769230769232 0.3954326923076923 0.04326923076923077 0.07932692307692307
0 0.18870192307692307 0.3112980769230769 0.03125 0.055288461538461536
0 0.2403846153846154 0.28725961538461536 0.028846153846153848 0.06009615384615385
0 0.27524038461538464 0.2776442307692308 0.028846153846153848 0.0625
0 0.2956730769230769 0.2620192307692308 0.028846153846153848 0.0625
0 0.30528846153846156 0.31850961538461536 0.038461538461538464 0.07451923076923077
0 0.33052884615384615 0.35216346153846156 0.040865384615384616 0.07692307692307693
0 0.375 0.3942307692307692 0.04807692307692308 0.10096153846153846
0 0.46274038461538464 0.4411057692307692 0.055288461538461536 0.10096153846153846