0 0.11658653846153846 0.2956730769230769 0.021634615384615384 0.038461538461538464
0 0.2283653846153846 0.1875 0.019230769230769232 0.028846153846153848
0 0.1622596153846154 0.23557692307692307 0.01201923076923077 0.028846153846153848
0 0.3605769230769231 0.17668269230769232 0.019230769230769232 0.036057692307692304
0 0.3918269230769231 0.25600961538461536 0.02403846153846154 0.036057692307692304
0 0.41346153846153844 0.15264423076923078 0.009615384615384616 0.028846153846153848
0 0.4543269230769231 0.21754807692307693 0.014423076923076924 0.040865384615384616
0 0.4807692307692308 0.3137019230769231 0.028846153846153848 0.052884615384615384
0 0.5324519230769231 0.31850961538461536 0.02403846153846154 0.052884615384615384
0 0.6021634615384616 0.25 0.021634615384615384 0.04807692307692308
0 0.6165865384615384 0.09254807692307693 0.016826923076923076 0.038461538461538464
0 0.5793269230769231 0.11658653846153846 0.014423076923076924 0.026442307692307692
0 0.5288461538461539 0.13341346153846154 0.009615384615384616 0.03125
0 0.5600961538461539 0.12379807692307693 0.014423076923076924 0.03125
0 0.6706730769230769 0.1814903846153846 0.02403846153846154 0.052884615384615384
0 0.6610576923076923 0.30288461538461536 0.02403846153846154 0.057692307692307696
0 0.7740384615384616 0.25961538461538464 0.02403846153846154 0.057692307692307696
0 0.7980769230769231 0.296875 0.02403846153846154 0.052884615384615384
0 0.890625 0.13822115384615385 0.019230769230769232 0.04326923076923077
0 0.9170673076923077 0.1466346153846154 0.009615384615384616 0.02403846153846154
0 0.8966346153846154 0.2860576923076923 0.02403846153846154 0.052884615384615384