0 0.04807692307692308 0.6370192307692307 0.052884615384615384 0.0625
0 0.06850961538461539 0.6838942307692307 0.05048076923076923 0.052884615384615384
0 0.11298076923076923 0.7487980769230769 0.07211538461538461 0.08653846153846154
0 0.171875 0.8221153846153846 0.0985576923076923 0.11057692307692307
0 0.3076923076923077 0.7572115384615384 0.08173076923076923 0.09134615384615384
0 0.24278846153846154 0.6670673076923077 0.057692307692307696 0.08653846153846154
0 0.16826923076923078 0.6610576923076923 0.057692307692307696 0.07211538461538461
0 0.1658653846153846 0.5985576923076923 0.04326923076923077 0.0625
0 0.22596153846153846 0.6081730769230769 0.04326923076923077 0.0625
0 0.29927884615384615 0.6622596153846154 0.04807692307692308 0.055288461538461536
0 0.38100961538461536 0.6670673076923077 0.055288461538461536 0.06490384615384616
0 0.4050480769230769 0.6466346153846154 0.05048076923076923 0.052884615384615384
0 0.35216346153846156 0.5997596153846154 0.040865384615384616 0.04326923076923077
0 0.45072115384615385 0.5985576923076923 0.04326923076923077 0.052884615384615384
0 0.5456730769230769 0.6466346153846154 0.052884615384615384 0.0625
0 0.5228365384615384 0.6778846153846154 0.05048076923076923 0.057692307692307696
0 0.48677884615384615 0.7415865384615384 0.07932692307692307 0.09615384615384616
0 0.4951923076923077 0.8161057692307693 0.10576923076923077 0.14182692307692307
0 0.5360576923076923 0.5889423076923077 0.03365384615384615 0.04326923076923077
0 0.6033653846153846 0.44591346153846156 0.02403846153846154 0.04326923076923077
0 0.6382211538461539 0.6045673076923077 0.036057692307692304 0.055288461538461536
0 0.6694711538461539 0.6430288461538461 0.04807692307692308 0.06490384615384616
0 0.6694711538461539 0.6862980769230769 0.06009615384615385 0.055288461538461536
0 0.6887019230769231 0.7403846153846154 0.07451923076923077 0.10576923076923077
0 0.7307692307692307 0.6021634615384616 0.038461538461538464 0.06009615384615385
0 0.7512019230769231 0.6478365384615384 0.04326923076923077 0.0673076923076923
0 0.8209134615384616 0.6862980769230769 0.0625 0.07451923076923077
0 0.8689903846153846 0.7247596153846154 0.06971153846153846 0.08653846153846154
0 0.8449519230769231 0.8028846153846154 0.125 0.17307692307692307