0 0.13221153846153846 0.47716346153846156 0.052884615384615384 0.11538461538461539
0 0.25600961538461536 0.2776442307692308 0.016826923076923076 0.036057692307692304
0 0.2704326923076923 0.265625 0.016826923076923076 0.036057692307692304
0 0.28846153846153844 0.2764423076923077 0.019230769230769232 0.03365384615384615
0 0.30408653846153844 0.24519230769230768 0.019230769230769232 0.038461538461538464
0 0.31490384615384615 0.27884615384615385 0.019230769230769232 0.04326923076923077
0 0.34375 0.2776442307692308 0.02403846153846154 0.036057692307692304
0 0.4014423076923077 0.28725961538461536 0.02403846153846154 0.052884615384615384
0 0.3161057692307692 0.21995192307692307 0.019230769230769232 0.03365384615384615
0 0.33653846153846156 0.23076923076923078 0.019230769230769232 0.03365384615384615
0 0.3605769230769231 0.21514423076923078 0.019230769230769232 0.03125
0 0.3713942307692308 0.21033653846153846 0.019230769230769232 0.038461538461538464
0 0.38822115384615385 0.19591346153846154 0.016826923076923076 0.036057692307692304
0 0.4074519230769231 0.2247596153846154 0.021634615384615384 0.036057692307692304
0 0.4387019230769231 0.21754807692307693 0.021634615384615384 0.04326923076923077
0 0.46274038461538464 0.22956730769230768 0.02403846153846154 0.04807692307692308
0 0.4495192307692308 0.1875 0.019230769230769232 0.038461538461538464
0 0.43149038461538464 0.18509615384615385 0.016826923076923076 0.028846153846153848
0 0.4110576923076923 0.16706730769230768 0.014423076923076924 0.028846153846153848
0 0.44471153846153844 0.15264423076923078 0.014423076923076924 0.028846153846153848
0 0.47716346153846156 0.15865384615384615 0.014423076923076924 0.028846153846153848
0 0.47596153846153844 0.13701923076923078 0.009615384615384616 0.02403846153846154
0 0.5084134615384616 0.18028846153846154 0.019230769230769232 0.03365384615384615
0 0.5360576923076923 0.18990384615384615 0.02403846153846154 0.03365384615384615
0 0.5528846153846154 0.14903846153846154 0.019230769230769232 0.038461538461538464
0 0.5300480769230769 0.13341346153846154 0.016826923076923076 0.03125
0 0.484375 0.125 0.01201923076923077 0.019230769230769232
0 0.5588942307692307 0.11177884615384616 0.01201923076923077 0.026442307692307692
0 0.5733173076923077 0.15264423076923078 0.016826923076923076 0.036057692307692304
0 0.5853365384615384 0.13942307692307693 0.014423076923076924 0.028846153846153848
0 0.5829326923076923 0.12139423076923077 0.01201923076923077 0.02403846153846154
0 0.59375 0.09014423076923077 0.014423076923076924 0.03125
0 0.609375 0.1201923076923077 0.014423076923076924 0.028846153846153848
0 0.6213942307692307 0.13822115384615385 0.016826923076923076 0.036057692307692304
0 0.625 0.09615384615384616 0.009615384615384616 0.02403846153846154
0 0.6502403846153846 0.09375 0.014423076923076924 0.03365384615384615
0 0.6454326923076923 0.11057692307692307 0.014423076923076924 0.028846153846153848
0 0.6706730769230769 0.10697115384615384 0.014423076923076924 0.036057692307692304
0 0.5600961538461539 0.24759615384615385 0.02403846153846154 0.04807692307692308
0 0.484375 0.3076923076923077 0.028846153846153848 0.0673076923076923
0 0.5384615384615384 0.3125 0.028846153846153848 0.057692307692307696
0 0.5841346153846154 0.36899038461538464 0.028846153846153848 0.0673076923076923
0 0.671875 0.33413461538461536 0.03365384615384615 0.0673076923076923
0 0.6129807692307693 0.24278846153846154 0.02403846153846154 0.04807692307692308
0 0.6069711538461539 0.20793269230769232 0.021634615384615384 0.038461538461538464
0 0.6454326923076923 0.16947115384615385 0.019230769230769232 0.04326923076923077
0 0.6622596153846154 0.18870192307692307 0.021634615384615384 0.04567307692307692
0 0.6610576923076923 0.25841346153846156 0.02403846153846154 0.057692307692307696
0 0.6959134615384616 0.21754807692307693 0.02403846153846154 0.05048076923076923
0 0.6947115384615384 0.17668269230769232 0.019230769230769232 0.03125
0 0.6802884615384616 0.15144230769230768 0.019230769230769232 0.038461538461538464
0 0.7019230769230769 0.13341346153846154 0.014423076923076924 0.03365384615384615
0 0.7247596153846154 0.2800480769230769 0.026442307692307692 0.06009615384615385
0 0.7487980769230769 0.2439903846153846 0.02403846153846154 0.04807692307692308
0 0.7259615384615384 0.19110576923076922 0.02403846153846154 0.055288461538461536
0 0.7403846153846154 0.15865384615384615 0.014423076923076924 0.03365384615384615
0 0.7415865384615384 0.12740384615384615 0.014423076923076924 0.03365384615384615
0 0.7295673076923077 0.11177884615384616 0.014423076923076924 0.036057692307692304
0 0.7463942307692307 0.109375 0.014423076923076924 0.03125
0 0.7632211538461539 0.12379807692307693 0.014423076923076924 0.03125
0 0.7716346153846154 0.11538461538461539 0.014423076923076924 0.03365384615384615
0 0.7944711538461539 0.1310096153846154 0.014423076923076924 0.03125
0 0.7740384615384616 0.15264423076923078 0.014423076923076924 0.03365384615384615
0 0.7932692307692307 0.17427884615384615 0.019230769230769232 0.040865384615384616
0 0.8137019230769231 0.1622596153846154 0.016826923076923076 0.03365384615384615
0 0.7980769230769231 0.11177884615384616 0.009615384615384616 0.026442307692307692
0 0.828125 0.13341346153846154 0.016826923076923076 0.03365384615384615
0 0.8413461538461539 0.18509615384615385 0.019230769230769232 0.04326923076923077
0 0.78125 0.2692307692307692 0.028846153846153848 0.057692307692307696
0 0.8161057692307693 0.24879807692307693 0.021634615384615384 0.055288461538461536
0 0.8689903846153846 0.21754807692307693 0.019230769230769232 0.04807692307692308
0 0.9206730769230769 0.2860576923076923 0.02403846153846154 0.057692307692307696
0 0.8834134615384616 0.18870192307692307 0.019230769230769232 0.04567307692307692
0 0.859375 0.1502403846153846 0.014423076923076924 0.036057692307692304
0 0.8882211538461539 0.15625 0.014423076923076924 0.03365384615384615
0 0.8930288461538461 0.1346153846153846 0.014423076923076924 0.028846153846153848
0 0.921875 0.19471153846153846 0.019230769230769232 0.04326923076923077
0 0.921875 0.16105769230769232 0.016826923076923076 0.03365384615384615