0 0.21875 0.40024038461538464 0.04807692307692308 0.07692307692307693
0 0.2536057692307692 0.2668269230769231 0.016826923076923076 0.03365384615384615
0 0.2776442307692308 0.27163461538461536 0.019230769230769232 0.04326923076923077
0 0.3112980769230769 0.27524038461538464 0.016826923076923076 0.028846153846153848
0 0.3329326923076923 0.28846153846153844 0.021634615384615384 0.038461538461538464
0 0.38341346153846156 0.2920673076923077 0.02403846153846154 0.04567307692307692
0 0.36778846153846156 0.2668269230769231 0.019230769230769232 0.038461538461538464
0 0.3269230769230769 0.22235576923076922 0.019230769230769232 0.03365384615384615
0 0.30528846153846156 0.21634615384615385 0.014423076923076924 0.03365384615384615
0 0.3870192307692308 0.18870192307692307 0.019230769230769232 0.040865384615384616
0 0.40024038461538464 0.16466346153846154 0.016826923076923076 0.026442307692307692
0 0.4050480769230769 0.19230769230769232 0.014423076923076924 0.028846153846153848
0 0.4098557692307692 0.22716346153846154 0.019230769230769232 0.040865384615384616
0 0.42788461538461536 0.24278846153846154 0.019230769230769232 0.04326923076923077
0 0.4543269230769231 0.23677884615384615 0.02403846153846154 0.038461538461538464
0 0.4206730769230769 0.17307692307692307 0.014423076923076924 0.02403846153846154
0 0.4519230769230769 0.16947115384615385 0.019230769230769232 0.026442307692307692
0 0.4423076923076923 0.14903846153846154 0.009615384615384616 0.019230769230769232
0 0.46033653846153844 0.15264423076923078 0.016826923076923076 0.02403846153846154
0 0.484375 0.2091346153846154 0.016826923076923076 0.03365384615384615
0 0.453125 0.19831730769230768 0.016826923076923076 0.026442307692307692
0 0.49399038461538464 0.125 0.014423076923076924 0.019230769230769232
0 0.5288461538461539 0.19230769230769232 0.019230769230769232 0.038461538461538464
0 0.5132211538461539 0.18389423076923078 0.016826923076923076 0.03125
0 0.5096153846153846 0.1502403846153846 0.019230769230769232 0.026442307692307692
0 0.5228365384615384 0.1310096153846154 0.016826923076923076 0.026442307692307692
0 0.5528846153846154 0.16826923076923078 0.019230769230769232 0.038461538461538464
0 0.5637019230769231 0.1502403846153846 0.016826923076923076 0.038461538461538464
0 0.5925480769230769 0.15625 0.01201923076923077 0.03365384615384615
0 0.5769230769230769 0.11177884615384616 0.009615384615384616 0.03125
0 0.5949519230769231 0.10576923076923077 0.01201923076923077 0.028846153846153848
0 0.6009615384615384 0.1346153846153846 0.009615384615384616 0.028846153846153848
0 0.609375 0.12860576923076922 0.01201923076923077 0.02403846153846154
0 0.6382211538461539 0.1141826923076923 0.014423076923076924 0.028846153846153848
0 0.6682692307692307 0.11899038461538461 0.019230769230769232 0.03125
0 0.5 0.3076923076923077 0.03365384615384615 0.057692307692307696
0 0.5384615384615384 0.3088942307692308 0.03365384615384615 0.057692307692307696
0 0.5408653846153846 0.2620192307692308 0.028846153846153848 0.04326923076923077
0 0.5901442307692307 0.2620192307692308 0.02403846153846154 0.057692307692307696
0 0.6165865384615384 0.21153846153846154 0.02403846153846154 0.057692307692307696
0 0.6490384615384616 0.21514423076923078 0.02403846153846154 0.04326923076923077
0 0.6394230769230769 0.25841346153846156 0.02403846153846154 0.052884615384615384
0 0.6694711538461539 0.32572115384615385 0.03365384615384615 0.06490384615384616
0 0.7055288461538461 0.29086538461538464 0.03125 0.057692307692307696
0 0.6911057692307693 0.23317307692307693 0.02403846153846154 0.04807692307692308
0 0.7271634615384616 0.36538461538461536 0.036057692307692304 0.07692307692307693
0 0.6766826923076923 0.1658653846153846 0.021634615384615384 0.038461538461538464
0 0.7151442307692307 0.16826923076923078 0.021634615384615384 0.038461538461538464
0 0.734375 0.15625 0.016826923076923076 0.04326923076923077
0 0.7536057692307693 0.16947115384615385 0.019230769230769232 0.038461538461538464
0 0.7560096153846154 0.140625 0.016826923076923076 0.03365384615384615
0 0.7896634615384616 0.1466346153846154 0.016826923076923076 0.03365384615384615
0 0.8064903846153846 0.16105769230769232 0.019230769230769232 0.03365384615384615
0 0.7980769230769231 0.17668269230769232 0.014423076923076924 0.038461538461538464
0 0.7860576923076923 0.1971153846153846 0.019230769230769232 0.038461538461538464
0 0.7475961538461539 0.24278846153846154 0.02403846153846154 0.04807692307692308
0 0.7307692307692307 0.20552884615384615 0.019230769230769232 0.036057692307692304
0 0.7680288461538461 0.29927884615384615 0.03125 0.055288461538461536
0 0.8112980769230769 0.25 0.02403846153846154 0.04807692307692308
0 0.8257211538461539 0.20432692307692307 0.019230769230769232 0.04326923076923077
0 0.8377403846153846 0.1875 0.019230769230769232 0.038461538461538464
0 0.828125 0.14302884615384615 0.016826923076923076 0.040865384615384616
0 0.8581730769230769 0.15745192307692307 0.014423076923076924 0.03365384615384615
0 0.8737980769230769 0.21153846153846154 0.019230769230769232 0.04807692307692308
0 0.8485576923076923 0.25600961538461536 0.02403846153846154 0.04807692307692308
0 0.8954326923076923 0.25721153846153844 0.02403846153846154 0.052884615384615384
0 0.8425480769230769 0.33052884615384615 0.028846153846153848 0.055288461538461536