0 0.21153846153846154 0.36538461538461536 0.04807692307692308 0.08173076923076923
0 0.3161057692307692 0.23076923076923078 0.014423076923076924 0.028846153846153848
0 0.3317307692307692 0.1875 0.019230769230769232 0.028846153846153848
0 0.359375 0.1935096153846154 0.014423076923076924 0.03125
0 0.41947115384615385 0.19951923076923078 0.016826923076923076 0.03365384615384615
0 0.41947115384615385 0.171875 0.016826923076923076 0.02403846153846154
0 0.4266826923076923 0.1502403846153846 0.014423076923076924 0.021634615384615384
0 0.453125 0.20673076923076922 0.019230769230769232 0.028846153846153848
0 0.4879807692307692 0.21514423076923078 0.02403846153846154 0.03125
0 0.4807692307692308 0.1875 0.019230769230769232 0.028846153846153848
0 0.4675480769230769 0.17427884615384615 0.014423076923076924 0.026442307692307692
0 0.4579326923076923 0.171875 0.014423076923076924 0.028846153846153848
0 0.4519230769230769 0.15625 0.014423076923076924 0.02403846153846154
0 0.46274038461538464 0.14182692307692307 0.01201923076923077 0.019230769230769232
0 0.49759615384615385 0.13942307692307693 0.014423076923076924 0.019230769230769232
0 0.5024038461538461 0.12259615384615384 0.009615384615384616 0.019230769230769232
0 0.5168269230769231 0.1466346153846154 0.014423076923076924 0.02403846153846154
0 0.5072115384615384 0.15865384615384615 0.014423076923076924 0.028846153846153848
0 0.5276442307692307 0.13221153846153846 0.01201923076923077 0.02403846153846154
0 0.5336538461538461 0.14783653846153846 0.009615384615384616 0.028846153846153848
0 0.5504807692307693 0.16346153846153846 0.014423076923076924 0.028846153846153848
0 0.5408653846153846 0.1814903846153846 0.014423076923076924 0.03125
0 0.5492788461538461 0.12379807692307693 0.01201923076923077 0.021634615384615384
0 0.5697115384615384 0.15144230769230768 0.014423076923076924 0.02403846153846154
0 0.5625 0.15865384615384615 0.009615384615384616 0.028846153846153848
0 0.5877403846153846 0.11778846153846154 0.01201923076923077 0.028846153846153848
0 0.6117788461538461 0.10216346153846154 0.01201923076923077 0.021634615384615384
0 0.609375 0.1346153846153846 0.01201923076923077 0.028846153846153848
0 0.5961538461538461 0.15504807692307693 0.019230769230769232 0.028846153846153848
0 0.5865384615384616 0.17427884615384615 0.019230769230769232 0.03125
0 0.5745192307692307 0.24639423076923078 0.019230769230769232 0.036057692307692304
0 0.5120192307692307 0.296875 0.019230769230769232 0.038461538461538464
0 0.5985576923076923 0.30528846153846156 0.028846153846153848 0.057692307692307696
0 0.6274038461538461 0.15625 0.014423076923076924 0.03365384615384615
0 0.6430288461538461 0.11538461538461539 0.009615384615384616 0.02403846153846154
0 0.6490384615384616 0.10576923076923077 0.009615384615384616 0.019230769230769232
0 0.6694711538461539 0.11298076923076923 0.01201923076923077 0.028846153846153848
0 0.6730769230769231 0.11057692307692307 0.009615384615384616 0.019230769230769232
0 0.7007211538461539 0.11538461538461539 0.01201923076923077 0.02403846153846154
0 0.6550480769230769 0.14182692307692307 0.01201923076923077 0.02403846153846154
0 0.6730769230769231 0.1778846153846154 0.019230769230769232 0.038461538461538464
0 0.6778846153846154 0.2091346153846154 0.019230769230769232 0.03365384615384615
0 0.6322115384615384 0.21514423076923078 0.019230769230769232 0.040865384615384616
0 0.6286057692307693 0.26322115384615385 0.019230769230769232 0.036057692307692304
0 0.6778846153846154 0.27163461538461536 0.019230769230769232 0.03365384615384615
0 0.6754807692307693 0.3173076923076923 0.028846153846153848 0.057692307692307696
0 0.7175480769230769 0.38100961538461536 0.03125 0.0625
0 0.8329326923076923 0.4074519230769231 0.036057692307692304 0.06490384615384616
0 0.7932692307692307 0.2920673076923077 0.02403846153846154 0.055288461538461536
0 0.7319711538461539 0.21514423076923078 0.019230769230769232 0.04567307692307692
0 0.7079326923076923 0.19831730769230768 0.016826923076923076 0.036057692307692304
0 0.7103365384615384 0.1622596153846154 0.014423076923076924 0.03365384615384615
0 0.7463942307692307 0.17067307692307693 0.016826923076923076 0.038461538461538464
0 0.7692307692307693 0.14182692307692307 0.009615384615384616 0.03365384615384615
0 0.765625 0.12620192307692307 0.014423076923076924 0.03125
0 0.7896634615384616 0.13701923076923078 0.014423076923076924 0.03365384615384615
0 0.7824519230769231 0.18028846153846154 0.01201923076923077 0.03365384615384615
0 0.7992788461538461 0.17307692307692307 0.014423076923076924 0.03365384615384615
0 0.7932692307692307 0.21153846153846154 0.009615384615384616 0.03365384615384615
0 0.8161057692307693 0.20072115384615385 0.014423076923076924 0.03365384615384615
0 0.8365384615384616 0.17908653846153846 0.009615384615384616 0.036057692307692304
0 0.8509615384615384 0.15384615384615385 0.009615384615384616 0.028846153846153848
0 0.8125 0.27163461538461536 0.019230769230769232 0.038461538461538464
0 0.8545673076923077 0.296875 0.019230769230769232 0.05048076923076923
0 0.8737980769230769 0.27524038461538464 0.021634615384615384 0.04567307692307692
0 0.9314903846153846 0.28125 0.019230769230769232 0.03365384615384615
0 0.90625 0.3870192307692308 0.028846153846153848 0.052884615384615384
0 0.9002403846153846 0.42908653846153844 0.03125 0.07451923076923077
0 0.8894230769230769 0.2283653846153846 0.019230769230769232 0.038461538461538464
0 0.8485576923076923 0.21634615384615385 0.014423076923076924 0.038461538461538464
0 0.8605769230769231 0.1971153846153846 0.019230769230769232 0.038461538461538464
0 0.875 0.18389423076923078 0.014423076923076924 0.028846153846153848
0 0.8894230769230769 0.15865384615384615 0.009615384615384616 0.028846153846153848
0 0.90625 0.19230769230769232 0.014423076923076924 0.038461538461538464
0 0.9146634615384616 0.17908653846153846 0.014423076923076924 0.02403846153846154
0 0.9254807692307693 0.17427884615384615 0.014423076923076924 0.026442307692307692
0 0.9411057692307693 0.23076923076923078 0.016826923076923076 0.038461538461538464
0 0.9459134615384616 0.21153846153846154 0.014423076923076924 0.028846153846153848
0 0.9483173076923077 0.19471153846153846 0.014423076923076924 0.03365384615384615