0 0.2247596153846154 0.3701923076923077 0.04326923076923077 0.057692307692307696
0 0.4519230769230769 0.39903846153846156 0.04326923076923077 0.057692307692307696
0 0.5528846153846154 0.38100961538461536 0.04326923076923077 0.06009615384615385
0 0.6502403846153846 0.3870192307692308 0.04326923076923077 0.057692307692307696
0 0.8137019230769231 0.36899038461538464 0.04326923076923077 0.0673076923076923
0 0.8774038461538461 0.5288461538461539 0.052884615384615384 0.07692307692307693
0 0.7055288461538461 0.5793269230769231 0.0889423076923077 0.1201923076923077
0 0.7463942307692307 0.5396634615384616 0.06490384615384616 0.0985576923076923
0 0.6995192307692307 0.4951923076923077 0.057692307692307696 0.07692307692307693
0 0.5961538461538461 0.6442307692307693 0.10576923076923077 0.1778846153846154
0 0.4387019230769231 0.7259615384615384 0.1875 0.32211538461538464
0 0.2860576923076923 0.6394230769230769 0.11538461538461539 0.16346153846153846
0 0.29447115384615385 0.5492788461538461 0.06490384615384616 0.0889423076923077
0 0.1502403846153846 0.5853365384615384 0.07692307692307693 0.10096153846153846
0 0.15625 0.5276442307692307 0.0625 0.07451923076923077