0 0.19471153846153846 0.18629807692307693 0.02403846153846154 0.04807692307692308
0 0.22956730769230768 0.18629807692307693 0.019230769230769232 0.038461538461538464
0 0.4098557692307692 0.15264423076923078 0.026442307692307692 0.038461538461538464
0 0.5288461538461539 0.18389423076923078 0.019230769230769232 0.036057692307692304
0 0.5913461538461539 0.15985576923076922 0.019230769230769232 0.036057692307692304
0 0.6189903846153846 0.14423076923076922 0.021634615384615384 0.04807692307692308
0 0.6478365384615384 0.12860576923076922 0.019230769230769232 0.040865384615384616
0 0.671875 0.20192307692307693 0.02403846153846154 0.04807692307692308
0 0.7151442307692307 0.15985576923076922 0.021634615384615384 0.040865384615384616
0 0.7439903846153846 0.2704326923076923 0.028846153846153848 0.057692307692307696
0 0.7608173076923077 0.22716346153846154 0.026442307692307692 0.055288461538461536
0 0.7439903846153846 0.3449519230769231 0.03125 0.0625
0 0.8137019230769231 0.25721153846153844 0.028846153846153848 0.052884615384615384
0 0.8197115384615384 0.36538461538461536 0.03365384615384615 0.07692307692307693
0 0.9266826923076923 0.4519230769230769 0.040865384615384616 0.08173076923076923