0 0.3401442307692308 0.3449519230769231 0.12740384615384615 0.2764423076923077
0 0.5336538461538461 0.29447115384615385 0.09615384615384616 0.18990384615384615
0 0.7007211538461539 0.32091346153846156 0.11057692307692307 0.24519230769230768
0 0.9423076923076923 0.33052884615384615 0.11057692307692307 0.22355769230769232
0 0.9098557692307693 0.2704326923076923 0.07932692307692307 0.1778846153846154
0 0.8389423076923077 0.23798076923076922 0.0673076923076923 0.14423076923076922
0 0.7512019230769231 0.21634615384615385 0.05048076923076923 0.11057692307692307
0 0.6310096153846154 0.26322115384615385 0.055288461538461536 0.11538461538461539
0 0.6526442307692307 0.1814903846153846 0.05048076923076923 0.10096153846153846
0 0.5913461538461539 0.21153846153846154 0.02403846153846154 0.04807692307692308
0 0.5697115384615384 0.24278846153846154 0.04326923076923077 0.08173076923076923
0 0.4855769230769231 0.21153846153846154 0.028846153846153848 0.057692307692307696
0 0.5252403846153846 0.19110576923076922 0.040865384615384616 0.07932692307692307
0 0.41586538461538464 0.2848557692307692 0.04326923076923077 0.09375
0 0.3942307692307692 0.234375 0.038461538461538464 0.07451923076923077
0 0.2548076923076923 0.27524038461538464 0.04326923076923077 0.0985576923076923
0 0.21875 0.21754807692307693 0.038461538461538464 0.08413461538461539
0 0.15865384615384615 0.31490384615384615 0.07692307692307693 0.16826923076923078
0 0.1045673076923077 0.43149038461538464 0.10576923076923077 0.1971153846153846
0 0.0829326923076923 0.25600961538461536 0.057692307692307696 0.11778846153846154
0 0.14423076923076922 0.21033653846153846 0.057692307692307696 0.10817307692307693
0 0.18990384615384615 0.234375 0.04326923076923077 0.09375