0 0.20192307692307693 0.3473557692307692 0.04807692307692308 0.08173076923076923
0 0.3125 0.234375 0.019230769230769232 0.036057692307692304
0 0.31850961538461536 0.20793269230769232 0.019230769230769232 0.03365384615384615
0 0.34615384615384615 0.2091346153846154 0.019230769230769232 0.03365384615384615
0 0.4206730769230769 0.1971153846153846 0.019230769230769232 0.038461538461538464
0 0.44471153846153844 0.2127403846153846 0.019230769230769232 0.038461538461538464
0 0.47475961538461536 0.23798076923076922 0.02403846153846154 0.04326923076923077
0 0.41466346153846156 0.16105769230769232 0.01201923076923077 0.02403846153846154
0 0.421875 0.17307692307692307 0.01201923076923077 0.02403846153846154
0 0.44591346153846156 0.15745192307692307 0.014423076923076924 0.021634615384615384
0 0.453125 0.171875 0.019230769230769232 0.03365384615384615
0 0.47115384615384615 0.18629807692307693 0.019230769230769232 0.036057692307692304
0 0.4723557692307692 0.15264423076923078 0.019230769230769232 0.03125
0 0.4651442307692308 0.1310096153846154 0.016826923076923076 0.03365384615384615
0 0.5 0.15264423076923078 0.014423076923076924 0.028846153846153848
0 0.4951923076923077 0.12620192307692307 0.009615384615384616 0.026442307692307692
0 0.5192307692307693 0.15865384615384615 0.019230769230769232 0.028846153846153848
0 0.5096153846153846 0.13701923076923078 0.009615384615384616 0.028846153846153848
0 0.5228365384615384 0.12860576923076922 0.014423076923076924 0.03125
0 0.5372596153846154 0.13581730769230768 0.01201923076923077 0.026442307692307692
0 0.5480769230769231 0.12620192307692307 0.009615384615384616 0.021634615384615384
0 0.5564903846153846 0.1778846153846154 0.019230769230769232 0.03365384615384615
0 0.5504807692307693 0.16105769230769232 0.014423076923076924 0.028846153846153848
0 0.5576923076923077 0.140625 0.014423076923076924 0.026442307692307692
0 0.5865384615384616 0.16826923076923078 0.019230769230769232 0.038461538461538464
0 0.5997596153846154 0.13701923076923078 0.019230769230769232 0.03365384615384615
0 0.5901442307692307 0.10817307692307693 0.01201923076923077 0.028846153846153848
0 0.6117788461538461 0.10096153846153846 0.01201923076923077 0.028846153846153848
0 0.6298076923076923 0.10216346153846154 0.009615384615384616 0.02403846153846154
0 0.6237980769230769 0.15384615384615385 0.016826923076923076 0.028846153846153848
0 0.6298076923076923 0.1346153846153846 0.014423076923076924 0.019230769230769232
0 0.6370192307692307 0.11177884615384616 0.014423076923076924 0.026442307692307692
0 0.6466346153846154 0.14783653846153846 0.014423076923076924 0.026442307692307692
0 0.6526442307692307 0.12379807692307693 0.01201923076923077 0.026442307692307692
0 0.6670673076923077 0.109375 0.014423076923076924 0.026442307692307692
0 0.6887019230769231 0.12379807692307693 0.01201923076923077 0.026442307692307692
0 0.7007211538461539 0.1201923076923077 0.01201923076923077 0.02403846153846154
0 0.5901442307692307 0.23798076923076922 0.019230769230769232 0.04807692307692308
0 0.5096153846153846 0.2824519230769231 0.028846153846153848 0.057692307692307696
0 0.59375 0.3137019230769231 0.03365384615384615 0.0625
0 0.6201923076923077 0.2620192307692308 0.028846153846153848 0.052884615384615384
0 0.6298076923076923 0.21394230769230768 0.019230769230769232 0.04326923076923077
0 0.6730769230769231 0.171875 0.019230769230769232 0.04326923076923077
0 0.6790865384615384 0.21634615384615385 0.021634615384615384 0.04807692307692308
0 0.6754807692307693 0.33533653846153844 0.03365384615384615 0.0673076923076923
0 0.6682692307692307 0.29447115384615385 0.028846153846153848 0.04567307692307692
0 0.7211538461538461 0.22956730769230768 0.019230769230769232 0.04807692307692308
0 0.7067307692307693 0.1971153846153846 0.019230769230769232 0.038461538461538464
0 0.7043269230769231 0.16105769230769232 0.014423076923076924 0.03365384615384615
0 0.7451923076923077 0.13341346153846154 0.019230769230769232 0.036057692307692304
0 0.7608173076923077 0.14543269230769232 0.019230769230769232 0.04326923076923077
0 0.7487980769230769 0.16947115384615385 0.016826923076923076 0.03365384615384615
0 0.7764423076923077 0.17908653846153846 0.014423076923076924 0.038461538461538464
0 0.7824519230769231 0.14182692307692307 0.014423076923076924 0.028846153846153848
0 0.7920673076923077 0.1658653846153846 0.014423076923076924 0.038461538461538464
0 0.7367788461538461 0.3641826923076923 0.03125 0.07211538461538461
0 0.8209134615384616 0.27884615384615385 0.026442307692307692 0.052884615384615384
0 0.8269230769230769 0.3425480769230769 0.028846153846153848 0.07451923076923077
0 0.8473557692307693 0.30649038461538464 0.026442307692307692 0.06009615384615385
0 0.8942307692307693 0.40024038461538464 0.03365384615384615 0.07692307692307693
0 0.9146634615384616 0.3245192307692308 0.026442307692307692 0.0625
0 0.8653846153846154 0.2956730769230769 0.02403846153846154 0.04326923076923077
0 0.828125 0.21394230769230768 0.016826923076923076 0.038461538461538464
0 0.8040865384615384 0.2668269230769231 0.019230769230769232 0.04326923076923077
0 0.7908653846153846 0.21754807692307693 0.014423076923076924 0.036057692307692304
0 0.8112980769230769 0.18509615384615385 0.016826923076923076 0.03365384615384615
0 0.8269230769230769 0.17668269230769232 0.014423076923076924 0.03365384615384615
0 0.8473557692307693 0.16466346153846154 0.01201923076923077 0.028846153846153848
0 0.8641826923076923 0.19110576923076922 0.016826923076923076 0.036057692307692304
0 0.8774038461538461 0.1622596153846154 0.014423076923076924 0.03365384615384615
0 0.8846153846153846 0.2283653846153846 0.019230769230769232 0.04326923076923077
0 0.8930288461538461 0.20673076923076922 0.016826923076923076 0.03365384615384615
0 0.8822115384615384 0.18629807692307693 0.014423076923076924 0.028846153846153848
0 0.9026442307692307 0.17427884615384615 0.01201923076923077 0.028846153846153848
0 0.9110576923076923 0.16105769230769232 0.014423076923076924 0.02403846153846154
0 0.921875 0.2403846153846154 0.019230769230769232 0.038461538461538464
0 0.9375 0.2860576923076923 0.019230769230769232 0.04326923076923077
0 0.9290865384615384 0.22596153846153846 0.016826923076923076 0.038461538461538464
0 0.9350961538461539 0.19471153846153846 0.014423076923076924 0.03365384615384615
0 0.9399038461538461 0.18028846153846154 0.014423076923076924 0.02403846153846154
0 0.7716346153846154 0.12259615384615384 0.014423076923076924 0.02403846153846154