0 0.0733173076923077 0.46153846153846156 0.03365384615384615 0.0673076923076923
0 0.28966346153846156 0.26322115384615385 0.019230769230769232 0.03365384615384615
0 0.3233173076923077 0.27524038461538464 0.014423076923076924 0.028846153846153848
0 0.3112980769230769 0.22235576923076922 0.014423076923076924 0.02403846153846154
0 0.34375 0.23197115384615385 0.014423076923076924 0.028846153846153848
0 0.3389423076923077 0.21514423076923078 0.014423076923076924 0.026442307692307692
0 0.3629807692307692 0.25240384615384615 0.014423076923076924 0.028846153846153848
0 0.390625 0.2620192307692308 0.016826923076923076 0.03365384615384615
0 0.3762019230769231 0.23076923076923078 0.014423076923076924 0.03365384615384615
0 0.3954326923076923 0.22115384615384615 0.016826923076923076 0.028846153846153848
0 0.41466346153846156 0.25721153846153844 0.019230769230769232 0.04326923076923077
0 0.41947115384615385 0.19471153846153846 0.014423076923076924 0.02403846153846154
0 0.421875 0.18028846153846154 0.016826923076923076 0.02403846153846154
0 0.44711538461538464 0.18870192307692307 0.014423076923076924 0.021634615384615384
0 0.4543269230769231 0.21514423076923078 0.019230769230769232 0.03365384615384615
0 0.49759615384615385 0.2283653846153846 0.019230769230769232 0.03365384615384615
0 0.4807692307692308 0.19471153846153846 0.019230769230769232 0.03365384615384615
0 0.5036057692307693 0.17908653846153846 0.016826923076923076 0.028846153846153848
0 0.5300480769230769 0.17548076923076922 0.01201923076923077 0.03365384615384615
0 0.5637019230769231 0.18389423076923078 0.016826923076923076 0.03365384615384615
0 0.5769230769230769 0.15384615384615385 0.009615384615384616 0.028846153846153848
0 0.5528846153846154 0.14302884615384615 0.009615384615384616 0.026442307692307692
0 0.5612980769230769 0.1201923076923077 0.01201923076923077 0.019230769230769232
0 0.5372596153846154 0.13341346153846154 0.01201923076923077 0.021634615384615384
0 0.5072115384615384 0.14903846153846154 0.014423076923076924 0.028846153846153848
0 0.4987980769230769 0.1346153846153846 0.014423076923076924 0.02403846153846154
0 0.46634615384615385 0.14783653846153846 0.019230769230769232 0.03365384615384615
0 0.45072115384615385 0.16706730769230768 0.01201923076923077 0.019230769230769232
0 0.44591346153846156 0.15144230769230768 0.014423076923076924 0.02403846153846154
0 0.5877403846153846 0.12860576923076922 0.01201923076923077 0.021634615384615384
0 0.6213942307692307 0.14302884615384615 0.01201923076923077 0.021634615384615384
0 0.5805288461538461 0.109375 0.01201923076923077 0.019230769230769232
0 0.5889423076923077 0.10576923076923077 0.014423076923076924 0.028846153846153848
0 0.5985576923076923 0.10336538461538461 0.014423076923076924 0.019230769230769232
0 0.6069711538461539 0.11177884615384616 0.009615384615384616 0.02403846153846154
0 0.6310096153846154 0.12620192307692307 0.01201923076923077 0.026442307692307692
0 0.6514423076923077 0.13701923076923078 0.014423076923076924 0.03365384615384615
0 0.6442307692307693 0.1045673076923077 0.019230769230769232 0.028846153846153848
0 0.6586538461538461 0.11177884615384616 0.009615384615384616 0.028846153846153848
0 0.6875 0.10817307692307693 0.019230769230769232 0.028846153846153848
0 0.5300480769230769 0.28846153846153844 0.02403846153846154 0.04807692307692308
0 0.5576923076923077 0.24879807692307693 0.019230769230769232 0.040865384615384616
0 0.5973557692307693 0.32572115384615385 0.02403846153846154 0.052884615384615384
0 0.625 0.2403846153846154 0.019230769230769232 0.038461538461538464
0 0.6129807692307693 0.21394230769230768 0.014423076923076924 0.03365384615384615
0 0.6490384615384616 0.2247596153846154 0.019230769230769232 0.036057692307692304
0 0.6646634615384616 0.2644230769230769 0.02403846153846154 0.04807692307692308
0 0.6670673076923077 0.20432692307692307 0.019230769230769232 0.03365384615384615
0 0.7091346153846154 0.22115384615384615 0.02403846153846154 0.038461538461538464
0 0.7391826923076923 0.2512019230769231 0.021634615384615384 0.040865384615384616
0 0.7668269230769231 0.3076923076923077 0.02403846153846154 0.057692307692307696
0 0.8076923076923077 0.4050480769230769 0.038461538461538464 0.07211538461538461
0 0.8882211538461539 0.35096153846153844 0.02403846153846154 0.052884615384615384
0 0.9074519230769231 0.3233173076923077 0.021634615384615384 0.04326923076923077
0 0.8305288461538461 0.3137019230769231 0.02403846153846154 0.052884615384615384
0 0.8125 0.24639423076923078 0.019230769230769232 0.03365384615384615
0 0.8449519230769231 0.25240384615384615 0.02403846153846154 0.04326923076923077
0 0.8713942307692307 0.2127403846153846 0.01201923076923077 0.03365384615384615
0 0.9158653846153846 0.23076923076923078 0.019230769230769232 0.04326923076923077
0 0.8882211538461539 0.1875 0.014423076923076924 0.03365384615384615
0 0.9038461538461539 0.15264423076923078 0.009615384615384616 0.019230769230769232
0 0.9110576923076923 0.13701923076923078 0.014423076923076924 0.02403846153846154
0 0.9278846153846154 0.15745192307692307 0.009615384615384616 0.026442307692307692
0 0.9362980769230769 0.15504807692307693 0.01201923076923077 0.03365384615384615
0 0.9278846153846154 0.20072115384615385 0.009615384615384616 0.026442307692307692
0 0.8497596153846154 0.1658653846153846 0.01201923076923077 0.028846153846153848
0 0.8689903846153846 0.17067307692307693 0.016826923076923076 0.028846153846153848
0 0.8617788461538461 0.1466346153846154 0.014423076923076924 0.028846153846153848
0 0.8701923076923077 0.13822115384615385 0.009615384615384616 0.028846153846153848
0 0.8028846153846154 0.171875 0.009615384615384616 0.021634615384615384
0 0.8125 0.14903846153846154 0.009615384615384616 0.028846153846153848
0 0.8197115384615384 0.13341346153846154 0.014423076923076924 0.028846153846153848
0 0.8377403846153846 0.12379807692307693 0.01201923076923077 0.026442307692307692
0 0.7728365384615384 0.20673076923076922 0.019230769230769232 0.03365384615384615
0 0.7800480769230769 0.16466346153846154 0.014423076923076924 0.038461538461538464
0 0.8028846153846154 0.1201923076923077 0.009615384615384616 0.028846153846153848
0 0.78125 0.11177884615384616 0.014423076923076924 0.026442307692307692
0 0.7295673076923077 0.1778846153846154 0.01201923076923077 0.02403846153846154
0 0.7151442307692307 0.16466346153846154 0.01201923076923077 0.026442307692307692
0 0.7175480769230769 0.13341346153846154 0.01201923076923077 0.02403846153846154
0 0.734375 0.13341346153846154 0.014423076923076924 0.028846153846153848
0 0.75 0.15865384615384615 0.019230769230769232 0.038461538461538464