0 0.0625 0.8028846153846154 0.09134615384615384 0.15384615384615385
0 0.04927884615384615 0.6875 0.0673076923076923 0.10576923076923077
0 0.11778846153846154 0.6466346153846154 0.052884615384615384 0.07211538461538461
0 0.09254807692307693 0.6334134615384616 0.038461538461538464 0.06490384615384616
0 0.20072115384615385 0.6935096153846154 0.08173076923076923 0.13221153846153846
0 0.21514423076923078 0.6418269230769231 0.04807692307692308 0.08173076923076923
0 0.23197115384615385 0.6274038461538461 0.04807692307692308 0.07211538461538461
0 0.2860576923076923 0.6213942307692307 0.04326923076923077 0.0673076923076923
0 0.31490384615384615 0.6826923076923077 0.0673076923076923 0.08653846153846154
0 0.30408653846153844 0.6382211538461539 0.04807692307692308 0.06971153846153846
0 0.33533653846153844 0.5997596153846154 0.036057692307692304 0.06490384615384616
0 0.37259615384615385 0.6237980769230769 0.052884615384615384 0.07451923076923077
0 0.4266826923076923 0.6646634615384616 0.05048076923076923 0.08653846153846154
0 0.4206730769230769 0.5985576923076923 0.04326923076923077 0.07692307692307693
0 0.3557692307692308 0.46274038461538464 0.028846153846153848 0.055288461538461536
0 0.3088942307692308 0.8762019230769231 0.2860576923076923 0.24278846153846154
0 0.5492788461538461 0.8401442307692307 0.18509615384615385 0.31490384615384615
0 0.5528846153846154 0.6262019230769231 0.057692307692307696 0.0985576923076923
0 0.6442307692307693 0.8653846153846154 0.09134615384615384 0.16346153846153846
0 0.7295673076923077 0.7944711538461539 0.08653846153846154 0.13701923076923078
0 0.7079326923076923 0.6875 0.08173076923076923 0.125
0 0.7475961538461539 0.6466346153846154 0.0673076923076923 0.10096153846153846
0 0.78125 0.6045673076923077 0.04326923076923077 0.06490384615384616
0 0.9146634615384616 0.84375 0.11298076923076923 0.20192307692307693
0 0.9038461538461539 0.7079326923076923 0.09615384615384616 0.1466346153846154
0 0.8677884615384616 0.625 0.052884615384615384 0.10576923076923077
0 0.8834134615384616 0.5961538461538461 0.0673076923076923 0.08653846153846154
0 0.9723557692307693 0.6634615384615384 0.05048076923076923 0.10576923076923077
0 0.9675480769230769 0.78125 0.06009615384615385 0.1346153846153846