0 0.19230769230769232 0.36658653846153844 0.04807692307692308 0.0889423076923077
0 0.28365384615384615 0.2127403846153846 0.019230769230769232 0.038461538461538464
0 0.30408653846153844 0.2247596153846154 0.019230769230769232 0.038461538461538464
0 0.32091346153846156 0.21995192307692307 0.019230769230769232 0.04326923076923077
0 0.3473557692307692 0.23197115384615385 0.019230769230769232 0.04807692307692308
0 0.3701923076923077 0.24519230769230768 0.019230769230769232 0.04326923076923077
0 0.41466346153846156 0.24759615384615385 0.021634615384615384 0.04807692307692308
0 0.328125 0.17668269230769232 0.019230769230769232 0.038461538461538464
0 0.35096153846153844 0.18629807692307693 0.019230769230769232 0.038461538461538464
0 0.36899038461538464 0.1814903846153846 0.019230769230769232 0.038461538461538464
0 0.38461538461538464 0.19471153846153846 0.019230769230769232 0.04326923076923077
0 0.4170673076923077 0.1935096153846154 0.019230769230769232 0.038461538461538464
0 0.44711538461538464 0.23076923076923078 0.02403846153846154 0.04326923076923077
0 0.4170673076923077 0.15745192307692307 0.016826923076923076 0.036057692307692304
0 0.43149038461538464 0.16947115384615385 0.019230769230769232 0.036057692307692304
0 0.453125 0.14302884615384615 0.016826923076923076 0.03125
0 0.4675480769230769 0.17427884615384615 0.021634615384615384 0.040865384615384616
0 0.4963942307692308 0.21514423076923078 0.02403846153846154 0.04567307692307692
0 0.4987980769230769 0.17548076923076922 0.019230769230769232 0.03365384615384615
0 0.4855769230769231 0.15504807692307693 0.019230769230769232 0.03365384615384615
0 0.4675480769230769 0.12740384615384615 0.014423076923076924 0.028846153846153848
0 0.484375 0.12860576923076922 0.014423076923076924 0.02403846153846154
0 0.5360576923076923 0.17668269230769232 0.014423076923076924 0.038461538461538464
0 0.5240384615384616 0.15504807692307693 0.019230769230769232 0.036057692307692304
0 0.5048076923076923 0.13942307692307693 0.009615384615384616 0.03365384615384615
0 0.5012019230769231 0.11899038461538461 0.01201923076923077 0.03125
0 0.5240384615384616 0.11899038461538461 0.014423076923076924 0.03125
0 0.5456730769230769 0.1622596153846154 0.014423076923076924 0.03125
0 0.5444711538461539 0.13822115384615385 0.01201923076923077 0.028846153846153848
0 0.546875 0.11298076923076923 0.01201923076923077 0.028846153846153848
0 0.5612980769230769 0.14423076923076922 0.01201923076923077 0.028846153846153848
0 0.5733173076923077 0.12860576923076922 0.01201923076923077 0.03125
0 0.578125 0.1778846153846154 0.021634615384615384 0.038461538461538464
0 0.5805288461538461 0.109375 0.01201923076923077 0.028846153846153848
0 0.5925480769230769 0.12860576923076922 0.01201923076923077 0.03365384615384615
0 0.6021634615384616 0.1466346153846154 0.01201923076923077 0.028846153846153848
0 0.5985576923076923 0.10817307692307693 0.014423076923076924 0.03365384615384615
0 0.6189903846153846 0.14783653846153846 0.014423076923076924 0.03365384615384615
0 0.6213942307692307 0.11899038461538461 0.016826923076923076 0.028846153846153848
0 0.6286057692307693 0.10697115384615384 0.01201923076923077 0.028846153846153848
0 0.6442307692307693 0.09735576923076923 0.014423076923076924 0.026442307692307692
0 0.6538461538461539 0.12620192307692307 0.019230769230769232 0.03125
0 0.6574519230769231 0.109375 0.01201923076923077 0.02403846153846154
0 0.6790865384615384 0.11778846153846154 0.01201923076923077 0.03365384615384615
0 0.6766826923076923 0.10216346153846154 0.014423076923076924 0.02403846153846154
0 0.7007211538461539 0.109375 0.014423076923076924 0.03365384615384615
0 0.4987980769230769 0.27163461538461536 0.026442307692307692 0.0625
0 0.5721153846153846 0.2800480769230769 0.02403846153846154 0.057692307692307696
0 0.6021634615384616 0.31009615384615385 0.028846153846153848 0.07692307692307693
0 0.5853365384615384 0.234375 0.026442307692307692 0.052884615384615384
0 0.6189903846153846 0.24519230769230768 0.02403846153846154 0.057692307692307696
0 0.6213942307692307 0.19831730769230768 0.019230769230769232 0.038461538461538464
0 0.6622596153846154 0.2620192307692308 0.021634615384615384 0.052884615384615384
0 0.6730769230769231 0.3449519230769231 0.028846153846153848 0.07451923076923077
0 0.6670673076923077 0.18870192307692307 0.019230769230769232 0.04326923076923077
0 0.6971153846153846 0.15625 0.019230769230769232 0.04326923076923077
0 0.7103365384615384 0.18629807692307693 0.016826923076923076 0.04326923076923077
0 0.7247596153846154 0.2824519230769231 0.026442307692307692 0.057692307692307696
0 0.7271634615384616 0.21394230769230768 0.02403846153846154 0.04807692307692308
0 0.7548076923076923 0.19831730769230768 0.019230769230769232 0.04807692307692308
0 0.7367788461538461 0.14182692307692307 0.016826923076923076 0.03365384615384615
0 0.7451923076923077 0.15264423076923078 0.019230769230769232 0.036057692307692304
0 0.7512019230769231 0.1310096153846154 0.016826923076923076 0.03365384615384615
0 0.7632211538461539 0.15264423076923078 0.014423076923076924 0.036057692307692304
0 0.7788461538461539 0.1310096153846154 0.014423076923076924 0.028846153846153848
0 0.8040865384615384 0.15264423076923078 0.016826923076923076 0.028846153846153848
0 0.7872596153846154 0.21514423076923078 0.021634615384615384 0.04567307692307692
0 0.7728365384615384 0.23677884615384615 0.021634615384615384 0.052884615384615384
0 0.7848557692307693 0.2860576923076923 0.021634615384615384 0.0625
0 0.7728365384615384 0.3545673076923077 0.03125 0.0673076923076923
0 0.8221153846153846 0.38221153846153844 0.03365384615384615 0.08173076923076923
0 0.828125 0.3016826923076923 0.02403846153846154 0.06490384615384616
0 0.8317307692307693 0.23918269230769232 0.019230769230769232 0.052884615384615384
0 0.8557692307692307 0.26802884615384615 0.019230769230769232 0.04567307692307692
0 0.8822115384615384 0.22956730769230768 0.019230769230769232 0.04326923076923077
0 0.9158653846153846 0.3293269230769231 0.02403846153846154 0.0625
0 0.8689903846153846 0.4206730769230769 0.03365384615384615 0.08173076923076923
0 0.921875 0.2848557692307692 0.02403846153846154 0.040865384615384616
0 0.9266826923076923 0.23197115384615385 0.016826923076923076 0.040865384615384616