0 0.07692307692307693 0.35336538461538464 0.04807692307692308 0.07211538461538461
0 0.27524038461538464 0.18629807692307693 0.021634615384615384 0.038461538461538464
0 0.296875 0.19591346153846154 0.019230769230769232 0.04807692307692308
0 0.3125 0.1778846153846154 0.02403846153846154 0.04807692307692308
0 0.40625 0.1622596153846154 0.028846153846153848 0.06009615384615385
0 0.4495192307692308 0.17668269230769232 0.03365384615384615 0.0673076923076923
0 0.49158653846153844 0.16105769230769232 0.036057692307692304 0.0625
0 0.5480769230769231 0.16947115384615385 0.028846153846153848 0.052884615384615384
0 0.5408653846153846 0.14423076923076922 0.02403846153846154 0.04807692307692308
0 0.5480769230769231 0.2824519230769231 0.03365384615384615 0.06490384615384616
0 0.5997596153846154 0.17548076923076922 0.03125 0.0625
0 0.6310096153846154 0.23918269230769232 0.038461538461538464 0.06009615384615385
0 0.6790865384615384 0.27884615384615385 0.04807692307692308 0.10576923076923077
0 0.7632211538461539 0.20552884615384615 0.036057692307692304 0.0673076923076923