0 0.038461538461538464 0.2439903846153846 0.009615384615384616 0.038461538461538464
0 0.19471153846153846 0.20072115384615385 0.02403846153846154 0.040865384615384616
0 0.20552884615384615 0.34375 0.040865384615384616 0.09134615384615384
0 0.3125 0.16706730769230768 0.02403846153846154 0.040865384615384616
0 0.29447115384615385 0.21754807692307693 0.016826923076923076 0.02403846153846154
0 0.38341346153846156 0.1935096153846154 0.021634615384615384 0.04567307692307692
0 0.4098557692307692 0.21754807692307693 0.021634615384615384 0.04567307692307692
0 0.41586538461538464 0.17668269230769232 0.014423076923076924 0.03365384615384615
0 0.4326923076923077 0.14302884615384615 0.019230769230769232 0.04326923076923077
0 0.609375 0.10096153846153846 0.01201923076923077 0.028846153846153848
0 0.6478365384615384 0.11658653846153846 0.016826923076923076 0.03125
0 0.6334134615384616 0.13822115384615385 0.01201923076923077 0.028846153846153848
0 0.6454326923076923 0.14423076923076922 0.016826923076923076 0.02403846153846154
0 0.7524038461538461 0.140625 0.014423076923076924 0.03125
0 0.7668269230769231 0.14302884615384615 0.019230769230769232 0.036057692307692304
0 0.8641826923076923 0.1875 0.014423076923076924 0.038461538461538464
0 0.9362980769230769 0.19230769230769232 0.016826923076923076 0.038461538461538464
0 0.8846153846153846 0.23798076923076922 0.019230769230769232 0.04326923076923077
0 0.9182692307692307 0.2439903846153846 0.019230769230769232 0.04567307692307692
0 0.8185096153846154 0.2548076923076923 0.021634615384615384 0.04807692307692308