0 0.1875 0.4387019230769231 0.052884615384615384 0.10576923076923077
0 0.33774038461538464 0.21754807692307693 0.019230769230769232 0.036057692307692304
0 0.3293269230769231 0.20072115384615385 0.019230769230769232 0.03125
0 0.3485576923076923 0.19110576923076922 0.019230769230769232 0.036057692307692304
0 0.4074519230769231 0.19951923076923078 0.021634615384615384 0.04326923076923077
0 0.4206730769230769 0.17427884615384615 0.019230769230769232 0.036057692307692304
0 0.44591346153846156 0.19110576923076922 0.021634615384615384 0.040865384615384616
0 0.4423076923076923 0.2247596153846154 0.028846153846153848 0.038461538461538464
0 0.47596153846153844 0.22956730769230768 0.02403846153846154 0.04807692307692308
0 0.47115384615384615 0.1935096153846154 0.02403846153846154 0.04326923076923077
0 0.4387019230769231 0.14182692307692307 0.016826923076923076 0.03365384615384615
0 0.46274038461538464 0.13701923076923078 0.016826923076923076 0.028846153846153848
0 0.46274038461538464 0.14903846153846154 0.016826923076923076 0.028846153846153848
0 0.47836538461538464 0.16105769230769232 0.02403846153846154 0.03365384615384615
0 0.49158653846153844 0.12860576923076922 0.01201923076923077 0.03125
0 0.5 0.1201923076923077 0.009615384615384616 0.02403846153846154
0 0.5108173076923077 0.15264423076923078 0.021634615384615384 0.03125
0 0.5360576923076923 0.17908653846153846 0.019230769230769232 0.03125
0 0.5336538461538461 0.15384615384615385 0.019230769230769232 0.038461538461538464
0 0.5348557692307693 0.13701923076923078 0.01201923076923077 0.03365384615384615
0 0.5444711538461539 0.12620192307692307 0.01201923076923077 0.02403846153846154
0 0.5204326923076923 0.13701923076923078 0.01201923076923077 0.03365384615384615
0 0.5564903846153846 0.16105769230769232 0.01201923076923077 0.03365384615384615
0 0.5721153846153846 0.24158653846153846 0.02403846153846154 0.040865384615384616
0 0.5192307692307693 0.2668269230769231 0.02403846153846154 0.052884615384615384
0 0.5516826923076923 0.2860576923076923 0.026442307692307692 0.0625
0 0.5745192307692307 0.13341346153846154 0.014423076923076924 0.036057692307692304
0 0.5853365384615384 0.109375 0.01201923076923077 0.028846153846153848
0 0.6105769230769231 0.09615384615384616 0.009615384615384616 0.02403846153846154
0 0.6153846153846154 0.1141826923076923 0.009615384615384616 0.026442307692307692
0 0.6322115384615384 0.09975961538461539 0.009615384615384616 0.02403846153846154
0 0.6574519230769231 0.10336538461538461 0.01201923076923077 0.02403846153846154
0 0.6538461538461539 0.11658653846153846 0.009615384615384616 0.028846153846153848
0 0.6550480769230769 0.13581730769230768 0.01201923076923077 0.028846153846153848
0 0.6213942307692307 0.14903846153846154 0.01201923076923077 0.03365384615384615
0 0.6262019230769231 0.13221153846153846 0.01201923076923077 0.028846153846153848
0 0.59375 0.14302884615384615 0.014423076923076924 0.028846153846153848
0 0.5853365384615384 0.1658653846153846 0.01201923076923077 0.03365384615384615
0 0.6742788461538461 0.1201923076923077 0.009615384615384616 0.019230769230769232
0 0.6983173076923077 0.12139423076923077 0.01201923076923077 0.03365384615384615
0 0.7199519230769231 0.14182692307692307 0.01201923076923077 0.03365384615384615
0 0.7091346153846154 0.16105769230769232 0.014423076923076924 0.03365384615384615
0 0.7019230769230769 0.19471153846153846 0.019230769230769232 0.04326923076923077
0 0.6706730769230769 0.1778846153846154 0.019230769230769232 0.04807692307692308
0 0.6682692307692307 0.2127403846153846 0.019230769230769232 0.04567307692307692
0 0.6237980769230769 0.22115384615384615 0.02403846153846154 0.04807692307692308
0 0.6225961538461539 0.28365384615384615 0.03365384615384615 0.0673076923076923
0 0.6598557692307693 0.25841346153846156 0.021634615384615384 0.04807692307692308
0 0.6850961538461539 0.32091346153846156 0.03365384615384615 0.07451923076923077
0 0.7379807692307693 0.3605769230769231 0.03365384615384615 0.07692307692307693
0 0.7247596153846154 0.22355769230769232 0.021634615384615384 0.052884615384615384
0 0.7548076923076923 0.1201923076923077 0.009615384615384616 0.028846153846153848
0 0.7524038461538461 0.14423076923076922 0.014423076923076924 0.028846153846153848
0 0.7475961538461539 0.1658653846153846 0.014423076923076924 0.03365384615384615
0 0.7692307692307693 0.1814903846153846 0.019230769230769232 0.038461538461538464
0 0.7668269230769231 0.13221153846153846 0.014423076923076924 0.03365384615384615
0 0.7848557692307693 0.12740384615384615 0.01201923076923077 0.03365384615384615
0 0.7872596153846154 0.15625 0.019230769230769232 0.03365384615384615
0 0.7824519230769231 0.21033653846153846 0.021634615384615384 0.05048076923076923
0 0.8064903846153846 0.25721153846153844 0.019230769230769232 0.04326923076923077
0 0.7992788461538461 0.28725961538461536 0.02403846153846154 0.06490384615384616
0 0.8353365384615384 0.35096153846153844 0.028846153846153848 0.07211538461538461
0 0.8425480769230769 0.33774038461538464 0.02403846153846154 0.052884615384615384
0 0.8641826923076923 0.28365384615384615 0.021634615384615384 0.04807692307692308
0 0.8413461538461539 0.2127403846153846 0.019230769230769232 0.038461538461538464
0 0.8076923076923077 0.1814903846153846 0.014423076923076924 0.03365384615384615
0 0.8245192307692307 0.17067307692307693 0.014423076923076924 0.03365384615384615
0 0.8401442307692307 0.1502403846153846 0.014423076923076924 0.03125
0 0.8509615384615384 0.1875 0.014423076923076924 0.038461538461538464
0 0.8653846153846154 0.17427884615384615 0.019230769230769232 0.03365384615384615
0 0.8725961538461539 0.15144230769230768 0.014423076923076924 0.03365384615384615
0 0.8978365384615384 0.1778846153846154 0.01201923076923077 0.03365384615384615
0 0.9074519230769231 0.16706730769230768 0.01201923076923077 0.03125
0 0.9134615384615384 0.1658653846153846 0.009615384615384616 0.03365384615384615
0 0.8858173076923077 0.22235576923076922 0.016826923076923076 0.04567307692307692
0 0.9423076923076923 0.1814903846153846 0.009615384615384616 0.03125
0 0.9423076923076923 0.21514423076923078 0.014423076923076924 0.036057692307692304
0 0.9290865384615384 0.2247596153846154 0.016826923076923076 0.04326923076923077
0 0.9254807692307693 0.2403846153846154 0.014423076923076924 0.04326923076923077
0 0.921875 0.28725961538461536 0.021634615384615384 0.04807692307692308
0 0.9146634615384616 0.33413461538461536 0.019230769230769232 0.057692307692307696