0 0.04567307692307692 0.6322115384615384 0.04326923076923077 0.07211538461538461
0 0.026442307692307692 0.5745192307692307 0.03365384615384615 0.052884615384615384
0 0.052884615384615384 0.5745192307692307 0.03365384615384615 0.04326923076923077
0 0.10817307692307693 0.6466346153846154 0.052884615384615384 0.07692307692307693
0 0.040865384615384616 0.8173076923076923 0.08173076923076923 0.15865384615384615
0 0.15625 0.5721153846153846 0.028846153846153848 0.04807692307692308
0 0.18990384615384615 0.6225961538461539 0.04807692307692308 0.0625
0 0.23197115384615385 0.6682692307692307 0.06971153846153846 0.08653846153846154
0 0.20432692307692307 0.5709134615384616 0.03365384615384615 0.04326923076923077
0 0.22956730769230768 0.5588942307692307 0.03125 0.038461538461538464
0 0.2512019230769231 0.6262019230769231 0.055288461538461536 0.06009615384615385
0 0.2920673076923077 0.6165865384615384 0.04567307692307692 0.06490384615384616
0 0.3076923076923077 0.578125 0.028846153846153848 0.038461538461538464
0 0.36778846153846156 0.5745192307692307 0.03365384615384615 0.052884615384615384
0 0.40024038461538464 0.5757211538461539 0.021634615384615384 0.03365384615384615
0 0.5588942307692307 0.4963942307692308 0.026442307692307692 0.026442307692307692
0 0.6274038461538461 0.5961538461538461 0.038461538461538464 0.04807692307692308
0 0.5985576923076923 0.5709134615384616 0.02403846153846154 0.026442307692307692
0 0.6382211538461539 0.5456730769230769 0.02403846153846154 0.028846153846153848
0 0.6742788461538461 0.5685096153846154 0.028846153846153848 0.03365384615384615
0 0.7175480769230769 0.5757211538461539 0.03365384615384615 0.04326923076923077
0 0.6778846153846154 0.6310096153846154 0.04326923076923077 0.055288461538461536
0 0.7487980769230769 0.6971153846153846 0.06971153846153846 0.11538461538461539
0 0.8269230769230769 0.6478365384615384 0.057692307692307696 0.06971153846153846
0 0.8100961538461539 0.5865384615384616 0.03365384615384615 0.04807692307692308
0 0.7872596153846154 0.578125 0.03125 0.052884615384615384
0 0.7848557692307693 0.5516826923076923 0.026442307692307692 0.038461538461538464
0 0.8461538461538461 0.5721153846153846 0.038461538461538464 0.057692307692307696
0 0.8798076923076923 0.5769230769230769 0.03365384615384615 0.04807692307692308
0 0.9507211538461539 0.5829326923076923 0.03365384615384615 0.04567307692307692
0 0.921875 0.6358173076923077 0.040865384615384616 0.06009615384615385
0 0.9146634615384616 0.5697115384615384 0.026442307692307692 0.052884615384615384
0 0.8894230769230769 0.6754807692307693 0.057692307692307696 0.07211538461538461
0 0.9675480769230769 0.7872596153846154 0.0625 0.1971153846153846