0 0.10576923076923077 0.6935096153846154 0.08653846153846154 0.13942307692307693
0 0.05048076923076923 0.6442307692307693 0.052884615384615384 0.07692307692307693
0 0.12980769230769232 0.6033653846153846 0.04807692307692308 0.07211538461538461
0 0.171875 0.6237980769230769 0.04567307692307692 0.08173076923076923
0 0.21875 0.6550480769230769 0.07211538461538461 0.09615384615384616
0 0.25961538461538464 0.6237980769230769 0.04807692307692308 0.06971153846153846
0 0.3076923076923077 0.6045673076923077 0.057692307692307696 0.08173076923076923
0 0.375 0.48677884615384615 0.04807692307692308 0.06971153846153846
0 0.625 0.4110576923076923 0.04807692307692308 0.09134615384615384
0 0.6730769230769231 0.59375 0.057692307692307696 0.07211538461538461
0 0.7439903846153846 0.6826923076923077 0.07451923076923077 0.10096153846153846
0 0.7896634615384616 0.7860576923076923 0.15625 0.21153846153846154
0 0.7704326923076923 0.5841346153846154 0.0625 0.10576923076923077
0 0.8064903846153846 0.5757211538461539 0.05048076923076923 0.09134615384615384
0 0.875 0.5853365384615384 0.057692307692307696 0.08173076923076923
0 0.9086538461538461 0.5721153846153846 0.04326923076923077 0.0673076923076923
0 0.9122596153846154 0.6346153846153846 0.06490384615384616 0.11538461538461539
0 0.9555288461538461 0.625 0.08413461538461539 0.14423076923076922