0 0.17307692307692307 0.32091346153846156 0.028846153846153848 0.04807692307692308
0 0.19831730769230768 0.31850961538461536 0.028846153846153848 0.057692307692307696
0 0.2127403846153846 0.35697115384615385 0.03365384615384615 0.06009615384615385
0 0.2776442307692308 0.2247596153846154 0.02403846153846154 0.04567307692307692
0 0.28365384615384615 0.19471153846153846 0.019230769230769232 0.03365384615384615
0 0.31490384615384615 0.23197115384615385 0.02403846153846154 0.04326923076923077
0 0.32211538461538464 0.3004807692307692 0.03365384615384615 0.08173076923076923
0 0.3545673076923077 0.2848557692307692 0.036057692307692304 0.0625
0 0.3473557692307692 0.4182692307692308 0.04567307692307692 0.09615384615384616
0 0.44471153846153844 0.24278846153846154 0.03365384615384615 0.0673076923076923
0 0.5384615384615384 0.28966346153846156 0.038461538461538464 0.07211538461538461
0 0.3557692307692308 0.36538461538461536 0.038461538461538464 0.0673076923076923