0 0.3233173076923077 0.21514423076923078 0.021634615384615384 0.036057692307692304
0 0.35697115384615385 0.2091346153846154 0.019230769230769232 0.038461538461538464
0 0.3762019230769231 0.17307692307692307 0.021634615384615384 0.038461538461538464
0 0.4110576923076923 0.17067307692307693 0.019230769230769232 0.03365384615384615
0 0.4375 0.17668269230769232 0.019230769230769232 0.036057692307692304
0 0.46274038461538464 0.20673076923076922 0.02403846153846154 0.04807692307692308
0 0.46875 0.16346153846153846 0.02403846153846154 0.038461538461538464
0 0.43990384615384615 0.15264423076923078 0.014423076923076924 0.026442307692307692
0 0.4362980769230769 0.14543269230769232 0.014423076923076924 0.03365384615384615
0 0.47115384615384615 0.13341346153846154 0.014423076923076924 0.026442307692307692
0 0.5012019230769231 0.18389423076923078 0.019230769230769232 0.038461538461538464
0 0.49399038461538464 0.16947115384615385 0.016826923076923076 0.03365384615384615
0 0.4951923076923077 0.13942307692307693 0.014423076923076924 0.028846153846153848
0 0.4963942307692308 0.125 0.01201923076923077 0.019230769230769232
0 0.5180288461538461 0.13581730769230768 0.014423076923076924 0.028846153846153848
0 0.5252403846153846 0.12259615384615384 0.014423076923076924 0.02403846153846154
0 0.5384615384615384 0.14543269230769232 0.019230769230769232 0.03365384615384615
0 0.5444711538461539 0.19110576923076922 0.019230769230769232 0.04326923076923077
0 0.5240384615384616 0.17067307692307693 0.019230769230769232 0.03365384615384615
0 0.5480769230769231 0.16826923076923078 0.019230769230769232 0.03365384615384615
0 0.5793269230769231 0.17908653846153846 0.014423076923076924 0.038461538461538464
0 0.5697115384615384 0.1466346153846154 0.014423076923076924 0.03365384615384615
0 0.5540865384615384 0.1346153846153846 0.01201923076923077 0.028846153846153848
0 0.578125 0.11899038461538461 0.014423076923076924 0.03125
0 0.59375 0.13822115384615385 0.014423076923076924 0.03125
0 0.609375 0.10216346153846154 0.014423076923076924 0.026442307692307692
0 0.6177884615384616 0.1658653846153846 0.019230769230769232 0.038461538461538464
0 0.6213942307692307 0.14302884615384615 0.014423076923076924 0.021634615384615384
0 0.625 0.12379807692307693 0.014423076923076924 0.028846153846153848
0 0.5709134615384616 0.23317307692307693 0.02403846153846154 0.0625
0 0.6189903846153846 0.21995192307692307 0.021634615384615384 0.04567307692307692
0 0.6538461538461539 0.1875 0.019230769230769232 0.04326923076923077
0 0.6658653846153846 0.234375 0.02403846153846154 0.052884615384615384
0 0.6971153846153846 0.2403846153846154 0.028846153846153848 0.057692307692307696
0 0.6574519230769231 0.11177884615384616 0.01201923076923077 0.021634615384615384
0 0.671875 0.109375 0.01201923076923077 0.028846153846153848
0 0.6526442307692307 0.140625 0.01201923076923077 0.026442307692307692
0 0.6634615384615384 0.13822115384615385 0.009615384615384616 0.028846153846153848
0 0.6814903846153846 0.14543269230769232 0.014423076923076924 0.021634615384615384
0 0.7007211538461539 0.11778846153846154 0.014423076923076924 0.02403846153846154
0 0.7199519230769231 0.14543269230769232 0.016826923076923076 0.03365384615384615
0 0.7079326923076923 0.19110576923076922 0.019230769230769232 0.03365384615384615
0 0.6923076923076923 0.17668269230769232 0.019230769230769232 0.036057692307692304
0 0.7331730769230769 0.17427884615384615 0.014423076923076924 0.03365384615384615
0 0.7379807692307693 0.14423076923076922 0.014423076923076924 0.03365384615384615
0 0.7572115384615384 0.13581730769230768 0.014423076923076924 0.028846153846153848
0 0.7728365384615384 0.18629807692307693 0.019230769230769232 0.04807692307692308
0 0.7776442307692307 0.14543269230769232 0.014423076923076924 0.03125
0 0.7884615384615384 0.1658653846153846 0.019230769230769232 0.038461538461538464
0 0.7932692307692307 0.13581730769230768 0.014423076923076924 0.03125
0 0.8052884615384616 0.15745192307692307 0.014423076923076924 0.036057692307692304
0 0.8221153846153846 0.13221153846153846 0.019230769230769232 0.03365384615384615
0 0.8221153846153846 0.18629807692307693 0.019230769230769232 0.04326923076923077
0 0.7992788461538461 0.20673076923076922 0.016826923076923076 0.038461538461538464
0 0.7596153846153846 0.32091346153846156 0.038461538461538464 0.0889423076923077
0 0.8521634615384616 0.20432692307692307 0.019230769230769232 0.052884615384615384
0 0.8521634615384616 0.14302884615384615 0.019230769230769232 0.03365384615384615
0 0.8737980769230769 0.15384615384615385 0.016826923076923076 0.028846153846153848
0 0.8774038461538461 0.22956730769230768 0.019230769230769232 0.04326923076923077
0 0.8689903846153846 0.2668269230769231 0.021634615384615384 0.052884615384615384
0 0.9278846153846154 0.25721153846153844 0.019230769230769232 0.052884615384615384
0 0.9302884615384616 0.2127403846153846 0.02403846153846154 0.038461538461538464
0 0.9326923076923077 0.18870192307692307 0.019230769230769232 0.03125
0 0.9375 0.16346153846153846 0.014423076923076924 0.028846153846153848
0 0.9134615384615384 0.17908653846153846 0.019230769230769232 0.040865384615384616