0 0.25721153846153844 0.5048076923076923 0.0625 0.09134615384615384
0 0.5144230769230769 0.49399038461538464 0.0673076923076923 0.0889423076923077
0 0.7956730769230769 0.4987980769230769 0.0625 0.10096153846153846
0 0.11658653846153846 0.7692307692307693 0.07451923076923077 0.10096153846153846
0 0.14182692307692307 0.9170673076923077 0.1201923076923077 0.15144230769230768
0 0.24158653846153846 0.9242788461538461 0.15144230769230768 0.1466346153846154
0 0.20192307692307693 0.8269230769230769 0.08173076923076923 0.08653846153846154
0 0.29927884615384615 0.8100961538461539 0.08173076923076923 0.10096153846153846
0 0.3858173076923077 0.8353365384615384 0.08413461538461539 0.1201923076923077
0 0.4387019230769231 0.9086538461538461 0.10817307692307693 0.16346153846153846
0 0.5360576923076923 0.8954326923076923 0.08653846153846154 0.15625
0 0.6033653846153846 0.9170673076923077 0.12980769230769232 0.15144230769230768
0 0.7451923076923077 0.9242788461538461 0.15384615384615385 0.1466346153846154
0 0.8173076923076923 0.8677884615384616 0.07692307692307693 0.11057692307692307
0 0.828125 0.8016826923076923 0.06971153846153846 0.09134615384615384
0 0.6033653846153846 0.8149038461538461 0.07211538461538461 0.1201923076923077
0 0.5228365384615384 0.8233173076923077 0.09375 0.11298076923076923
0 0.6394230769230769 0.7596153846153846 0.0673076923076923 0.125
0 0.8810096153846154 0.9362980769230769 0.08413461538461539 0.10817307692307693
0 0.953125 0.921875 0.0889423076923077 0.14182692307692307
0 0.9615384615384616 0.84375 0.07211538461538461 0.1201923076923077