0 0.04567307692307692 0.3701923076923077 0.02403846153846154 0.057692307692307696
0 0.24759615384615385 0.2644230769230769 0.019230769230769232 0.038461538461538464
0 0.3016826923076923 0.2403846153846154 0.019230769230769232 0.038461538461538464
0 0.31850961538461536 0.26802884615384615 0.016826923076923076 0.03125
0 0.30288461538461536 0.27283653846153844 0.014423076923076924 0.03365384615384615
0 0.3233173076923077 0.20552884615384615 0.014423076923076924 0.03125
0 0.3317307692307692 0.21634615384615385 0.019230769230769232 0.028846153846153848
0 0.34975961538461536 0.24158653846153846 0.016826923076923076 0.04326923076923077
0 0.36177884615384615 0.2620192307692308 0.02403846153846154 0.04326923076923077
0 0.3894230769230769 0.2848557692307692 0.028846153846153848 0.052884615384615384
0 0.3581730769230769 0.20793269230769232 0.019230769230769232 0.038461538461538464
0 0.3641826923076923 0.18629807692307693 0.019230769230769232 0.036057692307692304
0 0.38341346153846156 0.17668269230769232 0.014423076923076924 0.038461538461538464
0 0.3786057692307692 0.22115384615384615 0.019230769230769232 0.038461538461538464
0 0.4014423076923077 0.18629807692307693 0.019230769230769232 0.038461538461538464
0 0.4254807692307692 0.23317307692307693 0.02403846153846154 0.04326923076923077
0 0.4375 0.18269230769230768 0.019230769230769232 0.038461538461538464
0 0.44350961538461536 0.1658653846153846 0.014423076923076924 0.02403846153846154
0 0.46033653846153844 0.19230769230769232 0.019230769230769232 0.038461538461538464
0 0.47115384615384615 0.22716346153846154 0.02403846153846154 0.04567307692307692
0 0.4567307692307692 0.13341346153846154 0.014423076923076924 0.03125
0 0.49158653846153844 0.19230769230769232 0.019230769230769232 0.04326923076923077
0 0.5 0.16105769230769232 0.014423076923076924 0.03365384615384615
0 0.484375 0.1201923076923077 0.01201923076923077 0.028846153846153848
0 0.4831730769230769 0.15625 0.014423076923076924 0.03365384615384615
0 0.5216346153846154 0.1971153846153846 0.02403846153846154 0.04807692307692308
0 0.5252403846153846 0.1658653846153846 0.019230769230769232 0.03365384615384615
0 0.5444711538461539 0.14783653846153846 0.019230769230769232 0.03365384615384615
0 0.5637019230769231 0.17067307692307693 0.019230769230769232 0.04326923076923077
0 0.5673076923076923 0.21754807692307693 0.028846153846153848 0.05048076923076923
0 0.484375 0.30288461538461536 0.028846153846153848 0.057692307692307696
0 0.5757211538461539 0.2956730769230769 0.03125 0.0625
0 0.5625 0.11177884615384616 0.014423076923076924 0.036057692307692304
0 0.5769230769230769 0.13822115384615385 0.014423076923076924 0.03125
0 0.5913461538461539 0.12620192307692307 0.014423076923076924 0.021634615384615384
0 0.6129807692307693 0.10817307692307693 0.014423076923076924 0.02403846153846154
0 0.6153846153846154 0.1346153846153846 0.019230769230769232 0.028846153846153848
0 0.6298076923076923 0.12620192307692307 0.009615384615384616 0.03125
0 0.6322115384615384 0.109375 0.014423076923076924 0.026442307692307692
0 0.671875 0.11177884615384616 0.014423076923076924 0.03365384615384615
0 0.6610576923076923 0.20432692307692307 0.019230769230769232 0.04807692307692308
0 0.6430288461538461 0.19471153846153846 0.016826923076923076 0.04326923076923077
0 0.6310096153846154 0.19230769230769232 0.016826923076923076 0.04326923076923077
0 0.625 0.23798076923076922 0.02403846153846154 0.052884615384615384
0 0.6262019230769231 0.31009615384615385 0.03125 0.0625
0 0.6550480769230769 0.26802884615384615 0.026442307692307692 0.06009615384615385
0 0.7055288461538461 0.26802884615384615 0.02403846153846154 0.06009615384615385
0 0.6983173076923077 0.20793269230769232 0.019230769230769232 0.038461538461538464
0 0.6862980769230769 0.19110576923076922 0.019230769230769232 0.04326923076923077
0 0.6826923076923077 0.14903846153846154 0.019230769230769232 0.028846153846153848
0 0.7079326923076923 0.13942307692307693 0.019230769230769232 0.038461538461538464
0 0.7307692307692307 0.10336538461538461 0.019230769230769232 0.03365384615384615
0 0.7512019230769231 0.1346153846153846 0.019230769230769232 0.038461538461538464
0 0.7692307692307693 0.11658653846153846 0.019230769230769232 0.03125
0 0.7175480769230769 0.17908653846153846 0.016826923076923076 0.040865384615384616
0 0.7319711538461539 0.19230769230769232 0.019230769230769232 0.04807692307692308
0 0.7548076923076923 0.20072115384615385 0.019230769230769232 0.052884615384615384
0 0.7620192307692307 0.1622596153846154 0.019230769230769232 0.03365384615384615
0 0.7716346153846154 0.20673076923076922 0.014423076923076924 0.03365384615384615
0 0.7644230769230769 0.2848557692307692 0.028846153846153848 0.06971153846153846
0 0.8353365384615384 0.30288461538461536 0.028846153846153848 0.0673076923076923
0 0.8497596153846154 0.25721153846153844 0.02403846153846154 0.057692307692307696
0 0.9134615384615384 0.27283653846153844 0.02403846153846154 0.057692307692307696
0 0.9134615384615384 0.23918269230769232 0.02403846153846154 0.038461538461538464
0 0.8810096153846154 0.18509615384615385 0.019230769230769232 0.038461538461538464
0 0.8834134615384616 0.16105769230769232 0.019230769230769232 0.038461538461538464
0 0.8894230769230769 0.140625 0.009615384615384616 0.03125
0 0.8581730769230769 0.13942307692307693 0.014423076923076924 0.038461538461538464
0 0.8365384615384616 0.16105769230769232 0.019230769230769232 0.03365384615384615
0 0.8269230769230769 0.20072115384615385 0.019230769230769232 0.04807692307692308
0 0.8064903846153846 0.15625 0.019230769230769232 0.04326923076923077
0 0.7872596153846154 0.140625 0.014423076923076924 0.036057692307692304
0 0.8076923076923077 0.11658653846153846 0.019230769230769232 0.03125
0 0.8317307692307693 0.12740384615384615 0.014423076923076924 0.03365384615384615