0 0.09134615384615384 0.47836538461538464 0.11057692307692307 0.2548076923076923
0 0.19591346153846154 0.359375 0.07932692307692307 0.17548076923076922
0 0.16947115384615385 0.28725961538461536 0.06971153846153846 0.15625
0 0.24879807692307693 0.2860576923076923 0.0673076923076923 0.15384615384615385
0 0.3713942307692308 0.2980769230769231 0.04567307692307692 0.10096153846153846
0 0.47716346153846156 0.3016826923076923 0.04807692307692308 0.10336538461538461
0 0.6141826923076923 0.31850961538461536 0.052884615384615384 0.10336538461538461
0 0.7199519230769231 0.3473557692307692 0.04326923076923077 0.11538461538461539
0 0.7848557692307693 0.3629807692307692 0.06490384615384616 0.15865384615384615
0 0.765625 0.28365384615384615 0.03365384615384615 0.07692307692307693
0 0.8822115384615384 0.34134615384615385 0.052884615384615384 0.1201923076923077
0 0.9170673076923077 0.4411057692307692 0.08173076923076923 0.1875
0 0.9675480769230769 0.35096153846153844 0.057692307692307696 0.1346153846153846