0 0.6298076923076923 0.29447115384615385 0.04807692307692308 0.08413461538461539
0 0.6454326923076923 0.4483173076923077 0.052884615384615384 0.0889423076923077
0 0.7175480769230769 0.49399038461538464 0.0625 0.09375
0 0.8245192307692307 0.5492788461538461 0.08173076923076923 0.11538461538461539
0 0.9122596153846154 0.4699519230769231 0.052884615384615384 0.08653846153846154
0 0.9495192307692307 0.5709134615384616 0.08653846153846154 0.13221153846153846
0 0.8389423076923077 0.7980769230769231 0.20673076923076922 0.3269230769230769
0 0.6971153846153846 0.7259615384615384 0.11538461538461539 0.21634615384615385
0 0.5865384615384616 0.5444711538461539 0.08653846153846154 0.1201923076923077
0 0.49158653846153844 0.53125 0.06971153846153846 0.10576923076923077
0 0.44471153846153844 0.49278846153846156 0.0625 0.11057692307692307
0 0.39663461538461536 0.4951923076923077 0.052884615384615384 0.0673076923076923
0 0.1310096153846154 0.47716346153846156 0.06490384615384616 0.08653846153846154
0 0.11658653846153846 0.5865384615384616 0.0673076923076923 0.10096153846153846
0 0.051682692307692304 0.6153846153846154 0.10096153846153846 0.1346153846153846