0 0.06850961538461539 0.33052884615384615 0.0673076923076923 0.10336538461538461
0 0.16466346153846154 0.3016826923076923 0.08413461538461539 0.12980769230769232
0 0.20072115384615385 0.24759615384615385 0.055288461538461536 0.08173076923076923
0 0.2704326923076923 0.33774038461538464 0.07932692307692307 0.11778846153846154
0 0.37259615384615385 0.3545673076923077 0.0625 0.11057692307692307
0 0.41225961538461536 0.2704326923076923 0.0625 0.10096153846153846
0 0.4723557692307692 0.3425480769230769 0.052884615384615384 0.09375
0 0.6286057692307693 0.23918269230769232 0.10576923076923077 0.16826923076923078
0 0.7740384615384616 0.27163461538461536 0.08173076923076923 0.14423076923076922
0 0.8689903846153846 0.29927884615384615 0.0625 0.11778846153846154
0 0.5745192307692307 0.23557692307692307 0.08653846153846154 0.14903846153846154