0 0.07091346153846154 0.375 0.040865384615384616 0.0673076923076923
0 0.09495192307692307 0.3605769230769231 0.03365384615384615 0.0673076923076923
0 0.15504807692307693 0.3329326923076923 0.03365384615384615 0.057692307692307696
0 0.23076923076923078 0.3317307692307692 0.028846153846153848 0.04807692307692308
0 0.35697115384615385 0.3076923076923077 0.026442307692307692 0.04807692307692308
0 0.41586538461538464 0.30649038461538464 0.02403846153846154 0.038461538461538464
0 0.4579326923076923 0.2932692307692308 0.03125 0.04807692307692308
0 0.5144230769230769 0.30288461538461536 0.02403846153846154 0.04807692307692308
0 0.5865384615384616 0.3173076923076923 0.028846153846153848 0.04807692307692308
0 0.7524038461538461 0.3329326923076923 0.03365384615384615 0.0673076923076923
0 0.8161057692307693 0.3557692307692308 0.038461538461538464 0.057692307692307696
0 0.8822115384615384 0.37740384615384615 0.028846153846153848 0.057692307692307696
0 0.9651442307692307 0.3894230769230769 0.038461538461538464 0.0673076923076923
0 0.6670673076923077 0.7788461538461539 0.09615384615384616 0.15384615384615385
0 0.4338942307692308 0.8966346153846154 0.11538461538461539 0.1875
0 0.15384615384615385 0.9014423076923077 0.16346153846153846 0.1778846153846154