0 0.08533653846153846 0.4735576923076923 0.06971153846153846 0.12980769230769232
0 0.26802884615384615 0.5204326923076923 0.11057692307692307 0.1971153846153846
0 0.33653846153846156 0.25721153846153844 0.07692307692307693 0.13942307692307693
0 0.2283653846153846 0.37740384615384615 0.052884615384615384 0.0625
0 0.16706730769230768 0.3641826923076923 0.038461538461538464 0.0625
0 0.12379807692307693 0.3641826923076923 0.040865384615384616 0.052884615384615384
0 0.0829326923076923 0.3449519230769231 0.03365384615384615 0.0673076923076923
0 0.018028846153846152 0.3401442307692308 0.02403846153846154 0.05048076923076923
0 0.48197115384615385 0.46634615384615385 0.057692307692307696 0.10576923076923077
0 0.5372596153846154 0.41346153846153844 0.04807692307692308 0.08173076923076923
0 0.5084134615384616 0.38461538461538464 0.028846153846153848 0.057692307692307696
0 0.421875 0.38221153846153844 0.038461538461538464 0.07211538461538461
0 0.7211538461538461 0.5180288461538461 0.09134615384615384 0.12740384615384615
0 0.7355769230769231 0.4182692307692308 0.057692307692307696 0.10576923076923077
0 0.8521634615384616 0.5240384615384616 0.06971153846153846 0.11538461538461539
0 0.8485576923076923 0.45072115384615385 0.052884615384615384 0.0673076923076923
0 0.9122596153846154 0.484375 0.06490384615384616 0.0889423076923077
0 0.9387019230769231 0.4266826923076923 0.038461538461538464 0.0625
0 0.8894230769230769 0.42908653846153844 0.038461538461538464 0.0673076923076923
0 0.8149038461538461 0.40625 0.038461538461538464 0.057692307692307696
0 0.6814903846153846 0.42427884615384615 0.038461538461538464 0.057692307692307696
0 0.6045673076923077 0.43149038461538464 0.05048076923076923 0.07211538461538461
0 0.5697115384615384 0.390625 0.03365384615384615 0.0625
0 0.59375 0.3641826923076923 0.038461538461538464 0.052884615384615384
0 0.6286057692307693 0.3894230769230769 0.038461538461538464 0.057692307692307696
0 0.6322115384615384 0.35336538461538464 0.04326923076923077 0.057692307692307696
0 0.6802884615384616 0.36899038461538464 0.04326923076923077 0.052884615384615384
0 0.5516826923076923 0.3485576923076923 0.02403846153846154 0.052884615384615384
0 0.46033653846153844 0.35096153846153844 0.026442307692307692 0.038461538461538464
0 0.40024038461538464 0.3293269230769231 0.021634615384615384 0.03365384615384615