0 0.30528846153846156 0.17668269230769232 0.014423076923076924 0.04326923076923077
0 0.3629807692307692 0.19471153846153846 0.014423076923076924 0.03365384615384615
0 0.390625 0.18389423076923078 0.019230769230769232 0.03365384615384615
0 0.4098557692307692 0.18990384615384615 0.014423076923076924 0.03365384615384615
0 0.4014423076923077 0.21754807692307693 0.014423076923076924 0.03125
0 0.39302884615384615 0.28846153846153844 0.02403846153846154 0.04807692307692308
0 0.3545673076923077 0.30528846153846156 0.02403846153846154 0.04326923076923077
0 0.44711538461538464 0.1814903846153846 0.019230769230769232 0.038461538461538464
0 0.4567307692307692 0.203125 0.019230769230769232 0.036057692307692304
0 0.47475961538461536 0.1875 0.016826923076923076 0.038461538461538464
0 0.4891826923076923 0.19951923076923078 0.019230769230769232 0.04326923076923077
0 0.4567307692307692 0.23076923076923078 0.019230769230769232 0.038461538461538464
0 0.4855769230769231 0.23317307692307693 0.019230769230769232 0.038461538461538464
0 0.5745192307692307 0.13942307692307693 0.014423076923076924 0.028846153846153848
0 0.4891826923076923 0.30288461538461536 0.028846153846153848 0.04807692307692308
0 0.6117788461538461 0.24278846153846154 0.02403846153846154 0.04807692307692308
0 0.7103365384615384 0.18990384615384615 0.021634615384615384 0.04326923076923077
0 0.7596153846153846 0.20793269230769232 0.019230769230769232 0.04807692307692308
0 0.9651442307692307 0.10817307692307693 0.014423076923076924 0.03365384615384615