0 0.16466346153846154 0.1875 0.17067307692307693 0.2692307692307692
0 0.35216346153846156 0.12379807692307693 0.04567307692307692 0.07932692307692307
0 0.3894230769230769 0.11899038461538461 0.038461538461538464 0.06490384615384616
0 0.44471153846153844 0.11177884615384616 0.038461538461538464 0.06490384615384616
0 0.53125 0.07572115384615384 0.03365384615384615 0.057692307692307696
0 0.5745192307692307 0.07211538461538461 0.03365384615384615 0.04807692307692308
0 0.59375 0.04447115384615385 0.03365384615384615 0.04326923076923077
0 0.6298076923076923 0.07451923076923077 0.028846153846153848 0.04807692307692308
0 0.6574519230769231 0.12139423076923077 0.03365384615384615 0.06971153846153846
0 0.5997596153846154 0.18870192307692307 0.06490384615384616 0.08173076923076923
0 0.7475961538461539 0.20793269230769232 0.057692307692307696 0.09615384615384616
0 0.7548076923076923 0.140625 0.052884615384615384 0.0673076923076923
0 0.7512019230769231 0.09134615384615384 0.03365384615384615 0.0673076923076923
0 0.7067307692307693 0.05889423076923077 0.028846153846153848 0.052884615384615384
0 0.6634615384615384 0.06370192307692307 0.028846153846153848 0.03365384615384615
0 0.7980769230769231 0.04807692307692308 0.028846153846153848 0.0673076923076923
0 0.84375 0.040865384615384616 0.03365384615384615 0.052884615384615384
0 0.8737980769230769 0.07572115384615384 0.03365384615384615 0.057692307692307696
0 0.859375 0.140625 0.04326923076923077 0.0889423076923077
0 0.9098557692307693 0.15625 0.038461538461538464 0.0625
0 0.9122596153846154 0.2932692307692308 0.06490384615384616 0.11057692307692307
0 0.9579326923076923 0.21754807692307693 0.055288461538461536 0.10336538461538461
0 0.9459134615384616 0.10697115384615384 0.040865384615384616 0.06009615384615385
0 0.9290865384615384 0.06009615384615385 0.03365384615384615 0.052884615384615384
0 0.9831730769230769 0.06009615384615385 0.028846153846153848 0.0673076923076923