0 0.16706730769230768 0.5516826923076923 0.12259615384615384 0.16826923076923078
0 0.11778846153846154 0.40625 0.07211538461538461 0.11538461538461539
0 0.07451923076923077 0.39302884615384615 0.0625 0.09615384615384616
0 0.042067307692307696 0.3641826923076923 0.04567307692307692 0.07451923076923077
0 0.09375 0.34375 0.04326923076923077 0.052884615384615384
0 0.3545673076923077 0.3233173076923077 0.04807692307692308 0.08173076923076923
0 0.4098557692307692 0.375 0.06009615384615385 0.08653846153846154
0 0.39783653846153844 0.3245192307692308 0.04567307692307692 0.07211538461538461
0 0.45552884615384615 0.34375 0.04567307692307692 0.07211538461538461
0 0.5084134615384616 0.3233173076923077 0.040865384615384616 0.052884615384615384
0 0.5336538461538461 0.41586538461538464 0.07211538461538461 0.1201923076923077
0 0.5721153846153846 0.35216346153846156 0.04807692307692308 0.08653846153846154
0 0.5973557692307693 0.3137019230769231 0.040865384615384616 0.055288461538461536
0 0.6177884615384616 0.3449519230769231 0.04326923076923077 0.08173076923076923
0 0.6586538461538461 0.3858173076923077 0.0625 0.09134615384615384
0 0.6802884615384616 0.3317307692307692 0.04326923076923077 0.07692307692307693
0 0.7319711538461539 0.44591346153846156 0.07932692307692307 0.12740384615384615
0 0.7307692307692307 0.3545673076923077 0.04807692307692308 0.07451923076923077
0 0.7560096153846154 0.3016826923076923 0.04326923076923077 0.057692307692307696
0 0.8221153846153846 0.38822115384615385 0.0625 0.09615384615384616
0 0.8209134615384616 0.3245192307692308 0.04326923076923077 0.07211538461538461
0 0.8665865384615384 0.3269230769230769 0.040865384615384616 0.0625
0 0.9555288461538461 0.40024038461538464 0.08173076923076923 0.12740384615384615
0 0.9471153846153846 0.31850961538461536 0.04326923076923077 0.0625