0 0.06370192307692307 0.31009615384615385 0.021634615384615384 0.04326923076923077
0 0.08653846153846154 0.2932692307692308 0.019230769230769232 0.03365384615384615
0 0.19951923076923078 0.2247596153846154 0.019230769230769232 0.036057692307692304
0 0.24278846153846154 0.2860576923076923 0.02403846153846154 0.052884615384615384
0 0.22596153846153846 0.42427884615384615 0.04807692307692308 0.11057692307692307
0 0.35216346153846156 0.2704326923076923 0.038461538461538464 0.057692307692307696
0 0.30408653846153844 0.15865384615384615 0.019230769230769232 0.038461538461538464
0 0.34375 0.14543269230769232 0.014423076923076924 0.03365384615384615
0 0.36899038461538464 0.14543269230769232 0.016826923076923076 0.03125
0 0.41225961538461536 0.09975961538461539 0.016826923076923076 0.040865384615384616
0 0.4567307692307692 0.10096153846153846 0.019230769230769232 0.038461538461538464
0 0.5144230769230769 0.20673076923076922 0.019230769230769232 0.04326923076923077
0 0.5420673076923077 0.19471153846153846 0.019230769230769232 0.038461538461538464
0 0.5336538461538461 0.17427884615384615 0.019230769230769232 0.036057692307692304
0 0.5697115384615384 0.10576923076923077 0.019230769230769232 0.038461538461538464
0 0.5973557692307693 0.08533653846153846 0.014423076923076924 0.026442307692307692