0 0.015625 0.4182692307692308 0.03125 0.057692307692307696
0 0.04927884615384615 0.5036057692307693 0.0625 0.1201923076923077
0 0.08413461538461539 0.44350961538461536 0.04326923076923077 0.08413461538461539
0 0.11658653846153846 0.4110576923076923 0.026442307692307692 0.04807692307692308
0 0.19831730769230768 0.4074519230769231 0.019230769230769232 0.040865384615384616
0 0.23317307692307693 0.4699519230769231 0.04326923076923077 0.07211538461538461
0 0.21875 0.4387019230769231 0.03365384615384615 0.057692307692307696
0 0.2824519230769231 0.4254807692307692 0.021634615384615384 0.038461538461538464
0 0.3088942307692308 0.3954326923076923 0.021634615384615384 0.03365384615384615
0 0.2824519230769231 0.3581730769230769 0.021634615384615384 0.03365384615384615
0 0.20673076923076922 0.5673076923076923 0.08173076923076923 0.15384615384615385
0 0.35216346153846156 0.4723557692307692 0.06009615384615385 0.0985576923076923
0 0.3713942307692308 0.4387019230769231 0.028846153846153848 0.057692307692307696
0 0.46033653846153844 0.4795673076923077 0.04807692307692308 0.07932692307692307
0 0.46875 0.4326923076923077 0.03365384615384615 0.057692307692307696
0 0.44471153846153844 0.4338942307692308 0.02403846153846154 0.04567307692307692
0 0.5396634615384616 0.5264423076923077 0.06009615384615385 0.10096153846153846
0 0.5252403846153846 0.43149038461538464 0.026442307692307692 0.05048076923076923
0 0.5673076923076923 0.43990384615384615 0.038461538461538464 0.0625
0 0.609375 0.47115384615384615 0.036057692307692304 0.0625
0 0.5853365384615384 0.4423076923076923 0.02403846153846154 0.04326923076923077
0 0.6442307692307693 0.43990384615384615 0.028846153846153848 0.052884615384615384
0 0.6598557692307693 0.5300480769230769 0.055288461538461536 0.08413461538461539
0 0.6983173076923077 0.4735576923076923 0.03125 0.052884615384615384
0 0.7319711538461539 0.44591346153846156 0.03125 0.05048076923076923
0 0.6995192307692307 0.45072115384615385 0.03365384615384615 0.04807692307692308
0 0.8269230769230769 0.5012019230769231 0.04807692307692308 0.09375
0 0.9158653846153846 0.4891826923076923 0.03365384615384615 0.07932692307692307
0 0.8894230769230769 0.46153846153846156 0.028846153846153848 0.057692307692307696
0 0.9867788461538461 0.46153846153846156 0.021634615384615384 0.07211538461538461