0 0.04567307692307692 0.4230769230769231 0.07692307692307693 0.09615384615384616
0 0.052884615384615384 0.36658653846153844 0.04326923076923077 0.06971153846153846
0 0.020432692307692308 0.34615384615384615 0.040865384615384616 0.07211538461538461
0 0.1502403846153846 0.3629807692307692 0.0625 0.08653846153846154
0 0.14783653846153846 0.3173076923076923 0.040865384615384616 0.057692307692307696
0 0.2512019230769231 0.3545673076923077 0.06009615384615385 0.0889423076923077
0 0.28966346153846156 0.38461538461538464 0.07692307692307693 0.11057692307692307
0 0.2764423076923077 0.46153846153846156 0.1201923076923077 0.15384615384615385
0 0.32211538461538464 0.5985576923076923 0.15384615384615385 0.19230769230769232
0 0.3641826923076923 0.2932692307692308 0.04807692307692308 0.0625
0 0.4483173076923077 0.30649038461538464 0.057692307692307696 0.07211538461538461
0 0.4963942307692308 0.31971153846153844 0.0673076923076923 0.08653846153846154
0 0.5649038461538461 0.31009615384615385 0.052884615384615384 0.08173076923076923
0 0.6189903846153846 0.38341346153846156 0.08413461538461539 0.10817307692307693
0 0.6694711538461539 0.2980769230769231 0.06490384615384616 0.09615384615384616
0 0.7776442307692307 0.4110576923076923 0.10576923076923077 0.13942307692307693
0 0.7800480769230769 0.3004807692307692 0.04807692307692308 0.07211538461538461
0 0.7475961538461539 0.2920673076923077 0.04326923076923077 0.07211538461538461
0 0.8798076923076923 0.31009615384615385 0.0625 0.08173076923076923
0 0.9375 0.2848557692307692 0.04807692307692308 0.07211538461538461
0 0.9603365384615384 0.4026442307692308 0.07451923076923077 0.1658653846153846