0 0.1658653846153846 0.2776442307692308 0.02403846153846154 0.04326923076923077
0 0.2704326923076923 0.25961538461538464 0.019230769230769232 0.038461538461538464
0 0.2824519230769231 0.25240384615384615 0.019230769230769232 0.03365384615384615
0 0.31009615384615385 0.21995192307692307 0.019230769230769232 0.036057692307692304
0 0.33653846153846156 0.21394230769230768 0.019230769230769232 0.03365384615384615
0 0.3233173076923077 0.25600961538461536 0.026442307692307692 0.038461538461538464
0 0.3161057692307692 0.2932692307692308 0.021634615384615384 0.038461538461538464
0 0.3112980769230769 0.25961538461538464 0.019230769230769232 0.038461538461538464
0 0.36177884615384615 0.27283653846153844 0.02403846153846154 0.04567307692307692
0 0.3798076923076923 0.3016826923076923 0.02403846153846154 0.04567307692307692
0 0.3942307692307692 0.20072115384615385 0.019230769230769232 0.040865384615384616
0 0.4110576923076923 0.18028846153846154 0.014423076923076924 0.038461538461538464
0 0.41466346153846156 0.22235576923076922 0.02403846153846154 0.040865384615384616
0 0.43990384615384615 0.21033653846153846 0.02403846153846154 0.04567307692307692
0 0.47836538461538464 0.22235576923076922 0.02403846153846154 0.04326923076923077
0 0.4651442307692308 0.1622596153846154 0.014423076923076924 0.036057692307692304
0 0.4579326923076923 0.1502403846153846 0.016826923076923076 0.028846153846153848
0 0.47475961538461536 0.13822115384615385 0.014423076923076924 0.03125
0 0.5336538461538461 0.19230769230769232 0.019230769230769232 0.04326923076923077
0 0.5264423076923077 0.14903846153846154 0.02403846153846154 0.038461538461538464
0 0.5612980769230769 0.14302884615384615 0.016826923076923076 0.03365384615384615
0 0.5841346153846154 0.1622596153846154 0.019230769230769232 0.036057692307692304
0 0.6141826923076923 0.14903846153846154 0.016826923076923076 0.03365384615384615
0 0.6165865384615384 0.13581730769230768 0.016826923076923076 0.028846153846153848
0 0.5829326923076923 0.1045673076923077 0.016826923076923076 0.026442307692307692
0 0.49278846153846156 0.29927884615384615 0.02403846153846154 0.04567307692307692
0 0.5396634615384616 0.30408653846153844 0.028846153846153848 0.052884615384615384
0 0.578125 0.23798076923076922 0.028846153846153848 0.04326923076923077
0 0.6045673076923077 0.21875 0.02403846153846154 0.04326923076923077
0 0.6165865384615384 0.22596153846153846 0.02403846153846154 0.052884615384615384
0 0.6454326923076923 0.265625 0.02403846153846154 0.052884615384615384
0 0.6550480769230769 0.20552884615384615 0.019230769230769232 0.038461538461538464
0 0.6382211538461539 0.17668269230769232 0.019230769230769232 0.040865384615384616
0 0.6286057692307693 0.375 0.03125 0.07211538461538461
0 0.7439903846153846 0.27884615384615385 0.03125 0.0625
0 0.7620192307692307 0.33533653846153844 0.03365384615384615 0.06971153846153846
0 0.7932692307692307 0.2776442307692308 0.028846153846153848 0.06490384615384616
0 0.8028846153846154 0.2536057692307692 0.02403846153846154 0.05048076923076923
0 0.8449519230769231 0.2956730769230769 0.028846153846153848 0.0673076923076923
0 0.8557692307692307 0.2536057692307692 0.028846153846153848 0.052884615384615384
0 0.9026442307692307 0.28966346153846156 0.02403846153846154 0.06009615384615385
0 0.7019230769230769 0.22355769230769232 0.019230769230769232 0.04326923076923077
0 0.6778846153846154 0.1658653846153846 0.019230769230769232 0.03365384615384615
0 0.7163461538461539 0.15745192307692307 0.019230769230769232 0.036057692307692304
0 0.7319711538461539 0.1875 0.021634615384615384 0.038461538461538464
0 0.7403846153846154 0.2283653846153846 0.019230769230769232 0.038461538461538464
0 0.7680288461538461 0.20192307692307693 0.016826923076923076 0.038461538461538464
0 0.8173076923076923 0.21875 0.019230769230769232 0.04326923076923077
0 0.8377403846153846 0.1814903846153846 0.016826923076923076 0.040865384615384616
0 0.8762019230769231 0.20072115384615385 0.019230769230769232 0.040865384615384616
0 0.8569711538461539 0.1466346153846154 0.014423076923076924 0.03365384615384615
0 0.8137019230769231 0.15865384615384615 0.014423076923076924 0.03365384615384615
0 0.7992788461538461 0.17307692307692307 0.016826923076923076 0.038461538461538464
0 0.7908653846153846 0.14182692307692307 0.014423076923076924 0.03365384615384615
0 0.7740384615384616 0.15144230769230768 0.019230769230769232 0.03365384615384615
0 0.7632211538461539 0.17067307692307693 0.016826923076923076 0.03365384615384615
0 0.7524038461538461 0.1346153846153846 0.014423076923076924 0.03365384615384615