0 0.03485576923076923 0.40865384615384615 0.021634615384615384 0.04326923076923077
0 0.23798076923076922 0.3485576923076923 0.014423076923076924 0.028846153846153848
0 0.26322115384615385 0.38100961538461536 0.016826923076923076 0.036057692307692304
0 0.3401442307692308 0.36658653846153844 0.019230769230769232 0.038461538461538464
0 0.2956730769230769 0.31490384615384615 0.014423076923076924 0.03365384615384615
0 0.3641826923076923 0.3004807692307692 0.016826923076923076 0.03365384615384615
0 0.3870192307692308 0.33413461538461536 0.014423076923076924 0.02403846153846154
0 0.41346153846153844 0.3449519230769231 0.019230769230769232 0.038461538461538464
0 0.41346153846153844 0.3088942307692308 0.019230769230769232 0.026442307692307692
0 0.41346153846153844 0.28125 0.014423076923076924 0.02403846153846154
0 0.3954326923076923 0.2668269230769231 0.01201923076923077 0.02403846153846154
0 0.4338942307692308 0.26322115384615385 0.01201923076923077 0.021634615384615384
0 0.4519230769230769 0.27403846153846156 0.014423076923076924 0.02403846153846154
0 0.43990384615384615 0.3137019230769231 0.014423076923076924 0.026442307692307692
0 0.46634615384615385 0.34615384615384615 0.019230769230769232 0.038461538461538464
0 0.47475961538461536 0.31009615384615385 0.014423076923076924 0.03365384615384615
0 0.48197115384615385 0.2776442307692308 0.01201923076923077 0.028846153846153848
0 0.46875 0.25841346153846156 0.014423076923076924 0.021634615384615384
0 0.4795673076923077 0.24278846153846154 0.016826923076923076 0.02403846153846154
0 0.5192307692307693 0.2764423076923077 0.009615384615384616 0.028846153846153848
0 0.5264423076923077 0.25841346153846156 0.009615384615384616 0.021634615384615384
0 0.53125 0.24278846153846154 0.014423076923076924 0.02403846153846154
0 0.5456730769230769 0.2776442307692308 0.014423076923076924 0.03365384615384615
0 0.5661057692307693 0.29927884615384615 0.014423076923076924 0.03125
0 0.5120192307692307 0.3293269230769231 0.019230769230769232 0.038461538461538464
0 0.5901442307692307 0.26802884615384615 0.014423076923076924 0.03125
0 0.5661057692307693 0.23918269230769232 0.01201923076923077 0.028846153846153848
0 0.5841346153846154 0.23197115384615385 0.014423076923076924 0.02403846153846154
0 0.6117788461538461 0.22956730769230768 0.014423076923076924 0.028846153846153848
0 0.6189903846153846 0.21394230769230768 0.016826923076923076 0.02403846153846154
0 0.46634615384615385 0.4266826923076923 0.028846153846153848 0.04567307692307692
0 0.5444711538461539 0.3629807692307692 0.026442307692307692 0.04326923076923077
0 0.5540865384615384 0.4182692307692308 0.026442307692307692 0.057692307692307696
0 0.6201923076923077 0.4338942307692308 0.028846153846153848 0.05048076923076923
0 0.6213942307692307 0.375 0.02403846153846154 0.04326923076923077
0 0.6069711538461539 0.34134615384615385 0.019230769230769232 0.038461538461538464
0 0.6394230769230769 0.3076923076923077 0.019230769230769232 0.038461538461538464
0 0.6478365384615384 0.2548076923076923 0.01201923076923077 0.028846153846153848
0 0.609375 0.26322115384615385 0.01201923076923077 0.02403846153846154
0 0.6358173076923077 0.22596153846153846 0.009615384615384616 0.028846153846153848
0 0.6478365384615384 0.23317307692307693 0.01201923076923077 0.014423076923076924
0 0.6646634615384616 0.22115384615384615 0.01201923076923077 0.019230769230769232
0 0.6850961538461539 0.23798076923076922 0.014423076923076924 0.02403846153846154
0 0.7067307692307693 0.23317307692307693 0.009615384615384616 0.03365384615384615
0 0.6838942307692307 0.27884615384615385 0.014423076923076924 0.038461538461538464
0 0.6658653846153846 0.3762019230769231 0.02403846153846154 0.05048076923076923
0 0.6983173076923077 0.36538461538461536 0.019230769230769232 0.038461538461538464
0 0.6911057692307693 0.4543269230769231 0.03365384615384615 0.052884615384615384
0 0.7115384615384616 0.4987980769230769 0.03365384615384615 0.07211538461538461
0 0.7403846153846154 0.41346153846153844 0.028846153846153848 0.04807692307692308
0 0.7355769230769231 0.29927884615384615 0.019230769230769232 0.03125
0 0.7151442307692307 0.2668269230769231 0.014423076923076924 0.028846153846153848
0 0.7487980769230769 0.25240384615384615 0.01201923076923077 0.028846153846153848
0 0.7620192307692307 0.234375 0.014423076923076924 0.026442307692307692
0 0.7596153846153846 0.2776442307692308 0.014423076923076924 0.028846153846153848
0 0.7716346153846154 0.2620192307692308 0.014423076923076924 0.028846153846153848
0 0.7824519230769231 0.29927884615384615 0.016826923076923076 0.04326923076923077
0 0.7884615384615384 0.24879807692307693 0.009615384615384616 0.026442307692307692
0 0.7992788461538461 0.2620192307692308 0.014423076923076924 0.028846153846153848
0 0.8269230769230769 0.27524038461538464 0.019230769230769232 0.02403846153846154
0 0.8509615384615384 0.265625 0.009615384615384616 0.026442307692307692
0 0.8293269230769231 0.30528846153846156 0.014423076923076924 0.03365384615384615
0 0.8293269230769231 0.5192307692307693 0.028846153846153848 0.057692307692307696
0 0.7884615384615384 0.4387019230769231 0.019230769230769232 0.052884615384615384
0 0.8545673076923077 0.453125 0.028846153846153848 0.052884615384615384
0 0.9266826923076923 0.4795673076923077 0.03365384615384615 0.06009615384615385
0 0.8209134615384616 0.37740384615384615 0.021634615384615384 0.04326923076923077
0 0.8269230769230769 0.3425480769230769 0.009615384615384616 0.026442307692307692
0 0.8533653846153846 0.32211538461538464 0.014423076923076924 0.038461538461538464
0 0.8725961538461539 0.3858173076923077 0.019230769230769232 0.05048076923076923
0 0.890625 0.3605769230769231 0.014423076923076924 0.038461538461538464
0 0.8942307692307693 0.3269230769230769 0.014423076923076924 0.028846153846153848
0 0.9266826923076923 0.33774038461538464 0.016826923076923076 0.040865384615384616
0 0.9471153846153846 0.35697115384615385 0.019230769230769232 0.038461538461538464
0 0.9086538461538461 0.296875 0.014423076923076924 0.03125
0 0.8641826923076923 0.28846153846153844 0.014423076923076924 0.02403846153846154
0 0.8725961538461539 0.27524038461538464 0.014423076923076924 0.028846153846153848
0 0.8846153846153846 0.2608173076923077 0.014423076923076924 0.03125
0 0.9459134615384616 0.2860576923076923 0.01201923076923077 0.028846153846153848
0 0.9350961538461539 0.296875 0.014423076923076924 0.02403846153846154
0 0.29447115384615385 0.3858173076923077 0.021634615384615384 0.038461538461538464
0 0.3629807692307692 0.3449519230769231 0.019230769230769232 0.03365384615384615