0 0.15384615384615385 0.6995192307692307 0.13942307692307693 0.1875
0 0.32091346153846156 0.5180288461538461 0.10096153846153846 0.09615384615384616
0 0.1346153846153846 0.4879807692307692 0.08173076923076923 0.10096153846153846
0 0.030048076923076924 0.30408653846153844 0.06009615384615385 0.06971153846153846
0 0.18028846153846154 0.3942307692307692 0.10096153846153846 0.10096153846153846
0 0.23677884615384615 0.30288461538461536 0.07451923076923077 0.07692307692307693
0 0.15985576923076922 0.2620192307692308 0.06490384615384616 0.09134615384615384
0 0.2127403846153846 0.2247596153846154 0.052884615384615384 0.07932692307692307
0 0.29086538461538464 0.22115384615384615 0.057692307692307696 0.0673076923076923
0 0.3701923076923077 0.359375 0.07692307692307693 0.09134615384615384
0 0.46274038461538464 0.2283653846153846 0.07932692307692307 0.07211538461538461
0 0.4338942307692308 0.3088942307692308 0.0673076923076923 0.09375
0 0.6262019230769231 0.7163461538461539 0.15144230769230768 0.1778846153846154
0 0.6286057692307693 0.5432692307692307 0.13221153846153846 0.17307692307692307
0 0.5901442307692307 0.38461538461538464 0.08173076923076923 0.08653846153846154
0 0.5336538461538461 0.31009615384615385 0.0673076923076923 0.08173076923076923
0 0.5757211538461539 0.24278846153846154 0.05048076923076923 0.0625
0 0.6117788461538461 0.22596153846153846 0.052884615384615384 0.07692307692307693
0 0.7283653846153846 0.18629807692307693 0.04807692307692308 0.07211538461538461
0 0.7860576923076923 0.25841346153846156 0.09615384615384616 0.11538461538461539
0 0.8966346153846154 0.38461538461538464 0.09615384615384616 0.11538461538461539
0 0.9338942307692307 0.4987980769230769 0.11057692307692307 0.16346153846153846