0 0.1045673076923077 0.6105769230769231 0.05048076923076923 0.07211538461538461
0 0.1466346153846154 0.5576923076923077 0.04807692307692308 0.07692307692307693
0 0.10576923076923077 0.46274038461538464 0.04807692307692308 0.07451923076923077
0 0.09375 0.4206730769230769 0.04326923076923077 0.052884615384615384
0 0.13822115384615385 0.3762019230769231 0.040865384615384616 0.0625
0 0.1622596153846154 0.43990384615384615 0.04326923076923077 0.0625
0 0.20432692307692307 0.3870192307692308 0.03365384615384615 0.052884615384615384
0 0.21033653846153846 0.3605769230769231 0.028846153846153848 0.04807692307692308
0 0.23677884615384615 0.5408653846153846 0.036057692307692304 0.0625
0 0.24879807692307693 0.5084134615384616 0.03365384615384615 0.06009615384615385
0 0.2932692307692308 0.5216346153846154 0.038461538461538464 0.0625
0 0.3629807692307692 0.5180288461538461 0.03365384615384615 0.057692307692307696
0 0.26322115384615385 0.36778846153846156 0.03125 0.052884615384615384
0 0.28966346153846156 0.3473557692307692 0.02403846153846154 0.05048076923076923
0 0.31009615384615385 0.3942307692307692 0.02403846153846154 0.057692307692307696
0 0.32572115384615385 0.3485576923076923 0.03365384615384615 0.057692307692307696
0 0.359375 0.3473557692307692 0.03125 0.055288461538461536
0 0.4026442307692308 0.35697115384615385 0.03125 0.052884615384615384
0 0.4230769230769231 0.34615384615384615 0.02403846153846154 0.04807692307692308
0 0.44711538461538464 0.36778846153846156 0.03365384615384615 0.0625
0 0.4795673076923077 0.3401442307692308 0.028846153846153848 0.057692307692307696
0 0.5168269230769231 0.3485576923076923 0.03365384615384615 0.0625
0 0.43509615384615385 0.5180288461538461 0.03365384615384615 0.057692307692307696
0 0.49278846153846156 0.5036057692307693 0.028846153846153848 0.057692307692307696
0 0.5396634615384616 0.5036057692307693 0.028846153846153848 0.057692307692307696
0 0.5697115384615384 0.3858173076923077 0.03365384615384615 0.06009615384615385
0 0.5697115384615384 0.3329326923076923 0.028846153846153848 0.04326923076923077
0 0.6105769230769231 0.5288461538461539 0.028846153846153848 0.052884615384615384
0 0.6358173076923077 0.4170673076923077 0.028846153846153848 0.052884615384615384
0 0.6298076923076923 0.3293269230769231 0.028846153846153848 0.052884615384615384
0 0.6694711538461539 0.3485576923076923 0.03125 0.052884615384615384
0 0.6838942307692307 0.40625 0.036057692307692304 0.057692307692307696
0 0.7259615384615384 0.4074519230769231 0.038461538461538464 0.0673076923076923
0 0.7223557692307693 0.34615384615384615 0.028846153846153848 0.057692307692307696
0 0.6959134615384616 0.5432692307692307 0.04326923076923077 0.0673076923076923
0 0.7620192307692307 0.5420673076923077 0.038461538461538464 0.07451923076923077
0 0.8040865384615384 0.3870192307692308 0.038461538461538464 0.0625
0 0.7728365384615384 0.36899038461538464 0.026442307692307692 0.055288461538461536
0 0.8581730769230769 0.5805288461538461 0.052884615384615384 0.07451923076923077
0 0.8533653846153846 0.36177884615384615 0.04326923076923077 0.06971153846153846
0 0.8954326923076923 0.3786057692307692 0.04567307692307692 0.07451923076923077