0 0.08173076923076923 0.4411057692307692 0.1201923076923077 0.18990384615384615
0 0.020432692307692308 0.46274038461538464 0.040865384615384616 0.09615384615384616
0 0.24759615384615385 0.4230769230769231 0.052884615384615384 0.09134615384615384
0 0.27884615384615385 0.42788461538461536 0.028846153846153848 0.04807692307692308
0 0.3245192307692308 0.3894230769230769 0.04326923076923077 0.07692307692307693
0 0.36177884615384615 0.38461538461538464 0.06009615384615385 0.11538461538461539
0 0.44350961538461536 0.46875 0.11057692307692307 0.1778846153846154
0 0.48197115384615385 0.3870192307692308 0.07451923076923077 0.1201923076923077
0 0.5324519230769231 0.328125 0.04807692307692308 0.09375
0 0.6262019230769231 0.36538461538461536 0.07451923076923077 0.14423076923076922
0 0.7127403846153846 0.4963942307692308 0.13701923076923078 0.23076923076923078
0 0.7283653846153846 0.34615384615384615 0.11057692307692307 0.16346153846153846
0 0.6911057692307693 0.25721153846153844 0.06490384615384616 0.1346153846153846
0 0.8353365384615384 0.24759615384615385 0.09615384615384616 0.15865384615384615