0 0.24278846153846154 0.6887019230769231 0.21634615384615385 0.3245192307692308
0 0.20793269230769232 0.4519230769230769 0.21634615384615385 0.2644230769230769
0 0.10817307692307693 0.3641826923076923 0.1778846153846154 0.23798076923076922
0 0.25 0.21754807692307693 0.1201923076923077 0.23557692307692307
0 0.33533653846153844 0.16947115384615385 0.0985576923076923 0.2091346153846154
0 0.47115384615384615 0.15264423076923078 0.11538461538461539 0.23076923076923078
0 0.46033653846153844 0.46153846153846156 0.17307692307692307 0.2692307692307692
0 0.6009615384615384 0.29927884615384615 0.09615384615384616 0.19471153846153846
0 0.7427884615384616 0.19591346153846154 0.10096153846153846 0.23076923076923078
0 0.7367788461538461 0.5108173076923077 0.15384615384615385 0.2620192307692308
0 0.8305288461538461 0.17908653846153846 0.06490384615384616 0.11298076923076923