0 0.15625 0.4723557692307692 0.07211538461538461 0.12259615384615384
0 0.1310096153846154 0.3701923076923077 0.03365384615384615 0.07692307692307693
0 0.027644230769230768 0.3954326923076923 0.05048076923076923 0.08173076923076923
0 0.19951923076923078 0.36177884615384615 0.04807692307692308 0.09615384615384616
0 0.36538461538461536 0.6394230769230769 0.10576923076923077 0.18269230769230768
0 0.3641826923076923 0.44711538461538464 0.052884615384615384 0.11538461538461539
0 0.38221153846153844 0.3485576923076923 0.03365384615384615 0.07211538461538461
0 0.4951923076923077 0.36538461538461536 0.04326923076923077 0.08173076923076923
0 0.5540865384615384 0.4807692307692308 0.07211538461538461 0.16346153846153846
0 0.6045673076923077 0.3629807692307692 0.03125 0.07211538461538461
0 0.6334134615384616 0.375 0.04807692307692308 0.09615384615384616
0 0.7415865384615384 0.3701923076923077 0.04326923076923077 0.09615384615384616
0 0.9555288461538461 0.4735576923076923 0.07692307692307693 0.12980769230769232