0 0.7007211538461539 0.5901442307692307 0.07692307692307693 0.15384615384615385
0 0.7199519230769231 0.4170673076923077 0.057692307692307696 0.10817307692307693
0 0.6322115384615384 0.24639423076923078 0.02403846153846154 0.04807692307692308
0 0.7920673076923077 0.22716346153846154 0.014423076923076924 0.03365384615384615
0 0.8317307692307693 0.25841346153846156 0.019230769230769232 0.04807692307692308
0 0.9507211538461539 0.20552884615384615 0.01201923076923077 0.03125
0 0.9266826923076923 0.27283653846153844 0.016826923076923076 0.04326923076923077
0 0.5793269230769231 0.21634615384615385 0.019230769230769232 0.04326923076923077
0 0.5564903846153846 0.19831730769230768 0.019230769230769232 0.036057692307692304
0 0.5192307692307693 0.1935096153846154 0.019230769230769232 0.03365384615384615
0 0.5793269230769231 0.12980769230769232 0.014423076923076924 0.028846153846153848
0 0.47836538461538464 0.13221153846153846 0.014423076923076924 0.03365384615384615
0 0.46875 0.15865384615384615 0.014423076923076924 0.019230769230769232
0 0.44350961538461536 0.22716346153846154 0.019230769230769232 0.03365384615384615
0 0.41346153846153844 0.22235576923076922 0.019230769230769232 0.03125
0 0.4014423076923077 0.18990384615384615 0.019230769230769232 0.03365384615384615
0 0.3786057692307692 0.16826923076923078 0.016826923076923076 0.028846153846153848
0 0.32572115384615385 0.19831730769230768 0.014423076923076924 0.03125