0 0.04447115384615385 0.5036057692307693 0.05048076923076923 0.06490384615384616
0 0.11778846153846154 0.5060096153846154 0.04326923076923077 0.0625
0 0.17908653846153846 0.5540865384615384 0.07692307692307693 0.10576923076923077
0 0.2860576923076923 0.5348557692307693 0.0625 0.10096153846153846
0 0.3798076923076923 0.5600961538461539 0.057692307692307696 0.08173076923076923
0 0.36177884615384615 0.5324519230769231 0.040865384615384616 0.057692307692307696
0 0.4699519230769231 0.5180288461538461 0.04567307692307692 0.06971153846153846
0 0.5360576923076923 0.4423076923076923 0.04326923076923077 0.07692307692307693
0 0.5252403846153846 0.5673076923076923 0.06009615384615385 0.09134615384615384
0 0.4362980769230769 0.7848557692307693 0.15865384615384615 0.2283653846153846
0 0.6382211538461539 0.5925480769230769 0.07932692307692307 0.11298076923076923
0 0.5973557692307693 0.5096153846153846 0.06009615384615385 0.08653846153846154
0 0.6947115384615384 0.5492788461538461 0.0673076923076923 0.10576923076923077
0 0.9098557692307693 0.8473557692307693 0.17548076923076922 0.27884615384615385
0 0.8533653846153846 0.5697115384615384 0.08173076923076923 0.11057692307692307