0 0.18269230769230768 0.39663461538461536 0.04326923076923077 0.08173076923076923
0 0.15625 0.38221153846153844 0.03365384615384615 0.0673076923076923
0 0.13221153846153846 0.3713942307692308 0.03365384615384615 0.06971153846153846
0 0.125 0.3329326923076923 0.028846153846153848 0.057692307692307696
0 0.18269230769230768 0.31490384615384615 0.028846153846153848 0.04807692307692308
0 0.21754807692307693 0.30288461538461536 0.028846153846153848 0.04807692307692308
0 0.2620192307692308 0.28966346153846156 0.028846153846153848 0.0625
0 0.2980769230769231 0.3125 0.03365384615384615 0.0673076923076923
0 0.30288461538461536 0.25961538461538464 0.028846153846153848 0.052884615384615384
0 0.3473557692307692 0.36899038461538464 0.038461538461538464 0.0673076923076923
0 0.38221153846153844 0.31850961538461536 0.03365384615384615 0.057692307692307696
0 0.42427884615384615 0.2920673076923077 0.028846153846153848 0.06009615384615385