0 0.40024038461538464 0.2800480769230769 0.16346153846153846 0.31490384615384615
0 0.5817307692307693 0.17067307692307693 0.038461538461538464 0.08173076923076923
0 0.11778846153846154 0.1466346153846154 0.04326923076923077 0.07211538461538461
0 0.07692307692307693 0.09975961538461539 0.038461538461538464 0.06009615384615385
0 0.04807692307692308 0.09375 0.028846153846153848 0.052884615384615384
0 0.16826923076923078 0.08533653846153846 0.019230769230769232 0.038461538461538464
0 0.19230769230769232 0.11177884615384616 0.028846153846153848 0.052884615384615384
0 0.2091346153846154 0.07932692307692307 0.02403846153846154 0.04326923076923077
0 0.23677884615384615 0.11538461538461539 0.038461538461538464 0.08173076923076923
0 0.26322115384615385 0.09134615384615384 0.02403846153846154 0.038461538461538464
0 0.2536057692307692 0.06850961538461539 0.019230769230769232 0.028846153846153848
0 0.22596153846153846 0.06009615384615385 0.019230769230769232 0.028846153846153848
0 0.29447115384615385 0.0889423076923077 0.02403846153846154 0.04807692307692308
0 0.2800480769230769 0.0625 0.01201923076923077 0.028846153846153848
0 0.3088942307692308 0.07211538461538461 0.019230769230769232 0.03365384615384615
0 0.3293269230769231 0.06490384615384616 0.02403846153846154 0.038461538461538464
0 0.3389423076923077 0.10576923076923077 0.028846153846153848 0.057692307692307696
0 0.31490384615384615 0.1466346153846154 0.03365384615384615 0.0625
0 0.36658653846153844 0.07692307692307693 0.019230769230769232 0.038461538461538464
0 0.3629807692307692 0.04927884615384615 0.014423076923076924 0.02403846153846154
0 0.3798076923076923 0.06850961538461539 0.019230769230769232 0.036057692307692304
0 0.41346153846153844 0.0673076923076923 0.019230769230769232 0.03365384615384615
0 0.4266826923076923 0.09375 0.02403846153846154 0.052884615384615384
0 0.42908653846153844 0.06009615384615385 0.014423076923076924 0.028846153846153848
0 0.46634615384615385 0.09375 0.019230769230769232 0.04326923076923077
0 0.4699519230769231 0.0625 0.016826923076923076 0.028846153846153848
0 0.46153846153846156 0.055288461538461536 0.009615384615384616 0.02403846153846154
0 0.5 0.0733173076923077 0.02403846153846154 0.040865384615384616
0 0.49399038461538464 0.054086538461538464 0.019230769230769232 0.03125
0 0.5480769230769231 0.12620192307692307 0.028846153846153848 0.06490384615384616
0 0.5492788461538461 0.07692307692307693 0.021634615384615384 0.038461538461538464
0 0.5360576923076923 0.06971153846153846 0.014423076923076924 0.038461538461538464
0 0.4110576923076923 0.11778846153846154 0.038461538461538464 0.04807692307692308
0 0.5889423076923077 0.07211538461538461 0.019230769230769232 0.038461538461538464
0 0.5841346153846154 0.051682692307692304 0.014423076923076924 0.028846153846153848
0 0.6081730769230769 0.10817307692307693 0.02403846153846154 0.052884615384615384
0 0.6274038461538461 0.1045673076923077 0.02403846153846154 0.052884615384615384
0 0.6153846153846154 0.06009615384615385 0.014423076923076924 0.03365384615384615
0 0.6322115384615384 0.042067307692307696 0.014423076923076924 0.026442307692307692
0 0.6478365384615384 0.07451923076923077 0.021634615384615384 0.04326923076923077
0 0.6730769230769231 0.1045673076923077 0.03365384615384615 0.057692307692307696
0 0.6694711538461539 0.06971153846153846 0.021634615384615384 0.03365384615384615
0 0.6971153846153846 0.08774038461538461 0.028846153846153848 0.052884615384615384
0 0.7103365384615384 0.08052884615384616 0.016826923076923076 0.04326923076923077
0 0.7067307692307693 0.056490384615384616 0.019230769230769232 0.028846153846153848
0 0.7235576923076923 0.07211538461538461 0.019230769230769232 0.038461538461538464
0 0.7475961538461539 0.05889423076923077 0.019230769230769232 0.03365384615384615
0 0.7596153846153846 0.04447115384615385 0.009615384615384616 0.02403846153846154
0 0.8413461538461539 0.10697115384615384 0.028846153846153848 0.0673076923076923
0 0.8545673076923077 0.19951923076923078 0.06490384615384616 0.09134615384615384
0 0.9254807692307693 0.11899038461538461 0.028846153846153848 0.06009615384615385
0 0.9651442307692307 0.14302884615384615 0.038461538461538464 0.07932692307692307
0 0.9723557692307693 0.18629807692307693 0.05048076923076923 0.09375
0 0.9122596153846154 0.1045673076923077 0.03365384615384615 0.0625
0 0.8990384615384616 0.07211538461538461 0.02403846153846154 0.03365384615384615
0 0.8870192307692307 0.06610576923076923 0.019230769230769232 0.04326923076923077
0 0.8401442307692307 0.0733173076923077 0.028846153846153848 0.03365384615384615
0 0.828125 0.06490384615384616 0.016826923076923076 0.028846153846153848
0 0.8245192307692307 0.055288461538461536 0.014423076923076924 0.028846153846153848