0 0.06610576923076923 0.29447115384615385 0.021634615384615384 0.05048076923076923
0 0.29447115384615385 0.21153846153846154 0.016826923076923076 0.028846153846153848
0 0.3125 0.21875 0.019230769230769232 0.04326923076923077
0 0.3329326923076923 0.21754807692307693 0.019230769230769232 0.038461538461538464
0 0.33052884615384615 0.1935096153846154 0.019230769230769232 0.028846153846153848
0 0.35216346153846156 0.19110576923076922 0.021634615384615384 0.03365384615384615
0 0.35096153846153844 0.21995192307692307 0.019230769230769232 0.040865384615384616
0 0.36538461538461536 0.24158653846153846 0.019230769230769232 0.04326923076923077
0 0.3762019230769231 0.20793269230769232 0.021634615384615384 0.03365384615384615
0 0.40865384615384615 0.23918269230769232 0.019230769230769232 0.04567307692307692
0 0.4050480769230769 0.27283653846153844 0.021634615384615384 0.04807692307692308
0 0.3954326923076923 0.15745192307692307 0.01201923076923077 0.02403846153846154
0 0.4110576923076923 0.18990384615384615 0.014423076923076924 0.03365384615384615
0 0.4362980769230769 0.19110576923076922 0.016826923076923076 0.03125
0 0.41947115384615385 0.15865384615384615 0.016826923076923076 0.028846153846153848
0 0.4375 0.15865384615384615 0.014423076923076924 0.028846153846153848
0 0.46634615384615385 0.20072115384615385 0.019230769230769232 0.04807692307692308
0 0.4423076923076923 0.18629807692307693 0.019230769230769232 0.03125
0 0.47115384615384615 0.13341346153846154 0.014423076923076924 0.021634615384615384
0 0.4807692307692308 0.14543269230769232 0.019230769230769232 0.028846153846153848
0 0.49399038461538464 0.12259615384615384 0.01201923076923077 0.02403846153846154
0 0.5036057692307693 0.13942307692307693 0.016826923076923076 0.028846153846153848
0 0.5048076923076923 0.15144230769230768 0.019230769230769232 0.03365384615384615
0 0.5 0.17908653846153846 0.014423076923076924 0.03125
0 0.5288461538461539 0.17548076923076922 0.019230769230769232 0.03365384615384615
0 0.5144230769230769 0.1310096153846154 0.009615384615384616 0.021634615384615384
0 0.5504807692307693 0.15384615384615385 0.014423076923076924 0.028846153846153848
0 0.546875 0.14423076923076922 0.01201923076923077 0.028846153846153848
0 0.5612980769230769 0.11778846153846154 0.016826923076923076 0.028846153846153848
0 0.5625 0.1502403846153846 0.009615384615384616 0.028846153846153848
0 0.5528846153846154 0.18028846153846154 0.019230769230769232 0.038461538461538464
0 0.5673076923076923 0.2283653846153846 0.02403846153846154 0.04807692307692308
0 0.5889423076923077 0.15985576923076922 0.02403846153846154 0.040865384615384616
0 0.5865384615384616 0.1502403846153846 0.019230769230769232 0.03125
0 0.6141826923076923 0.11177884615384616 0.01201923076923077 0.02403846153846154
0 0.625 0.11298076923076923 0.014423076923076924 0.028846153846153848
0 0.6177884615384616 0.13942307692307693 0.014423076923076924 0.028846153846153848
0 0.6418269230769231 0.1502403846153846 0.014423076923076924 0.03125
0 0.6490384615384616 0.14423076923076922 0.009615384615384616 0.028846153846153848
0 0.6550480769230769 0.11298076923076923 0.01201923076923077 0.03365384615384615
0 0.671875 0.10817307692307693 0.01201923076923077 0.019230769230769232
0 0.6766826923076923 0.12139423076923077 0.014423076923076924 0.038461538461538464
0 0.6141826923076923 0.21153846153846154 0.021634615384615384 0.04807692307692308
0 0.6141826923076923 0.25 0.02403846153846154 0.04807692307692308
0 0.6586538461538461 0.19230769230769232 0.019230769230769232 0.038461538461538464
0 0.6706730769230769 0.21875 0.014423076923076924 0.04326923076923077
0 0.7007211538461539 0.10697115384615384 0.014423076923076924 0.026442307692307692
0 0.6995192307692307 0.1778846153846154 0.019230769230769232 0.038461538461538464
0 0.7163461538461539 0.1814903846153846 0.014423076923076924 0.038461538461538464
0 0.7199519230769231 0.23317307692307693 0.021634615384615384 0.04326923076923077
0 0.6923076923076923 0.2548076923076923 0.019230769230769232 0.04807692307692308
0 0.7115384615384616 0.34134615384615385 0.03365384615384615 0.0673076923076923
0 0.7668269230769231 0.35697115384615385 0.03365384615384615 0.0625
0 0.7331730769230769 0.1466346153846154 0.014423076923076924 0.03365384615384615
0 0.7439903846153846 0.1346153846153846 0.01201923076923077 0.038461538461538464
0 0.7680288461538461 0.125 0.014423076923076924 0.019230769230769232
0 0.7776442307692307 0.1466346153846154 0.01201923076923077 0.03365384615384615
0 0.7956730769230769 0.13822115384615385 0.014423076923076924 0.028846153846153848
0 0.8185096153846154 0.13221153846153846 0.01201923076923077 0.03365384615384615
0 0.8413461538461539 0.15264423076923078 0.009615384615384616 0.028846153846153848
0 0.8245192307692307 0.16706730769230768 0.014423076923076924 0.036057692307692304
0 0.7920673076923077 0.16466346153846154 0.014423076923076924 0.028846153846153848
0 0.796875 0.20432692307692307 0.016826923076923076 0.04326923076923077
0 0.8185096153846154 0.19831730769230768 0.016826923076923076 0.036057692307692304
0 0.7524038461538461 0.18990384615384615 0.019230769230769232 0.038461538461538464
0 0.7319711538461539 0.1814903846153846 0.014423076923076924 0.03365384615384615
0 0.8233173076923077 0.2536057692307692 0.019230769230769232 0.052884615384615384
0 0.8425480769230769 0.21995192307692307 0.021634615384615384 0.04567307692307692
0 0.7584134615384616 0.2512019230769231 0.02403846153846154 0.04807692307692308
0 0.7860576923076923 0.28365384615384615 0.02403846153846154 0.057692307692307696
0 0.8641826923076923 0.18509615384615385 0.016826923076923076 0.04326923076923077
0 0.8557692307692307 0.2283653846153846 0.019230769230769232 0.038461538461538464
0 0.8918269230769231 0.23076923076923078 0.019230769230769232 0.04807692307692308
0 0.9038461538461539 0.22115384615384615 0.014423076923076924 0.04326923076923077
0 0.8918269230769231 0.18028846153846154 0.014423076923076924 0.038461538461538464
0 0.9050480769230769 0.1778846153846154 0.01201923076923077 0.038461538461538464
0 0.9110576923076923 0.14783653846153846 0.014423076923076924 0.03365384615384615
0 0.9483173076923077 0.1814903846153846 0.014423076923076924 0.028846153846153848
0 0.9471153846153846 0.19230769230769232 0.009615384615384616 0.03365384615384615
0 0.9338942307692307 0.20673076923076922 0.01201923076923077 0.038461538461538464
0 0.9507211538461539 0.22716346153846154 0.016826923076923076 0.040865384615384616
0 0.921875 0.2692307692307692 0.019230769230769232 0.04807692307692308
0 0.9110576923076923 0.33533653846153844 0.02403846153846154 0.06009615384615385