0 0.18509615384615385 0.37740384615384615 0.04326923076923077 0.09134615384615384
0 0.3161057692307692 0.3173076923076923 0.04567307692307692 0.08653846153846154
0 0.3762019230769231 0.35336538461538464 0.055288461538461536 0.11057692307692307
0 0.3088942307692308 0.8966346153846154 0.0889423076923077 0.1778846153846154
0 0.34134615384615385 0.7932692307692307 0.07692307692307693 0.1346153846153846
0 0.037259615384615384 0.9050480769230769 0.07451923076923077 0.15384615384615385
0 0.5769230769230769 0.8533653846153846 0.08653846153846154 0.17307692307692307
0 0.5745192307692307 0.7415865384615384 0.0625 0.125
0 0.75 0.6658653846153846 0.0673076923076923 0.13942307692307693
0 0.8834134615384616 0.8100961538461539 0.08653846153846154 0.1875
0 0.7668269230769231 0.9314903846153846 0.1201923076923077 0.13221153846153846