0 0.04326923076923077 0.38461538461538464 0.038461538461538464 0.08653846153846154
0 0.1502403846153846 0.35336538461538464 0.036057692307692304 0.08653846153846154
0 0.22355769230769232 0.3449519230769231 0.03365384615384615 0.09134615384615384
0 0.27163461538461536 0.33774038461538464 0.04326923076923077 0.08173076923076923
0 0.5132211538461539 0.3581730769230769 0.055288461538461536 0.14903846153846154
0 0.6658653846153846 0.3329326923076923 0.052884615384615384 0.1346153846153846
0 0.7463942307692307 0.2980769230769231 0.03365384615384615 0.07692307692307693
0 0.7668269230769231 0.4026442307692308 0.0625 0.16346153846153846
0 0.8100961538461539 0.49038461538461536 0.08173076923076923 0.22115384615384615
0 0.8569711538461539 0.31971153846153844 0.03125 0.10096153846153846
0 0.8942307692307693 0.359375 0.04807692307692308 0.1201923076923077
0 0.9543269230769231 0.34375 0.04807692307692308 0.11057692307692307