0 0.11538461538461539 0.5528846153846154 0.038461538461538464 0.08173076923076923
0 0.21995192307692307 0.34134615384615385 0.021634615384615384 0.038461538461538464
0 0.25600961538461536 0.34615384615384615 0.021634615384615384 0.04326923076923077
0 0.2764423076923077 0.36899038461538464 0.02403846153846154 0.04807692307692308
0 0.2824519230769231 0.30528846153846156 0.019230769230769232 0.03365384615384615
0 0.33052884615384615 0.3605769230769231 0.02403846153846154 0.04807692307692308
0 0.35216346153846156 0.32572115384615385 0.019230769230769232 0.038461538461538464
0 0.34975961538461536 0.296875 0.016826923076923076 0.03365384615384615
0 0.4110576923076923 0.3317307692307692 0.02403846153846154 0.038461538461538464
0 0.44471153846153844 0.33653846153846156 0.02403846153846154 0.04326923076923077
0 0.4230769230769231 0.29086538461538464 0.019230769230769232 0.02403846153846154
0 0.40625 0.29447115384615385 0.02403846153846154 0.036057692307692304
0 0.3894230769230769 0.2620192307692308 0.019230769230769232 0.03365384615384615
0 0.4266826923076923 0.25961538461538464 0.016826923076923076 0.028846153846153848
0 0.47115384615384615 0.265625 0.019230769230769232 0.028846153846153848
0 0.47716346153846156 0.30528846153846156 0.021634615384615384 0.03365384615384615
0 0.5072115384615384 0.3233173076923077 0.02403846153846154 0.04567307692307692
0 0.46875 0.2403846153846154 0.014423076923076924 0.03365384615384615
0 0.515625 0.26322115384615385 0.016826923076923076 0.036057692307692304
0 0.5264423076923077 0.27403846153846156 0.014423076923076924 0.038461538461538464
0 0.5456730769230769 0.2932692307692308 0.019230769230769232 0.038461538461538464
0 0.5492788461538461 0.25240384615384615 0.016826923076923076 0.03365384615384615
0 0.5637019230769231 0.2247596153846154 0.01201923076923077 0.028846153846153848
0 0.5769230769230769 0.21995192307692307 0.009615384615384616 0.026442307692307692
0 0.5841346153846154 0.22115384615384615 0.014423076923076924 0.019230769230769232
0 0.5913461538461539 0.23197115384615385 0.019230769230769232 0.026442307692307692
0 0.5889423076923077 0.26322115384615385 0.019230769230769232 0.036057692307692304
0 0.6129807692307693 0.24759615384615385 0.014423076923076924 0.028846153846153848
0 0.609375 0.22115384615384615 0.014423076923076924 0.028846153846153848
0 0.6081730769230769 0.20432692307692307 0.014423076923076924 0.02403846153846154
0 0.6382211538461539 0.21394230769230768 0.014423076923076924 0.028846153846153848
0 0.6502403846153846 0.22115384615384615 0.01201923076923077 0.028846153846153848
0 0.6526442307692307 0.24519230769230768 0.01201923076923077 0.028846153846153848
0 0.6850961538461539 0.22956730769230768 0.019230769230769232 0.028846153846153848
0 0.6995192307692307 0.2247596153846154 0.014423076923076924 0.03365384615384615
0 0.6850961538461539 0.20673076923076922 0.014423076923076924 0.028846153846153848
0 0.6838942307692307 0.27884615384615385 0.02403846153846154 0.04326923076923077
0 0.6466346153846154 0.30408653846153844 0.02403846153846154 0.040865384615384616
0 0.6117788461538461 0.328125 0.026442307692307692 0.040865384615384616
0 0.6117788461538461 0.3762019230769231 0.028846153846153848 0.055288461538461536
0 0.5444711538461539 0.359375 0.026442307692307692 0.05048076923076923
0 0.5564903846153846 0.41346153846153844 0.03365384615384615 0.057692307692307696
0 0.4807692307692308 0.40625 0.038461538461538464 0.0625
0 0.6045673076923077 0.45552884615384615 0.03365384615384615 0.07211538461538461
0 0.6478365384615384 0.46875 0.036057692307692304 0.08173076923076923
0 0.6622596153846154 0.3701923076923077 0.03125 0.057692307692307696
0 0.7019230769230769 0.3581730769230769 0.02403846153846154 0.052884615384615384
0 0.7379807692307693 0.4014423076923077 0.03365384615384615 0.0625
0 0.7199519230769231 0.5276442307692307 0.038461538461538464 0.08413461538461539
0 0.8365384615384616 0.5132211538461539 0.038461538461538464 0.07211538461538461
0 0.8052884615384616 0.43149038461538464 0.028846153846153848 0.06490384615384616
0 0.8353365384615384 0.3605769230769231 0.026442307692307692 0.04807692307692308
0 0.8810096153846154 0.390625 0.03365384615384615 0.0625
0 0.9483173076923077 0.4639423076923077 0.03125 0.07211538461538461
0 0.7103365384615384 0.29927884615384615 0.019230769230769232 0.04326923076923077
0 0.7199519230769231 0.29927884615384615 0.016826923076923076 0.03125
0 0.7199519230769231 0.24879807692307693 0.016826923076923076 0.03365384615384615
0 0.7463942307692307 0.2512019230769231 0.019230769230769232 0.036057692307692304
0 0.7632211538461539 0.2403846153846154 0.014423076923076924 0.03365384615384615
0 0.7908653846153846 0.25961538461538464 0.014423076923076924 0.028846153846153848
0 0.8004807692307693 0.23677884615384615 0.014423076923076924 0.028846153846153848
0 0.7980769230769231 0.2824519230769231 0.019230769230769232 0.036057692307692304
0 0.8353365384615384 0.296875 0.019230769230769232 0.038461538461538464
0 0.8665865384615384 0.32211538461538464 0.019230769230769232 0.038461538461538464
0 0.8942307692307693 0.33533653846153844 0.019230769230769232 0.04567307692307692
0 0.9110576923076923 0.31850961538461536 0.014423076923076924 0.036057692307692304
0 0.9399038461538461 0.3293269230769231 0.019230769230769232 0.03365384615384615
0 0.9603365384615384 0.3581730769230769 0.02403846153846154 0.052884615384615384
0 0.9591346153846154 0.30649038461538464 0.014423076923076924 0.040865384615384616
0 0.9651442307692307 0.27524038461538464 0.01201923076923077 0.028846153846153848
0 0.9254807692307693 0.28365384615384615 0.014423076923076924 0.038461538461538464
0 0.9375 0.30288461538461536 0.019230769230769232 0.028846153846153848
0 0.9038461538461539 0.2548076923076923 0.014423076923076924 0.038461538461538464
0 0.8810096153846154 0.27283653846153844 0.019230769230769232 0.03365384615384615
0 0.8677884615384616 0.27283653846153844 0.014423076923076924 0.03365384615384615
0 0.8641826923076923 0.2512019230769231 0.016826923076923076 0.028846153846153848
0 0.8293269230769231 0.24158653846153846 0.019230769230769232 0.036057692307692304