0 0.078125 0.48197115384615385 0.06971153846153846 0.1346153846153846
0 0.25240384615384615 0.4014423076923077 0.028846153846153848 0.057692307692307696
0 0.28846153846153844 0.4110576923076923 0.038461538461538464 0.09134615384615384
0 0.41586538461538464 0.44711538461538464 0.04326923076923077 0.11057692307692307
0 0.4675480769230769 0.4050480769230769 0.03365384615384615 0.0673076923076923
0 0.5516826923076923 0.39783653846153844 0.036057692307692304 0.08413461538461539
0 0.53125 0.390625 0.019230769230769232 0.057692307692307696
0 0.6153846153846154 0.29927884615384615 0.028846153846153848 0.0673076923076923
0 0.5132211538461539 0.5853365384615384 0.09375 0.21875
0 0.7451923076923077 0.453125 0.057692307692307696 0.125
0 0.6838942307692307 0.4170673076923077 0.03365384615384615 0.07211538461538461
0 0.7319711538461539 0.3701923076923077 0.026442307692307692 0.057692307692307696
0 0.9663461538461539 0.3954326923076923 0.04807692307692308 0.0985576923076923