0 0.10096153846153846 0.7367788461538461 0.09615384615384616 0.13701923076923078
0 0.015625 0.44711538461538464 0.028846153846153848 0.057692307692307696
0 0.04567307692307692 0.45913461538461536 0.028846153846153848 0.052884615384615384
0 0.07211538461538461 0.5192307692307693 0.04807692307692308 0.057692307692307696
0 0.09615384615384616 0.48197115384615385 0.03365384615384615 0.04807692307692308
0 0.09975961538461539 0.42427884615384615 0.028846153846153848 0.040865384615384616
0 0.13822115384615385 0.45552884615384615 0.028846153846153848 0.04326923076923077
0 0.16826923076923078 0.5204326923076923 0.04807692307692308 0.06971153846153846
0 0.17307692307692307 0.47716346153846156 0.038461538461538464 0.055288461538461536
0 0.20673076923076922 0.4543269230769231 0.03365384615384615 0.052884615384615384
0 0.2439903846153846 0.4375 0.03125 0.057692307692307696
0 0.2548076923076923 0.5012019230769231 0.038461538461538464 0.06009615384615385
0 0.28125 0.5432692307692307 0.052884615384615384 0.07692307692307693
0 0.28125 0.46634615384615385 0.04326923076923077 0.04807692307692308
0 0.30408653846153844 0.4338942307692308 0.028846153846153848 0.04567307692307692
0 0.3389423076923077 0.45072115384615385 0.02403846153846154 0.038461538461538464
0 0.3473557692307692 0.40625 0.028846153846153848 0.03365384615384615
0 0.3713942307692308 0.4182692307692308 0.026442307692307692 0.038461538461538464
0 0.39783653846153844 0.44591346153846156 0.028846153846153848 0.04567307692307692
0 0.37259615384615385 0.4807692307692308 0.03365384615384615 0.052884615384615384
0 0.3942307692307692 0.5384615384615384 0.04326923076923077 0.07692307692307693
0 0.4387019230769231 0.6129807692307693 0.06490384615384616 0.09615384615384616
0 0.4831730769230769 0.5192307692307693 0.03365384615384615 0.057692307692307696
0 0.42427884615384615 0.46033653846153844 0.028846153846153848 0.04326923076923077
0 0.4411057692307692 0.42788461538461536 0.028846153846153848 0.038461538461538464
0 0.4723557692307692 0.45072115384615385 0.03125 0.038461538461538464
0 0.48677884615384615 0.41947115384615385 0.02403846153846154 0.03125
0 0.5132211538461539 0.43028846153846156 0.021634615384615384 0.03365384615384615
0 0.5360576923076923 0.46634615384615385 0.03365384615384615 0.04807692307692308
0 0.5504807692307693 0.4338942307692308 0.02403846153846154 0.03125
0 0.5877403846153846 0.46634615384615385 0.028846153846153848 0.038461538461538464
0 0.6117788461538461 0.5264423076923077 0.04567307692307692 0.0673076923076923
0 0.5444711538461539 0.5721153846153846 0.057692307692307696 0.08173076923076923
0 0.6478365384615384 0.6586538461538461 0.06490384615384616 0.09615384615384616
0 0.7115384615384616 0.6021634615384616 0.057692307692307696 0.09615384615384616
0 0.6129807692307693 0.453125 0.028846153846153848 0.04326923076923077
0 0.6346153846153846 0.4387019230769231 0.028846153846153848 0.040865384615384616
0 0.6995192307692307 0.46274038461538464 0.028846153846153848 0.04807692307692308
0 0.7103365384615384 0.4519230769230769 0.028846153846153848 0.038461538461538464
0 0.7463942307692307 0.4423076923076923 0.02403846153846154 0.04326923076923077
0 0.7584134615384616 0.5036057692307693 0.04326923076923077 0.055288461538461536
0 0.8028846153846154 0.4963942307692308 0.038461538461538464 0.055288461538461536
0 0.8233173076923077 0.4699519230769231 0.03125 0.055288461538461536
0 0.8786057692307693 0.4579326923076923 0.03125 0.04807692307692308
0 0.9350961538461539 0.5108173076923077 0.052884615384615384 0.055288461538461536
0 0.9423076923076923 0.4855769230769231 0.03365384615384615 0.04807692307692308