0 0.21394230769230768 0.5396634615384616 0.17307692307692307 0.32211538461538464
0 0.0889423076923077 0.06850961538461539 0.07211538461538461 0.1346153846153846
0 0.234375 0.17548076923076922 0.0889423076923077 0.19230769230769232
0 0.3088942307692308 0.08413461538461539 0.0673076923076923 0.14903846153846154
0 0.4230769230769231 0.1778846153846154 0.0673076923076923 0.1778846153846154
0 0.4891826923076923 0.37259615384615385 0.11538461538461539 0.2548076923076923
0 0.48197115384615385 0.12259615384615384 0.04326923076923077 0.11538461538461539
0 0.5480769230769231 0.09134615384615384 0.04326923076923077 0.09615384615384616
0 0.5865384615384616 0.17307692307692307 0.0673076923076923 0.14423076923076922
0 0.7355769230769231 0.19471153846153846 0.052884615384615384 0.12980769230769232
0 0.6947115384615384 0.390625 0.09134615384615384 0.19471153846153846
0 0.8245192307692307 0.32091346153846156 0.07211538461538461 0.16346153846153846
0 0.9495192307692307 0.33413461538461536 0.08173076923076923 0.14903846153846154