0 0.08052884615384616 0.45072115384615385 0.028846153846153848 0.06971153846153846
0 0.13581730769230768 0.5697115384615384 0.03365384615384615 0.07211538461538461
0 0.057692307692307696 0.375 0.02403846153846154 0.0625
0 0.056490384615384616 0.20432692307692307 0.021634615384615384 0.038461538461538464
0 0.09134615384615384 0.09615384615384616 0.014423076923076924 0.028846153846153848
0 0.11538461538461539 0.18629807692307693 0.019230769230769232 0.036057692307692304
0 0.15865384615384615 0.12259615384615384 0.014423076923076924 0.038461538461538464
0 0.19110576923076922 0.17067307692307693 0.014423076923076924 0.03365384615384615
0 0.17427884615384615 0.23197115384615385 0.016826923076923076 0.040865384615384616
0 0.2403846153846154 0.23918269230769232 0.019230769230769232 0.057692307692307696
0 0.21394230769230768 0.3137019230769231 0.02403846153846154 0.052884615384615384
0 0.2127403846153846 0.44711538461538464 0.028846153846153848 0.057692307692307696
0 0.5492788461538461 0.43990384615384615 0.028846153846153848 0.07211538461538461
0 0.45552884615384615 0.25600961538461536 0.02403846153846154 0.04567307692307692
0 0.48677884615384615 0.1971153846153846 0.019230769230769232 0.038461538461538464
0 0.5180288461538461 0.14302884615384615 0.014423076923076924 0.04567307692307692
0 0.5564903846153846 0.2692307692307692 0.02403846153846154 0.052884615384615384
0 0.6983173076923077 0.32211538461538464 0.021634615384615384 0.052884615384615384
0 0.3629807692307692 0.1971153846153846 0.019230769230769232 0.038461538461538464
0 0.3173076923076923 0.20552884615384615 0.019230769230769232 0.03365384615384615
0 0.2956730769230769 0.17067307692307693 0.014423076923076924 0.03365384615384615
0 0.296875 0.1346153846153846 0.019230769230769232 0.038461538461538464
0 0.2620192307692308 0.0985576923076923 0.014423076923076924 0.03365384615384615
0 0.2283653846153846 0.12259615384615384 0.014423076923076924 0.028846153846153848
0 0.3701923076923077 0.06129807692307692 0.009615384615384616 0.03125
0 0.40024038461538464 0.06850961538461539 0.01201923076923077 0.03125
0 0.4326923076923077 0.140625 0.019230769230769232 0.036057692307692304
0 0.3870192307692308 0.14783653846153846 0.014423076923076924 0.03365384615384615
0 0.4411057692307692 0.0625 0.01201923076923077 0.028846153846153848
0 0.47115384615384615 0.1045673076923077 0.014423076923076924 0.03125
0 0.47475961538461536 0.14182692307692307 0.016826923076923076 0.03365384615384615
0 0.49278846153846156 0.09975961538461539 0.014423076923076924 0.028846153846153848
0 0.5180288461538461 0.08052884615384616 0.009615384615384616 0.02403846153846154
0 0.4951923076923077 0.04927884615384615 0.009615384615384616 0.028846153846153848
0 0.5540865384615384 0.05889423076923077 0.014423076923076924 0.03365384615384615
0 0.5841346153846154 0.17067307692307693 0.019230769230769232 0.04326923076923077
0 0.6225961538461539 0.20673076923076922 0.019230769230769232 0.038461538461538464
0 0.6045673076923077 0.0985576923076923 0.01201923076923077 0.03365384615384615
0 0.5841346153846154 0.07451923076923077 0.014423076923076924 0.03365384615384615
0 0.6346153846153846 0.0889423076923077 0.014423076923076924 0.02403846153846154
0 0.6682692307692307 0.12860576923076922 0.019230769230769232 0.04326923076923077
0 0.7199519230769231 0.18389423076923078 0.014423076923076924 0.040865384615384616
0 0.7415865384615384 0.18629807692307693 0.014423076923076924 0.03365384615384615
0 0.7247596153846154 0.23918269230769232 0.016826923076923076 0.057692307692307696
0 0.7932692307692307 0.33413461538461536 0.028846153846153848 0.0625
0 0.7884615384615384 0.1778846153846154 0.009615384615384616 0.038461538461538464
0 0.8257211538461539 0.20072115384615385 0.016826923076923076 0.04567307692307692
0 0.8701923076923077 0.2403846153846154 0.019230769230769232 0.038461538461538464
0 0.890625 0.27403846153846156 0.016826923076923076 0.04807692307692308
0 0.9447115384615384 0.33052884615384615 0.014423076923076924 0.052884615384615384