0 0.7283653846153846 0.19591346153846154 0.052884615384615384 0.06971153846153846
0 0.7728365384615384 0.2668269230769231 0.07451923076923077 0.1201923076923077
0 0.8894230769230769 0.41225961538461536 0.09615384615384616 0.10576923076923077
0 0.9459134615384616 0.5144230769230769 0.09134615384615384 0.1346153846153846
0 0.6237980769230769 0.5973557692307693 0.13701923076923078 0.21875
0 0.6286057692307693 0.7728365384615384 0.1466346153846154 0.18509615384615385
0 0.5865384615384616 0.39663461538461536 0.0673076923076923 0.07211538461538461
0 0.5372596153846154 0.3245192307692308 0.052884615384615384 0.07211538461538461
0 0.5793269230769231 0.26802884615384615 0.04807692307692308 0.06971153846153846
0 0.609375 0.23197115384615385 0.038461538461538464 0.0625
0 0.4651442307692308 0.23798076923076922 0.04326923076923077 0.052884615384615384
0 0.3762019230769231 0.3942307692307692 0.06971153846153846 0.09615384615384616
0 0.4375 0.33533653846153844 0.08653846153846154 0.0889423076923077
0 0.32091346153846156 0.5540865384615384 0.09134615384615384 0.11538461538461539
0 0.1466346153846154 0.7295673076923077 0.14903846153846154 0.15865384615384615
0 0.13942307692307693 0.5168269230769231 0.10576923076923077 0.11057692307692307
0 0.18028846153846154 0.41466346153846156 0.07692307692307693 0.08653846153846154
0 0.23798076923076922 0.32211538461538464 0.0625 0.07692307692307693
0 0.24639423076923078 0.27283653846153844 0.04567307692307692 0.04326923076923077
0 0.2920673076923077 0.23677884615384615 0.05048076923076923 0.0673076923076923
0 0.2127403846153846 0.23317307692307693 0.04567307692307692 0.0625
0 0.15504807692307693 0.2668269230769231 0.057692307692307696 0.08173076923076923
0 0.03125 0.3293269230769231 0.057692307692307696 0.08173076923076923