0 0.07692307692307693 0.6634615384615384 0.125 0.20192307692307693
0 0.042067307692307696 0.5348557692307693 0.0673076923076923 0.11298076923076923
0 0.04326923076923077 0.4651442307692308 0.04807692307692308 0.07211538461538461
0 0.11177884615384616 0.45913461538461536 0.055288461538461536 0.08173076923076923
0 0.16826923076923078 0.4723557692307692 0.057692307692307696 0.08413461538461539
0 0.25 0.47596153846153844 0.057692307692307696 0.09134615384615384
0 0.26802884615384615 0.6754807692307693 0.13942307692307693 0.2548076923076923
0 0.35096153846153844 0.6117788461538461 0.08653846153846154 0.15865384615384615
0 0.31490384615384615 0.4170673076923077 0.04326923076923077 0.052884615384615384
0 0.36177884615384615 0.40384615384615385 0.03125 0.057692307692307696
0 0.42788461538461536 0.4170673076923077 0.028846153846153848 0.057692307692307696
0 0.4651442307692308 0.390625 0.026442307692307692 0.038461538461538464
0 0.5108173076923077 0.40865384615384615 0.08413461538461539 0.1346153846153846
0 0.5637019230769231 0.4074519230769231 0.036057692307692304 0.0673076923076923
0 0.5925480769230769 0.3786057692307692 0.02403846153846154 0.04326923076923077
0 0.6995192307692307 0.2932692307692308 0.028846153846153848 0.04807692307692308
0 0.5240384615384616 0.8185096153846154 0.1346153846153846 0.2668269230769231
0 0.7235576923076923 0.6298076923076923 0.09615384615384616 0.17307692307692307
0 0.6490384615384616 0.49759615384615385 0.057692307692307696 0.1201923076923077
0 0.7055288461538461 0.42908653846153844 0.04567307692307692 0.07932692307692307
0 0.7992788461538461 0.37259615384615385 0.028846153846153848 0.052884615384615384
0 0.8245192307692307 0.3713942307692308 0.028846153846153848 0.052884615384615384
0 0.8293269230769231 0.47836538461538464 0.08173076923076923 0.1346153846153846
0 0.921875 0.8774038461538461 0.15384615384615385 0.23557692307692307
0 0.9567307692307693 0.6742788461538461 0.08173076923076923 0.14182692307692307
0 0.9795673076923077 0.48197115384615385 0.036057692307692304 0.14182692307692307