0 0.030048076923076924 0.4014423076923077 0.057692307692307696 0.10096153846153846
0 0.13942307692307693 0.4639423076923077 0.09615384615384616 0.13942307692307693
0 0.18509615384615385 0.39663461538461536 0.052884615384615384 0.08653846153846154
0 0.09375 0.2668269230769231 0.04326923076923077 0.057692307692307696
0 0.22956730769230768 0.3389423076923077 0.026442307692307692 0.038461538461538464
0 0.2704326923076923 0.3485576923076923 0.03365384615384615 0.052884615384615384
0 0.2980769230769231 0.32572115384615385 0.03365384615384615 0.04807692307692308
0 0.2692307692307692 0.4338942307692308 0.07211538461538461 0.10336538461538461
0 0.39302884615384615 0.48197115384615385 0.09615384615384616 0.14182692307692307
0 0.35697115384615385 0.3641826923076923 0.04326923076923077 0.057692307692307696
0 0.3605769230769231 0.33413461538461536 0.028846153846153848 0.03365384615384615
0 0.39903846153846156 0.3485576923076923 0.038461538461538464 0.0673076923076923
0 0.45913461538461536 0.35096153846153844 0.052884615384615384 0.08653846153846154
0 0.5060096153846154 0.35096153846153844 0.040865384615384616 0.0673076923076923
0 0.5949519230769231 0.4014423076923077 0.0625 0.10096153846153846
0 0.5649038461538461 0.35336538461538464 0.04807692307692308 0.07211538461538461
0 0.6598557692307693 0.35216346153846156 0.038461538461538464 0.0625
0 0.6899038461538461 0.4026442307692308 0.057692307692307696 0.08413461538461539
0 0.7223557692307693 0.3629807692307692 0.038461538461538464 0.0625
0 0.7596153846153846 0.3605769230769231 0.038461538461538464 0.07211538461538461
0 0.765625 0.4375 0.08413461538461539 0.11538461538461539
0 0.8461538461538461 0.36778846153846156 0.038461538461538464 0.07211538461538461
0 0.8810096153846154 0.4098557692307692 0.06490384615384616 0.09375
0 0.9158653846153846 0.3762019230769231 0.04326923076923077 0.08173076923076923