0 0.2512019230769231 0.609375 0.08653846153846154 0.1466346153846154
0 0.34615384615384615 0.4963942307692308 0.04807692307692308 0.06490384615384616
0 0.22235576923076922 0.4266826923076923 0.036057692307692304 0.06009615384615385
0 0.18629807692307693 0.43509615384615385 0.03125 0.03365384615384615
0 0.15985576923076922 0.421875 0.02403846153846154 0.03125
0 0.13221153846153846 0.41346153846153844 0.02403846153846154 0.028846153846153848
0 0.09495192307692307 0.4483173076923077 0.038461538461538464 0.06009615384615385
0 0.0625 0.421875 0.02403846153846154 0.03125
0 0.4879807692307692 0.5709134615384616 0.07692307692307693 0.12740384615384615
0 0.48677884615384615 0.45552884615384615 0.03125 0.040865384615384616
0 0.4675480769230769 0.44711538461538464 0.026442307692307692 0.038461538461538464
0 0.46153846153846156 0.43028846153846156 0.019230769230769232 0.02403846153846154
0 0.453125 0.4206730769230769 0.019230769230769232 0.02403846153846154
0 0.40024038461538464 0.41947115384615385 0.019230769230769232 0.026442307692307692
0 0.41586538461538464 0.41466346153846156 0.02403846153846154 0.026442307692307692
0 0.38822115384615385 0.4423076923076923 0.028846153846153848 0.028846153846153848
0 0.34134615384615385 0.42908653846153844 0.019230769230769232 0.03125
0 0.35216346153846156 0.41586538461538464 0.019230769230769232 0.028846153846153848
0 0.3269230769230769 0.3798076923076923 0.019230769230769232 0.028846153846153848
0 0.2860576923076923 0.41947115384615385 0.014423076923076924 0.026442307692307692
0 0.26322115384615385 0.40625 0.019230769230769232 0.02403846153846154
0 0.53125 0.44350961538461536 0.02403846153846154 0.036057692307692304
0 0.6177884615384616 0.4855769230769231 0.03365384615384615 0.0625
0 0.6466346153846154 0.46153846153846156 0.02403846153846154 0.04326923076923077
0 0.6598557692307693 0.44350961538461536 0.021634615384615384 0.036057692307692304
0 0.6754807692307693 0.4326923076923077 0.02403846153846154 0.03365384615384615
0 0.7151442307692307 0.42908653846153844 0.021634615384615384 0.036057692307692304
0 0.7283653846153846 0.4699519230769231 0.038461538461538464 0.06490384615384616
0 0.78125 0.4543269230769231 0.02403846153846154 0.038461538461538464
0 0.8137019230769231 0.4831730769230769 0.04326923076923077 0.0673076923076923
0 0.8209134615384616 0.4423076923076923 0.019230769230769232 0.028846153846153848
0 0.6382211538461539 0.4230769230769231 0.016826923076923076 0.02403846153846154
0 0.6081730769230769 0.4230769230769231 0.014423076923076924 0.02403846153846154
0 0.8786057692307693 0.5480769230769231 0.06490384615384616 0.09615384615384616
0 0.8966346153846154 0.49038461538461536 0.04326923076923077 0.0625
0 0.9254807692307693 0.4735576923076923 0.03365384615384615 0.057692307692307696
0 0.9711538461538461 0.45552884615384615 0.03365384615384615 0.04567307692307692
0 0.9783653846153846 0.5180288461538461 0.038461538461538464 0.09375