0 0.04807692307692308 0.4879807692307692 0.052884615384615384 0.04326923076923077
0 0.2283653846153846 0.6418269230769231 0.14903846153846154 0.1201923076923077
0 0.18990384615384615 0.515625 0.07211538461538461 0.055288461538461536
0 0.3581730769230769 0.43509615384615385 0.07211538461538461 0.0625
0 0.3016826923076923 0.4723557692307692 0.052884615384615384 0.040865384615384616
0 0.38341346153846156 0.46634615384615385 0.038461538461538464 0.038461538461538464
0 0.44350961538461536 0.4963942307692308 0.052884615384615384 0.04326923076923077
0 0.5192307692307693 0.47716346153846156 0.04326923076923077 0.036057692307692304
0 0.4987980769230769 0.46033653846153844 0.038461538461538464 0.03365384615384615
0 0.5913461538461539 0.5084134615384616 0.057692307692307696 0.04326923076923077
0 0.5769230769230769 0.5685096153846154 0.09134615384615384 0.07451923076923077
0 0.6334134615384616 0.49038461538461536 0.036057692307692304 0.038461538461538464
0 0.6033653846153846 0.4699519230769231 0.03365384615384615 0.03125
0 0.7367788461538461 0.4735576923076923 0.040865384615384616 0.038461538461538464
0 0.7596153846153846 0.49158653846153844 0.04326923076923077 0.040865384615384616
0 0.8125 0.5228365384615384 0.0673076923076923 0.06009615384615385
0 0.875 0.47836538461538464 0.03365384615384615 0.03365384615384615
0 0.9519230769230769 0.4879807692307692 0.04807692307692308 0.04807692307692308