0 0.11658653846153846 0.5108173076923077 0.04567307692307692 0.10576923076923077
0 0.21754807692307693 0.35697115384615385 0.019230769230769232 0.03365384615384615
0 0.2536057692307692 0.36658653846153844 0.026442307692307692 0.04326923076923077
0 0.28725961538461536 0.3737980769230769 0.02403846153846154 0.04567307692307692
0 0.28365384615384615 0.30288461538461536 0.014423076923076924 0.038461538461538464
0 0.33533653846153844 0.34975961538461536 0.021634615384615384 0.05048076923076923
0 0.3485576923076923 0.328125 0.014423076923076924 0.036057692307692304
0 0.3557692307692308 0.2956730769230769 0.019230769230769232 0.03365384615384615
0 0.38100961538461536 0.33774038461538464 0.016826923076923076 0.036057692307692304
0 0.41225961538461536 0.33774038461538464 0.019230769230769232 0.038461538461538464
0 0.4411057692307692 0.3449519230769231 0.019230769230769232 0.04807692307692308
0 0.43509615384615385 0.3076923076923077 0.019230769230769232 0.038461538461538464
0 0.4026442307692308 0.296875 0.014423076923076924 0.03125
0 0.3894230769230769 0.25600961538461536 0.014423076923076924 0.03125
0 0.4098557692307692 0.25841346153846156 0.016826923076923076 0.028846153846153848
0 0.44350961538461536 0.2608173076923077 0.014423076923076924 0.028846153846153848
0 0.4519230769230769 0.25 0.009615384615384616 0.028846153846153848
0 0.46634615384615385 0.26802884615384615 0.019230769230769232 0.03125
0 0.46274038461538464 0.3125 0.019230769230769232 0.04326923076923077
0 0.5 0.3112980769230769 0.019230769230769232 0.038461538461538464
0 0.5120192307692307 0.2956730769230769 0.014423076923076924 0.038461538461538464
0 0.4891826923076923 0.2668269230769231 0.014423076923076924 0.03365384615384615
0 0.46634615384615385 0.23798076923076922 0.014423076923076924 0.02403846153846154
0 0.5096153846153846 0.2548076923076923 0.009615384615384616 0.028846153846153848
0 0.5360576923076923 0.25 0.014423076923076924 0.028846153846153848
0 0.5480769230769231 0.27163461538461536 0.019230769230769232 0.04326923076923077
0 0.5673076923076923 0.25721153846153844 0.019230769230769232 0.03365384615384615
0 0.5432692307692307 0.22716346153846154 0.014423076923076924 0.03125
0 0.5661057692307693 0.21754807692307693 0.014423076923076924 0.026442307692307692
0 0.5745192307692307 0.23677884615384615 0.014423076923076924 0.028846153846153848
0 0.5913461538461539 0.24759615384615385 0.009615384615384616 0.03365384615384615
0 0.5913461538461539 0.2247596153846154 0.009615384615384616 0.028846153846153848
0 0.6033653846153846 0.20432692307692307 0.014423076923076924 0.03365384615384615
0 0.6201923076923077 0.21033653846153846 0.009615384615384616 0.028846153846153848
0 0.6286057692307693 0.22956730769230768 0.01201923076923077 0.036057692307692304
0 0.6225961538461539 0.25841346153846156 0.014423076923076924 0.036057692307692304
0 0.6538461538461539 0.21875 0.014423076923076924 0.028846153846153848
0 0.6658653846153846 0.23076923076923078 0.014423076923076924 0.028846153846153848
0 0.6754807692307693 0.22716346153846154 0.014423076923076924 0.03365384615384615
0 0.49759615384615385 0.38100961538461536 0.028846153846153848 0.057692307692307696
0 0.5408653846153846 0.4050480769230769 0.028846153846153848 0.052884615384615384
0 0.5288461538461539 0.375 0.02403846153846154 0.04807692307692308
0 0.5901442307692307 0.3245192307692308 0.02403846153846154 0.052884615384615384
0 0.6069711538461539 0.43028846153846156 0.03365384615384615 0.0673076923076923
0 0.6021634615384616 0.38100961538461536 0.028846153846153848 0.055288461538461536
0 0.6586538461538461 0.4411057692307692 0.03365384615384615 0.06971153846153846
0 0.6466346153846154 0.3713942307692308 0.028846153846153848 0.06009615384615385
0 0.6370192307692307 0.33413461538461536 0.02403846153846154 0.04326923076923077
0 0.6225961538461539 0.2956730769230769 0.019230769230769232 0.038461538461538464
0 0.6670673076923077 0.26802884615384615 0.016826923076923076 0.03365384615384615
0 0.6814903846153846 0.3629807692307692 0.02403846153846154 0.04326923076923077
0 0.7067307692307693 0.47596153846153844 0.03365384615384615 0.08653846153846154
0 0.7235576923076923 0.3954326923076923 0.028846153846153848 0.06009615384615385
0 0.765625 0.44471153846153844 0.03125 0.057692307692307696
0 0.8088942307692307 0.5 0.03365384615384615 0.0673076923076923
0 0.8293269230769231 0.4411057692307692 0.028846153846153848 0.057692307692307696
0 0.8461538461538461 0.41466346153846156 0.028846153846153848 0.04807692307692308
0 0.8954326923076923 0.46634615384615385 0.03365384615384615 0.057692307692307696
0 0.8894230769230769 0.3918269230769231 0.019230769230769232 0.052884615384615384
0 0.859375 0.375 0.02403846153846154 0.04807692307692308
0 0.8725961538461539 0.32211538461538464 0.019230769230769232 0.04807692307692308
0 0.8990384615384616 0.3485576923076923 0.019230769230769232 0.04326923076923077
0 0.9086538461538461 0.3317307692307692 0.019230769230769232 0.04807692307692308
0 0.921875 0.3125 0.01201923076923077 0.028846153846153848
0 0.9146634615384616 0.27884615384615385 0.01201923076923077 0.03365384615384615
0 0.8834134615384616 0.29086538461538464 0.01201923076923077 0.038461538461538464
0 0.8581730769230769 0.2608173076923077 0.014423076923076924 0.03125
0 0.8461538461538461 0.2644230769230769 0.019230769230769232 0.038461538461538464
0 0.8485576923076923 0.2848557692307692 0.014423076923076924 0.036057692307692304
0 0.8365384615384616 0.30528846153846156 0.019230769230769232 0.038461538461538464
0 0.8125 0.34975961538461536 0.02403846153846154 0.04567307692307692
0 0.7740384615384616 0.3762019230769231 0.028846153846153848 0.06009615384615385
0 0.8004807692307693 0.3004807692307692 0.02403846153846154 0.04326923076923077
0 0.8052884615384616 0.2704326923076923 0.019230769230769232 0.03125
0 0.8245192307692307 0.2668269230769231 0.014423076923076924 0.038461538461538464
0 0.796875 0.2439903846153846 0.014423076923076924 0.03125
0 0.7692307692307693 0.24639423076923078 0.019230769230769232 0.028846153846153848
0 0.7560096153846154 0.28966346153846156 0.019230769230769232 0.040865384615384616
0 0.7584134615384616 0.2620192307692308 0.019230769230769232 0.03365384615384615
0 0.7247596153846154 0.26802884615384615 0.016826923076923076 0.038461538461538464
0 0.7319711538461539 0.24519230769230768 0.014423076923076924 0.028846153846153848
0 0.7391826923076923 0.22956730769230768 0.014423076923076924 0.03125
0 0.6947115384615384 0.24759615384615385 0.014423076923076924 0.03365384615384615
0 0.7127403846153846 0.28966346153846156 0.016826923076923076 0.04326923076923077
0 0.6766826923076923 0.3269230769230769 0.02403846153846154 0.038461538461538464