0 0.06850961538461539 0.41586538461538464 0.040865384615384616 0.08173076923076923
0 0.25841346153846156 0.27884615384615385 0.021634615384615384 0.04807692307692308
0 0.2824519230769231 0.26802884615384615 0.021634615384615384 0.038461538461538464
0 0.2980769230769231 0.25721153846153844 0.02403846153846154 0.038461538461538464
0 0.31850961538461536 0.21754807692307693 0.021634615384615384 0.038461538461538464
0 0.3425480769230769 0.2127403846153846 0.016826923076923076 0.038461538461538464
0 0.33774038461538464 0.27884615384615385 0.019230769230769232 0.038461538461538464
0 0.3473557692307692 0.25 0.016826923076923076 0.03365384615384615
0 0.3701923076923077 0.22596153846153846 0.02403846153846154 0.038461538461538464
0 0.38221153846153844 0.19951923076923078 0.019230769230769232 0.03365384615384615
0 0.4170673076923077 0.21754807692307693 0.019230769230769232 0.038461538461538464
0 0.4423076923076923 0.22115384615384615 0.02403846153846154 0.04326923076923077
0 0.4338942307692308 0.26802884615384615 0.026442307692307692 0.04807692307692308
0 0.48677884615384615 0.2932692307692308 0.026442307692307692 0.057692307692307696
0 0.4963942307692308 0.22596153846153846 0.02403846153846154 0.04807692307692308
0 0.40865384615384615 0.16706730769230768 0.014423076923076924 0.036057692307692304
0 0.4254807692307692 0.17908653846153846 0.014423076923076924 0.038461538461538464
0 0.4639423076923077 0.19831730769230768 0.02403846153846154 0.036057692307692304
0 0.45072115384615385 0.17067307692307693 0.016826923076923076 0.028846153846153848
0 0.4519230769230769 0.14302884615384615 0.019230769230769232 0.03125
0 0.47115384615384615 0.14302884615384615 0.014423076923076924 0.03125
0 0.47716346153846156 0.1622596153846154 0.016826923076923076 0.03365384615384615
0 0.5036057692307693 0.16706730769230768 0.016826923076923076 0.04326923076923077
0 0.515625 0.18509615384615385 0.019230769230769232 0.03365384615384615
0 0.5456730769230769 0.18990384615384615 0.02403846153846154 0.04326923076923077
0 0.5456730769230769 0.15625 0.019230769230769232 0.03365384615384615
0 0.5516826923076923 0.1346153846153846 0.019230769230769232 0.038461538461538464
0 0.5252403846153846 0.12860576923076922 0.019230769230769232 0.038461538461538464
0 0.4891826923076923 0.12860576923076922 0.016826923076923076 0.03125
0 0.5829326923076923 0.15264423076923078 0.021634615384615384 0.036057692307692304
0 0.5709134615384616 0.1045673076923077 0.01201923076923077 0.026442307692307692
0 0.6201923076923077 0.13822115384615385 0.019230769230769232 0.03125
0 0.6286057692307693 0.12259615384615384 0.01201923076923077 0.02403846153846154
0 0.6394230769230769 0.10096153846153846 0.014423076923076924 0.028846153846153848
0 0.6141826923076923 0.09615384615384616 0.01201923076923077 0.028846153846153848
0 0.59375 0.11057692307692307 0.014423076923076924 0.028846153846153848
0 0.6887019230769231 0.09375 0.019230769230769232 0.03365384615384615
0 0.6694711538461539 0.11778846153846154 0.019230769230769232 0.03365384615384615
0 0.7055288461538461 0.12860576923076922 0.019230769230769232 0.03365384615384615
0 0.6862980769230769 0.13221153846153846 0.014423076923076924 0.03365384615384615
0 0.6490384615384616 0.17067307692307693 0.019230769230769232 0.04326923076923077
0 0.6081730769230769 0.21634615384615385 0.02403846153846154 0.057692307692307696
0 0.6033653846153846 0.2704326923076923 0.03365384615384615 0.055288461538461536
0 0.5564903846153846 0.29086538461538464 0.028846153846153848 0.0625
0 0.5612980769230769 0.25240384615384615 0.03125 0.0625
0 0.5997596153846154 0.33774038461538464 0.028846153846153848 0.06490384615384616
0 0.6670673076923077 0.34134615384615385 0.036057692307692304 0.07692307692307693
0 0.6754807692307693 0.23677884615384615 0.02403846153846154 0.057692307692307696
0 0.6490384615384616 0.22235576923076922 0.028846153846153848 0.055288461538461536
0 0.6887019230769231 0.17427884615384615 0.019230769230769232 0.036057692307692304
0 0.6995192307692307 0.2091346153846154 0.028846153846153848 0.052884615384615384
0 0.7067307692307693 0.2860576923076923 0.028846153846153848 0.057692307692307696
0 0.7776442307692307 0.2824519230769231 0.03365384615384615 0.06490384615384616
0 0.7487980769230769 0.23557692307692307 0.02403846153846154 0.052884615384615384
0 0.7427884615384616 0.18389423076923078 0.019230769230769232 0.04807692307692308
0 0.7307692307692307 0.15504807692307693 0.02403846153846154 0.04807692307692308
0 0.7463942307692307 0.13822115384615385 0.019230769230769232 0.03365384615384615
0 0.7608173076923077 0.16346153846153846 0.019230769230769232 0.04807692307692308
0 0.734375 0.10697115384615384 0.019230769230769232 0.040865384615384616
0 0.7560096153846154 0.12139423076923077 0.01201923076923077 0.028846153846153848
0 0.7560096153846154 0.10096153846153846 0.019230769230769232 0.03365384615384615
0 0.7872596153846154 0.11658653846153846 0.014423076923076924 0.038461538461538464
0 0.7944711538461539 0.12860576923076922 0.014423076923076924 0.038461538461538464
0 0.8088942307692307 0.15144230769230768 0.016826923076923076 0.03365384615384615
0 0.8088942307692307 0.12139423076923077 0.01201923076923077 0.03365384615384615
0 0.8233173076923077 0.13221153846153846 0.014423076923076924 0.04326923076923077
0 0.796875 0.18028846153846154 0.021634615384615384 0.04326923076923077
0 0.8449519230769231 0.1935096153846154 0.019230769230769232 0.055288461538461536
0 0.8461538461538461 0.14783653846153846 0.019230769230769232 0.03365384615384615
0 0.8629807692307693 0.14423076923076922 0.014423076923076924 0.038461538461538464
0 0.8629807692307693 0.11778846153846154 0.014423076923076924 0.03365384615384615
0 0.8653846153846154 0.21514423076923078 0.02403846153846154 0.04326923076923077
0 0.8725961538461539 0.19591346153846154 0.02403846153846154 0.04326923076923077
0 0.8894230769230769 0.17067307692307693 0.014423076923076924 0.03365384615384615
0 0.8918269230769231 0.1201923076923077 0.014423076923076924 0.038461538461538464
0 0.9278846153846154 0.1622596153846154 0.019230769230769232 0.040865384615384616
0 0.9254807692307693 0.27163461538461536 0.028846153846153848 0.0625