0 0.19471153846153846 0.44591346153846156 0.04326923076923077 0.08413461538461539
0 0.31490384615384615 0.24278846153846154 0.019230769230769232 0.03365384615384615
0 0.3485576923076923 0.1971153846153846 0.019230769230769232 0.038461538461538464
0 0.41346153846153844 0.16826923076923078 0.019230769230769232 0.03365384615384615
0 0.41586538461538464 0.20673076923076922 0.014423076923076924 0.038461538461538464
0 0.43509615384615385 0.17307692307692307 0.014423076923076924 0.028846153846153848
0 0.4495192307692308 0.2283653846153846 0.02403846153846154 0.04326923076923077
0 0.4807692307692308 0.22956730769230768 0.02403846153846154 0.04807692307692308
0 0.4723557692307692 0.19230769230769232 0.019230769230769232 0.028846153846153848
0 0.4639423076923077 0.16947115384615385 0.019230769230769232 0.028846153846153848
0 0.4495192307692308 0.15745192307692307 0.014423076923076924 0.028846153846153848
0 0.46875 0.14423076923076922 0.019230769230769232 0.028846153846153848
0 0.49278846153846156 0.13942307692307693 0.014423076923076924 0.028846153846153848
0 0.49399038461538464 0.16947115384615385 0.019230769230769232 0.03125
0 0.5108173076923077 0.14182692307692307 0.016826923076923076 0.03365384615384615
0 0.5168269230769231 0.1201923076923077 0.014423076923076924 0.028846153846153848
0 0.5552884615384616 0.18870192307692307 0.019230769230769232 0.04326923076923077
0 0.5456730769230769 0.1466346153846154 0.014423076923076924 0.03365384615384615
0 0.5444711538461539 0.09975961538461539 0.014423076923076924 0.02403846153846154
0 0.5721153846153846 0.13822115384615385 0.014423076923076924 0.03365384615384615
0 0.5985576923076923 0.14302884615384615 0.014423076923076924 0.036057692307692304
0 0.625 0.13221153846153846 0.019230769230769232 0.03365384615384615
0 0.5048076923076923 0.28365384615384615 0.028846153846153848 0.057692307692307696
0 0.5697115384615384 0.296875 0.028846153846153848 0.06971153846153846
0 0.5661057692307693 0.25240384615384615 0.021634615384615384 0.04326923076923077
0 0.5949519230769231 0.25841346153846156 0.028846153846153848 0.06009615384615385
0 0.6274038461538461 0.30528846153846156 0.028846153846153848 0.0673076923076923
0 0.6862980769230769 0.3401442307692308 0.028846153846153848 0.07451923076923077
0 0.671875 0.28125 0.028846153846153848 0.052884615384615384
0 0.6358173076923077 0.20192307692307693 0.02403846153846154 0.04807692307692308
0 0.6634615384615384 0.2247596153846154 0.019230769230769232 0.04807692307692308
0 0.6610576923076923 0.19110576923076922 0.02403846153846154 0.04567307692307692
0 0.6971153846153846 0.1778846153846154 0.02403846153846154 0.038461538461538464
0 0.7055288461538461 0.20552884615384615 0.02403846153846154 0.04567307692307692
0 0.7151442307692307 0.2403846153846154 0.026442307692307692 0.052884615384615384
0 0.7367788461538461 0.18629807692307693 0.019230769230769232 0.038461538461538464
0 0.7175480769230769 0.17307692307692307 0.014423076923076924 0.038461538461538464
0 0.7692307692307693 0.17307692307692307 0.02403846153846154 0.038461538461538464
0 0.7680288461538461 0.14423076923076922 0.019230769230769232 0.03365384615384615
0 0.8125 0.2980769230769231 0.028846153846153848 0.0625
0 0.8112980769230769 0.2620192307692308 0.021634615384615384 0.04326923076923077
0 0.7956730769230769 0.21634615384615385 0.02403846153846154 0.04807692307692308
0 0.8040865384615384 0.1778846153846154 0.016826923076923076 0.04807692307692308
0 0.7932692307692307 0.1778846153846154 0.009615384615384616 0.038461538461538464
0 0.8269230769230769 0.17307692307692307 0.019230769230769232 0.038461538461538464
0 0.84375 0.18870192307692307 0.014423076923076924 0.038461538461538464
0 0.8461538461538461 0.22355769230769232 0.019230769230769232 0.038461538461538464
0 0.8473557692307693 0.3269230769230769 0.03125 0.057692307692307696
0 0.9098557692307693 0.36778846153846156 0.028846153846153848 0.07211538461538461
0 0.8954326923076923 0.45552884615384615 0.03125 0.08653846153846154
0 0.8641826923076923 0.3004807692307692 0.02403846153846154 0.052884615384615384
0 0.8822115384615384 0.22956730769230768 0.02403846153846154 0.057692307692307696
0 0.8677884615384616 0.18509615384615385 0.019230769230769232 0.04326923076923077
0 0.890625 0.1971153846153846 0.019230769230769232 0.052884615384615384
0 0.9254807692307693 0.23557692307692307 0.02403846153846154 0.052884615384615384
0 0.9194711538461539 0.2980769230769231 0.021634615384615384 0.04807692307692308
0 0.9615384615384616 0.140625 0.019230769230769232 0.04567307692307692