0 0.1466346153846154 0.2692307692307692 0.014423076923076924 0.038461538461538464
0 0.21153846153846154 0.453125 0.04326923076923077 0.10096153846153846
0 0.2536057692307692 0.4170673076923077 0.040865384615384616 0.10336538461538461
0 0.5637019230769231 0.052884615384615384 0.016826923076923076 0.03365384615384615
0 0.6225961538461539 0.04807692307692308 0.014423076923076924 0.028846153846153848
0 0.48677884615384615 0.12860576923076922 0.019230769230769232 0.026442307692307692
0 0.5288461538461539 0.13581730769230768 0.019230769230769232 0.03365384615384615
0 0.5564903846153846 0.14903846153846154 0.019230769230769232 0.038461538461538464
0 0.5769230769230769 0.1502403846153846 0.019230769230769232 0.03365384615384615
0 0.8076923076923077 0.12620192307692307 0.009615384615384616 0.026442307692307692
0 0.7055288461538461 0.13822115384615385 0.016826923076923076 0.03125
0 0.6778846153846154 0.15745192307692307 0.019230769230769232 0.03365384615384615
0 0.7379807692307693 0.14783653846153846 0.02403846153846154 0.040865384615384616
0 0.7512019230769231 0.17668269230769232 0.019230769230769232 0.036057692307692304
0 0.7920673076923077 0.18629807692307693 0.016826923076923076 0.038461538461538464
0 0.8677884615384616 0.22716346153846154 0.019230769230769232 0.04326923076923077
0 0.5024038461538461 0.28125 0.02403846153846154 0.0625
0 0.4699519230769231 0.19110576923076922 0.016826923076923076 0.038461538461538464
0 0.4543269230769231 0.19230769230769232 0.02403846153846154 0.04326923076923077
0 0.4639423076923077 0.15745192307692307 0.019230769230769232 0.038461538461538464
0 0.5348557692307693 0.19471153846153846 0.016826923076923076 0.03365384615384615
0 0.41947115384615385 0.22115384615384615 0.019230769230769232 0.028846153846153848
0 0.3485576923076923 0.25721153846153844 0.019230769230769232 0.04326923076923077
0 0.36899038461538464 0.2620192307692308 0.019230769230769232 0.04807692307692308
0 0.4254807692307692 0.28365384615384615 0.019230769230769232 0.04326923076923077
0 0.6502403846153846 0.25240384615384615 0.021634615384615384 0.04807692307692308
0 0.7115384615384616 0.28365384615384615 0.028846153846153848 0.0673076923076923
0 0.7572115384615384 0.296875 0.028846153846153848 0.057692307692307696
0 0.4411057692307692 0.22716346153846154 0.016826923076923076 0.038461538461538464
0 0.515625 0.15745192307692307 0.016826923076923076 0.04326923076923077