0 0.014423076923076924 0.4375 0.028846153846153848 0.09615384615384616
0 0.040865384615384616 0.4074519230769231 0.04326923076923077 0.07451923076923077
0 0.03245192307692308 0.3762019230769231 0.03125 0.05048076923076923
0 0.051682692307692304 0.36778846153846156 0.026442307692307692 0.04807692307692308
0 0.06490384615384616 0.3918269230769231 0.02403846153846154 0.04326923076923077
0 0.11658653846153846 0.39302884615384615 0.026442307692307692 0.04807692307692308
0 0.12620192307692307 0.4098557692307692 0.026442307692307692 0.04326923076923077
0 0.25721153846153844 0.421875 0.04326923076923077 0.055288461538461536
0 0.28846153846153844 0.4074519230769231 0.028846153846153848 0.05048076923076923
0 0.2704326923076923 0.3858173076923077 0.02403846153846154 0.03365384615384615
0 0.33774038461538464 0.43028846153846156 0.040865384615384616 0.0625
0 0.4495192307692308 0.4879807692307692 0.0625 0.10576923076923077
0 0.4230769230769231 0.4098557692307692 0.019230769230769232 0.036057692307692304
0 0.4495192307692308 0.4182692307692308 0.02403846153846154 0.028846153846153848
0 0.4795673076923077 0.4254807692307692 0.026442307692307692 0.04326923076923077
0 0.49278846153846156 0.4014423076923077 0.014423076923076924 0.02403846153846154
0 0.515625 0.43149038461538464 0.028846153846153848 0.05048076923076923
0 0.5108173076923077 0.4014423076923077 0.019230769230769232 0.028846153846153848
0 0.5516826923076923 0.4387019230769231 0.026442307692307692 0.040865384615384616
0 0.5600961538461539 0.41466346153846156 0.014423076923076924 0.03365384615384615
0 0.5973557692307693 0.46033653846153844 0.03365384615384615 0.05048076923076923
0 0.6009615384615384 0.4266826923076923 0.02403846153846154 0.03365384615384615
0 0.6526442307692307 0.4483173076923077 0.02403846153846154 0.04326923076923077
0 0.6899038461538461 0.4807692307692308 0.03365384615384615 0.052884615384615384
0 0.6935096153846154 0.44711538461538464 0.028846153846153848 0.038461538461538464
0 0.7355769230769231 0.4807692307692308 0.038461538461538464 0.057692307692307696
0 0.7463942307692307 0.46153846153846156 0.03125 0.04807692307692308
0 0.8581730769230769 0.5048076923076923 0.052884615384615384 0.07211538461538461
0 0.8473557692307693 0.4735576923076923 0.038461538461538464 0.0625
0 0.9326923076923077 0.4963942307692308 0.038461538461538464 0.0625
0 0.9723557692307693 0.5192307692307693 0.05048076923076923 0.09615384615384616