0 0.2127403846153846 0.2932692307692308 0.08173076923076923 0.20673076923076922
0 0.3425480769230769 0.49399038461538464 0.038461538461538464 0.08173076923076923
0 0.3858173076923077 0.4831730769230769 0.04567307692307692 0.11057692307692307
0 0.41947115384615385 0.5240384615384616 0.04567307692307692 0.11538461538461539
0 0.4723557692307692 0.5637019230769231 0.0673076923076923 0.13701923076923078
0 0.5576923076923077 0.6189903846153846 0.10576923076923077 0.20432692307692307
0 0.5084134615384616 0.4074519230769231 0.03365384615384615 0.08653846153846154
0 0.5444711538461539 0.44591346153846156 0.04326923076923077 0.11298076923076923
0 0.5564903846153846 0.37740384615384615 0.02403846153846154 0.052884615384615384
0 0.5841346153846154 0.390625 0.03365384615384615 0.08173076923076923
0 0.6237980769230769 0.375 0.036057692307692304 0.08173076923076923
0 0.6586538461538461 0.3629807692307692 0.028846153846153848 0.04807692307692308
0 0.7163461538461539 0.32572115384615385 0.02403846153846154 0.06490384615384616
0 0.7451923076923077 0.35096153846153844 0.03365384615384615 0.07692307692307693
0 0.7487980769230769 0.49278846153846156 0.06971153846153846 0.14903846153846154
0 0.7752403846153846 0.4110576923076923 0.05048076923076923 0.09134615384615384
0 0.8413461538461539 0.5060096153846154 0.07692307692307693 0.1778846153846154
0 0.8545673076923077 0.3918269230769231 0.057692307692307696 0.11057692307692307
0 0.8293269230769231 0.3329326923076923 0.03365384615384615 0.08653846153846154
0 0.8461538461538461 0.3016826923076923 0.03365384615384615 0.0673076923076923
0 0.9194711538461539 0.32211538461538464 0.036057692307692304 0.07692307692307693
0 0.9639423076923077 0.390625 0.0625 0.14903846153846154
0 0.9639423076923077 0.2932692307692308 0.03365384615384615 0.07692307692307693
0 0.9459134615384616 0.6189903846153846 0.09615384615384616 0.21153846153846154