0 0.0673076923076923 0.11778846153846154 0.028846153846153848 0.052884615384615384
0 0.1045673076923077 0.13942307692307693 0.04326923076923077 0.0673076923076923
0 0.15504807692307693 0.16706730769230768 0.06971153846153846 0.09134615384615384
0 0.26802884615384615 0.12980769230769232 0.036057692307692304 0.0673076923076923
0 0.28365384615384615 0.11177884615384616 0.028846153846153848 0.055288461538461536
0 0.34134615384615385 0.14182692307692307 0.04807692307692308 0.07692307692307693
0 0.3737980769230769 0.12139423076923077 0.036057692307692304 0.055288461538461536
0 0.4362980769230769 0.1045673076923077 0.021634615384615384 0.036057692307692304
0 0.4675480769230769 0.11778846153846154 0.021634615384615384 0.03365384615384615
0 0.4891826923076923 0.13701923076923078 0.038461538461538464 0.057692307692307696
0 0.5264423076923077 0.10817307692307693 0.02403846153846154 0.04326923076923077
0 0.5576923076923077 0.11899038461538461 0.028846153846153848 0.04567307692307692
0 0.5865384615384616 0.11177884615384616 0.019230769230769232 0.036057692307692304
0 0.6310096153846154 0.11899038461538461 0.026442307692307692 0.04807692307692308
0 0.671875 0.11778846153846154 0.026442307692307692 0.038461538461538464
0 0.7163461538461539 0.11899038461538461 0.019230769230769232 0.028846153846153848
0 0.7487980769230769 0.11177884615384616 0.02403846153846154 0.03365384615384615
0 0.53125 0.29447115384615385 0.12980769230769232 0.24759615384615385
0 0.7355769230769231 0.20432692307692307 0.07692307692307693 0.14423076923076922
0 0.8161057692307693 0.19471153846153846 0.055288461538461536 0.10096153846153846
0 0.8617788461538461 0.15384615384615385 0.04326923076923077 0.07692307692307693
0 0.9110576923076923 0.14903846153846154 0.03365384615384615 0.0625
0 0.9387019230769231 0.13341346153846154 0.026442307692307692 0.052884615384615384
0 0.9603365384615384 0.13701923076923078 0.02403846153846154 0.04326923076923077