0 0.08173076923076923 0.3317307692307692 0.019230769230769232 0.038461538461538464
0 0.12860576923076922 0.30288461538461536 0.021634615384615384 0.04807692307692308
0 0.18990384615384615 0.4951923076923077 0.04326923076923077 0.09615384615384616
0 0.21875 0.2764423076923077 0.03365384615384615 0.057692307692307696
0 0.296875 0.2764423076923077 0.026442307692307692 0.057692307692307696
0 0.3329326923076923 0.2644230769230769 0.021634615384615384 0.04326923076923077
0 0.3701923076923077 0.2644230769230769 0.028846153846153848 0.052884615384615384
0 0.4326923076923077 0.21875 0.019230769230769232 0.038461538461538464
0 0.453125 0.23076923076923078 0.019230769230769232 0.04326923076923077
0 0.4326923076923077 0.27403846153846156 0.028846153846153848 0.04807692307692308
0 0.49158653846153844 0.3173076923076923 0.03125 0.057692307692307696
0 0.5492788461538461 0.3605769230769231 0.028846153846153848 0.057692307692307696
0 0.7199519230769231 0.14423076923076922 0.016826923076923076 0.03365384615384615
0 0.7536057692307693 0.14783653846153846 0.019230769230769232 0.03365384615384615
0 0.8894230769230769 0.21875 0.019230769230769232 0.052884615384615384