0 0.09375 0.5216346153846154 0.057692307692307696 0.09134615384615384
0 0.016826923076923076 0.5793269230769231 0.03365384615384615 0.09134615384615384
0 0.026442307692307692 0.5408653846153846 0.04326923076923077 0.09134615384615384
0 0.054086538461538464 0.7536057692307693 0.10817307692307693 0.17307692307692307
0 0.25600961538461536 0.3088942307692308 0.07211538461538461 0.14423076923076922
0 0.3786057692307692 0.4170673076923077 0.04326923076923077 0.0625
0 0.36658653846153844 0.38100961538461536 0.04807692307692308 0.0673076923076923
0 0.4483173076923077 0.15504807692307693 0.03365384615384615 0.07451923076923077
0 0.47716346153846156 0.2283653846153846 0.028846153846153848 0.0625
0 0.49759615384615385 0.21514423076923078 0.03365384615384615 0.06009615384615385
0 0.5336538461538461 0.2091346153846154 0.03365384615384615 0.0625
0 0.5637019230769231 0.23197115384615385 0.028846153846153848 0.055288461538461536
0 0.5625 0.19591346153846154 0.028846153846153848 0.052884615384615384
0 0.5853365384615384 0.21153846153846154 0.02403846153846154 0.04807692307692308
0 0.6213942307692307 0.23317307692307693 0.04326923076923077 0.0625
0 0.6177884615384616 0.203125 0.028846153846153848 0.038461538461538464
0 0.6177884615384616 0.17427884615384615 0.028846153846153848 0.036057692307692304
0 0.6598557692307693 0.17548076923076922 0.03125 0.04807692307692308
0 0.6850961538461539 0.21153846153846154 0.03365384615384615 0.052884615384615384
0 0.6682692307692307 0.21875 0.028846153846153848 0.052884615384615384
0 0.45552884615384615 0.3737980769230769 0.040865384615384616 0.0673076923076923
0 0.1310096153846154 0.9038461538461539 0.10336538461538461 0.1778846153846154
0 0.2608173076923077 0.9098557692307693 0.12740384615384615 0.17307692307692307
0 0.4050480769230769 0.8689903846153846 0.13942307692307693 0.24759615384615385
0 0.4723557692307692 0.9278846153846154 0.13942307692307693 0.1346153846153846
0 0.6430288461538461 0.8521634615384616 0.13942307692307693 0.19951923076923078
0 0.7620192307692307 0.9254807692307693 0.14903846153846154 0.13942307692307693
0 0.9278846153846154 0.8966346153846154 0.13942307692307693 0.1875
0 0.8461538461538461 0.8425480769230769 0.10576923076923077 0.15865384615384615
0 0.7824519230769231 0.7872596153846154 0.1201923076923077 0.20432692307692307
0 0.9423076923076923 0.7331730769230769 0.10096153846153846 0.16826923076923078
0 0.8461538461538461 0.5865384615384616 0.07211538461538461 0.09134615384615384
0 0.8930288461538461 0.5384615384615384 0.06009615384615385 0.10576923076923077
0 0.8317307692307693 0.5072115384615384 0.052884615384615384 0.08173076923076923
0 0.8221153846153846 0.44591346153846156 0.057692307692307696 0.08413461538461539
0 0.7896634615384616 0.4699519230769231 0.04326923076923077 0.08173076923076923
0 0.8040865384615384 0.4170673076923077 0.04326923076923077 0.055288461538461536
0 0.8064903846153846 0.37740384615384615 0.04326923076923077 0.0625
0 0.7379807692307693 0.4170673076923077 0.04326923076923077 0.07211538461538461
0 0.7079326923076923 0.3245192307692308 0.040865384615384616 0.052884615384615384
0 0.7463942307692307 0.34975961538461536 0.04807692307692308 0.0625
0 0.7884615384615384 0.3088942307692308 0.04807692307692308 0.055288461538461536
0 0.8028846153846154 0.35336538461538464 0.038461538461538464 0.052884615384615384
0 0.7475961538461539 0.21514423076923078 0.03365384615384615 0.06009615384615385
0 0.7151442307692307 0.1778846153846154 0.026442307692307692 0.04807692307692308
0 0.6742788461538461 0.46875 0.052884615384615384 0.09134615384615384
0 0.6213942307692307 0.49399038461538464 0.057692307692307696 0.09375
0 0.6358173076923077 0.5829326923076923 0.08413461538461539 0.10096153846153846
0 0.5925480769230769 0.4723557692307692 0.04326923076923077 0.08653846153846154
0 0.5637019230769231 0.43149038461538464 0.04326923076923077 0.07932692307692307
0 0.6033653846153846 0.421875 0.04326923076923077 0.0673076923076923
0 0.6045673076923077 0.3605769230769231 0.038461538461538464 0.07692307692307693
0 0.5612980769230769 0.3894230769230769 0.038461538461538464 0.057692307692307696
0 0.5600961538461539 0.34615384615384615 0.03365384615384615 0.057692307692307696
0 0.4963942307692308 0.3605769230769231 0.038461538461538464 0.0625
0 0.5180288461538461 0.34975961538461536 0.038461538461538464 0.07211538461538461
0 0.6694711538461539 0.36538461538461536 0.040865384615384616 0.07211538461538461
0 0.6021634615384616 0.3112980769230769 0.02403846153846154 0.04567307692307692
0 0.8653846153846154 0.3293269230769231 0.04326923076923077 0.07211538461538461
0 0.8918269230769231 0.4182692307692308 0.04807692307692308 0.09615384615384616
0 0.9158653846153846 0.3870192307692308 0.038461538461538464 0.07211538461538461
0 0.9711538461538461 0.24759615384615385 0.03365384615384615 0.0625
0 0.9747596153846154 0.20192307692307693 0.036057692307692304 0.0625
0 0.9507211538461539 0.16346153846153846 0.02403846153846154 0.04807692307692308
0 0.9302884615384616 0.16105769230769232 0.03365384615384615 0.052884615384615384
0 0.9182692307692307 0.2127403846153846 0.04326923076923077 0.0625
0 0.8509615384615384 0.23197115384615385 0.04326923076923077 0.0625
0 0.8197115384615384 0.21153846153846154 0.02403846153846154 0.04807692307692308
0 0.7992788461538461 0.25600961538461536 0.03365384615384615 0.0673076923076923
0 0.7740384615384616 0.19110576923076922 0.03365384615384615 0.0625
0 0.7355769230769231 0.16105769230769232 0.028846153846153848 0.052884615384615384
0 0.8004807692307693 0.14783653846153846 0.03365384615384615 0.06009615384615385
0 0.8233173076923077 0.171875 0.028846153846153848 0.04807692307692308
0 0.8581730769230769 0.17908653846153846 0.028846153846153848 0.040865384615384616
0 0.8774038461538461 0.16346153846153846 0.02403846153846154 0.04807692307692308
0 0.9783653846153846 0.13701923076923078 0.028846153846153848 0.0625