0 0.2776442307692308 0.6105769230769231 0.06490384615384616 0.10096153846153846
0 0.1935096153846154 0.5829326923076923 0.06009615384615385 0.10336538461538461
0 0.07692307692307693 0.5649038461538461 0.04807692307692308 0.09134615384615384
0 0.0625 0.4723557692307692 0.02403846153846154 0.04326923076923077
0 0.12379807692307693 0.44591346153846156 0.019230769230769232 0.02403846153846154
0 0.13701923076923078 0.4723557692307692 0.02403846153846154 0.03365384615384615
0 0.14543269230769232 0.4543269230769231 0.016826923076923076 0.03365384615384615
0 0.17548076923076922 0.4543269230769231 0.019230769230769232 0.03365384615384615
0 0.18629807692307693 0.45072115384615385 0.01201923076923077 0.02403846153846154
0 0.20552884615384615 0.46875 0.02403846153846154 0.038461538461538464
0 0.2127403846153846 0.453125 0.016826923076923076 0.026442307692307692
0 0.22596153846153846 0.4579326923076923 0.019230769230769232 0.03125
0 0.23197115384615385 0.47716346153846156 0.026442307692307692 0.04567307692307692
0 0.22956730769230768 0.44350961538461536 0.01201923076923077 0.02403846153846154
0 0.24639423076923078 0.45913461538461536 0.019230769230769232 0.03365384615384615
0 0.28725961538461536 0.47596153846153844 0.019230769230769232 0.038461538461538464
0 0.2848557692307692 0.45072115384615385 0.014423076923076924 0.021634615384615384
0 0.3004807692307692 0.4543269230769231 0.014423076923076924 0.02403846153846154
0 0.32572115384615385 0.4579326923076923 0.019230769230769232 0.03125
0 0.3605769230769231 0.5264423076923077 0.038461538461538464 0.0625
0 0.3786057692307692 0.4795673076923077 0.014423076923076924 0.028846153846153848
0 0.39302884615384615 0.4735576923076923 0.02403846153846154 0.038461538461538464
0 0.36538461538461536 0.47115384615384615 0.019230769230769232 0.028846153846153848
0 0.35697115384615385 0.46274038461538464 0.014423076923076924 0.02403846153846154
0 0.35336538461538464 0.4495192307692308 0.014423076923076924 0.02403846153846154
0 0.3293269230769231 0.4483173076923077 0.014423076923076924 0.019230769230769232
0 0.39903846153846156 0.453125 0.009615384615384616 0.021634615384615384
0 0.4050480769230769 0.45913461538461536 0.009615384615384616 0.02403846153846154
0 0.4170673076923077 0.47115384615384615 0.019230769230769232 0.028846153846153848
0 0.44471153846153844 0.47475961538461536 0.02403846153846154 0.03365384615384615
0 0.4579326923076923 0.4651442307692308 0.014423076923076924 0.026442307692307692
0 0.4483173076923077 0.4567307692307692 0.01201923076923077 0.019230769230769232
0 0.45552884615384615 0.4495192307692308 0.014423076923076924 0.02403846153846154
0 0.47716346153846156 0.47475961538461536 0.021634615384615384 0.036057692307692304
0 0.4735576923076923 0.4567307692307692 0.014423076923076924 0.02403846153846154
0 0.484375 0.4567307692307692 0.009615384615384616 0.019230769230769232
0 0.49278846153846156 0.46274038461538464 0.009615384615384616 0.019230769230769232
0 0.49158653846153844 0.4483173076923077 0.01201923076923077 0.019230769230769232
0 0.5048076923076923 0.4543269230769231 0.009615384615384616 0.019230769230769232
0 0.5144230769230769 0.4639423076923077 0.009615384615384616 0.02403846153846154
0 0.4831730769230769 0.5492788461538461 0.04326923076923077 0.08653846153846154
0 0.5877403846153846 0.6935096153846154 0.07932692307692307 0.12259615384615384
0 0.5540865384615384 0.5204326923076923 0.028846153846153848 0.04807692307692308
0 0.546875 0.4951923076923077 0.019230769230769232 0.028846153846153848
0 0.5444711538461539 0.4639423076923077 0.016826923076923076 0.02403846153846154
0 0.5288461538461539 0.4567307692307692 0.009615384615384616 0.019230769230769232
0 0.5516826923076923 0.4543269230769231 0.007211538461538462 0.014423076923076924
0 0.5588942307692307 0.45913461538461536 0.01201923076923077 0.02403846153846154
0 0.5685096153846154 0.4543269230769231 0.007211538461538462 0.014423076923076924
0 0.5793269230769231 0.4543269230769231 0.014423076923076924 0.02403846153846154
0 0.5841346153846154 0.4699519230769231 0.014423076923076924 0.028846153846153848
0 0.6213942307692307 0.5408653846153846 0.03365384615384615 0.04326923076923077
0 0.6622596153846154 0.5108173076923077 0.03125 0.04807692307692308
0 0.7331730769230769 0.5456730769230769 0.03365384615384615 0.052884615384615384
0 0.8401442307692307 0.5961538461538461 0.055288461538461536 0.07692307692307693
0 0.8245192307692307 0.5168269230769231 0.028846153846153848 0.04326923076923077
0 0.8810096153846154 0.5504807692307693 0.03365384615384615 0.04326923076923077
0 0.90625 0.53125 0.03365384615384615 0.04807692307692308
0 0.9399038461538461 0.4831730769230769 0.009615384615384616 0.02403846153846154
0 0.9278846153846154 0.4855769230769231 0.009615384615384616 0.02403846153846154
0 0.9122596153846154 0.484375 0.01201923076923077 0.021634615384615384
0 0.8966346153846154 0.48677884615384615 0.014423076923076924 0.021634615384615384
0 0.9026442307692307 0.47716346153846156 0.01201923076923077 0.016826923076923076
0 0.8810096153846154 0.48197115384615385 0.01201923076923077 0.019230769230769232
0 0.8689903846153846 0.4735576923076923 0.01201923076923077 0.014423076923076924
0 0.8629807692307693 0.4807692307692308 0.009615384615384616 0.019230769230769232
0 0.8545673076923077 0.4891826923076923 0.014423076923076924 0.026442307692307692
0 0.8425480769230769 0.47475961538461536 0.01201923076923077 0.019230769230769232
0 0.8293269230769231 0.4795673076923077 0.014423076923076924 0.02403846153846154
0 0.8137019230769231 0.4723557692307692 0.01201923076923077 0.021634615384615384
0 0.8004807692307693 0.47596153846153844 0.014423076923076924 0.02403846153846154
0 0.7920673076923077 0.47596153846153844 0.014423076923076924 0.028846153846153848
0 0.7836538461538461 0.47716346153846156 0.009615384615384616 0.019230769230769232
0 0.7620192307692307 0.47836538461538464 0.014423076923076924 0.02403846153846154
0 0.6971153846153846 0.4639423076923077 0.009615384615384616 0.02403846153846154
0 0.6069711538461539 0.4579326923076923 0.009615384615384616 0.014423076923076924
0 0.6274038461538461 0.46274038461538464 0.014423076923076924 0.016826923076923076
0 0.6394230769230769 0.46274038461538464 0.009615384615384616 0.021634615384615384
0 0.6490384615384616 0.46634615384615385 0.009615384615384616 0.019230769230769232
0 0.6622596153846154 0.46274038461538464 0.01201923076923077 0.019230769230769232
0 0.6862980769230769 0.46153846153846156 0.01201923076923077 0.019230769230769232