0 0.14302884615384615 0.6117788461538461 0.14903846153846154 0.2548076923076923
0 0.10576923076923077 0.5096153846153846 0.15384615384615385 0.2403846153846154
0 0.04326923076923077 0.41225961538461536 0.08653846153846154 0.1466346153846154
0 0.33413461538461536 0.16706730769230768 0.09134615384615384 0.16826923076923078
0 0.35216346153846156 0.30288461538461536 0.06971153846153846 0.1346153846153846
0 0.3762019230769231 0.5925480769230769 0.17548076923076922 0.27163461538461536
0 0.4639423076923077 0.27283653846153844 0.07211538461538461 0.0985576923076923
0 0.5504807692307693 0.29447115384615385 0.07692307692307693 0.13221153846153846
0 0.6358173076923077 0.33653846153846156 0.07451923076923077 0.1346153846153846
0 0.5973557692307693 0.08052884615384616 0.04326923076923077 0.07451923076923077
0 0.7548076923076923 0.31850961538461536 0.08653846153846154 0.16826923076923078
0 0.8762019230769231 0.40024038461538464 0.08653846153846154 0.17067307692307693
0 0.9483173076923077 0.5228365384615384 0.10096153846153846 0.25721153846153844