0 0.11177884615384616 0.4338942307692308 0.052884615384615384 0.06971153846153846
0 0.22956730769230768 0.5216346153846154 0.052884615384615384 0.07211538461538461
0 0.3449519230769231 0.4855769230769231 0.05048076923076923 0.07692307692307693
0 0.4338942307692308 0.5060096153846154 0.0625 0.10096153846153846
0 0.5060096153846154 0.5300480769230769 0.06490384615384616 0.09134615384615384
0 0.46033653846153844 0.49278846153846156 0.040865384615384616 0.07211538461538461
0 0.5276442307692307 0.484375 0.04807692307692308 0.06009615384615385
0 0.6141826923076923 0.5096153846153846 0.04567307692307692 0.057692307692307696
0 0.6923076923076923 0.5048076923076923 0.08653846153846154 0.14423076923076922
0 0.6502403846153846 0.4807692307692308 0.03125 0.04807692307692308
0 0.7920673076923077 0.5120192307692307 0.07932692307692307 0.11057692307692307
0 0.8557692307692307 0.5396634615384616 0.0673076923076923 0.11057692307692307
0 0.8569711538461539 0.4807692307692308 0.05048076923076923 0.08653846153846154
0 0.9411057692307693 0.49278846153846156 0.0673076923076923 0.10096153846153846
0 0.9795673076923077 0.47836538461538464 0.038461538461538464 0.07211538461538461