0 0.11538461538461539 0.5276442307692307 0.04807692307692308 0.10576923076923077
0 0.2608173076923077 0.24759615384615385 0.016826923076923076 0.03365384615384615
0 0.27403846153846156 0.2512019230769231 0.014423076923076924 0.036057692307692304
0 0.29927884615384615 0.23798076923076922 0.019230769230769232 0.04326923076923077
0 0.33533653846153844 0.21754807692307693 0.019230769230769232 0.04326923076923077
0 0.32091346153846156 0.20673076923076922 0.014423076923076924 0.04326923076923077
0 0.359375 0.22115384615384615 0.016826923076923076 0.038461538461538464
0 0.3713942307692308 0.26802884615384615 0.019230769230769232 0.04326923076923077
0 0.4423076923076923 0.3016826923076923 0.02403846153846154 0.04567307692307692
0 0.4831730769230769 0.23557692307692307 0.02403846153846154 0.04807692307692308
0 0.4338942307692308 0.19831730769230768 0.021634615384615384 0.036057692307692304
0 0.4170673076923077 0.17307692307692307 0.014423076923076924 0.038461538461538464
0 0.3762019230769231 0.18990384615384615 0.016826923076923076 0.03365384615384615
0 0.4014423076923077 0.2439903846153846 0.02403846153846154 0.036057692307692304
0 0.48197115384615385 0.16947115384615385 0.016826923076923076 0.03125
0 0.46634615384615385 0.15865384615384615 0.014423076923076924 0.028846153846153848
0 0.5012019230769231 0.15144230769230768 0.01201923076923077 0.028846153846153848
0 0.5336538461538461 0.15264423076923078 0.009615384615384616 0.036057692307692304
0 0.5288461538461539 0.22235576923076922 0.019230769230769232 0.040865384615384616
0 0.5841346153846154 0.1935096153846154 0.014423076923076924 0.03125
0 0.5625 0.15865384615384615 0.019230769230769232 0.028846153846153848
0 0.5588942307692307 0.13221153846153846 0.014423076923076924 0.03365384615384615
0 0.5829326923076923 0.13341346153846154 0.014423076923076924 0.036057692307692304
0 0.5997596153846154 0.12860576923076922 0.016826923076923076 0.03125
0 0.6129807692307693 0.17307692307692307 0.014423076923076924 0.028846153846153848
0 0.6225961538461539 0.19110576923076922 0.014423076923076924 0.03125
0 0.6237980769230769 0.15144230769230768 0.016826923076923076 0.028846153846153848
0 0.6346153846153846 0.12139423076923077 0.009615384615384616 0.036057692307692304
0 0.6526442307692307 0.1346153846153846 0.014423076923076924 0.038461538461538464
0 0.6574519230769231 0.18509615384615385 0.016826923076923076 0.03365384615384615
0 0.6959134615384616 0.1346153846153846 0.01201923076923077 0.028846153846153848
0 0.6862980769230769 0.15384615384615385 0.01201923076923077 0.038461538461538464
0 0.71875 0.14903846153846154 0.014423076923076924 0.028846153846153848
0 0.6598557692307693 0.2403846153846154 0.021634615384615384 0.04807692307692308
0 0.6189903846153846 0.2848557692307692 0.021634615384615384 0.05048076923076923
0 0.5600961538461539 0.32572115384615385 0.02403846153846154 0.05048076923076923
0 0.6069711538461539 0.3629807692307692 0.021634615384615384 0.0625
0 0.6622596153846154 0.38822115384615385 0.028846153846153848 0.052884615384615384
0 0.7331730769230769 0.38100961538461536 0.02403846153846154 0.0673076923076923
0 0.7103365384615384 0.27403846153846156 0.021634615384615384 0.04807692307692308
0 0.7151442307692307 0.20673076923076922 0.014423076923076924 0.038461538461538464
0 0.7487980769230769 0.22355769230769232 0.01201923076923077 0.03365384615384615
0 0.7680288461538461 0.2704326923076923 0.014423076923076924 0.038461538461538464
0 0.7992788461538461 0.25 0.016826923076923076 0.03365384615384615
0 0.7584134615384616 0.1875 0.014423076923076924 0.028846153846153848
0 0.7427884615384616 0.19831730769230768 0.014423076923076924 0.036057692307692304
0 0.7836538461538461 0.21033653846153846 0.014423076923076924 0.036057692307692304
0 0.7848557692307693 0.16826923076923078 0.014423076923076924 0.03365384615384615
0 0.8125 0.18870192307692307 0.014423076923076924 0.036057692307692304
0 0.8341346153846154 0.20673076923076922 0.014423076923076924 0.038461538461538464
0 0.8197115384615384 0.2860576923076923 0.019230769230769232 0.0625
0 0.8161057692307693 0.23197115384615385 0.01201923076923077 0.04326923076923077
0 0.7908653846153846 0.421875 0.02403846153846154 0.06971153846153846
0 0.8762019230769231 0.47716346153846156 0.03365384615384615 0.08173076923076923
0 0.8870192307692307 0.40024038461538464 0.019230769230769232 0.06971153846153846
0 0.9567307692307693 0.42788461538461536 0.02403846153846154 0.0625
0 0.921875 0.30408653846153844 0.016826923076923076 0.04567307692307692
0 0.890625 0.27524038461538464 0.016826923076923076 0.04326923076923077
0 0.8581730769230769 0.34134615384615385 0.019230769230769232 0.04326923076923077
0 0.8689903846153846 0.22956730769230768 0.01201923076923077 0.03125
0 0.8834134615384616 0.22235576923076922 0.01201923076923077 0.03365384615384615
0 0.9002403846153846 0.23798076923076922 0.01201923076923077 0.03365384615384615
0 0.9074519230769231 0.21995192307692307 0.016826923076923076 0.036057692307692304
0 0.9387019230769231 0.25841346153846156 0.01201923076923077 0.040865384615384616
0 0.9519230769230769 0.23317307692307693 0.009615384615384616 0.03365384615384615
0 0.9807692307692307 0.2512019230769231 0.009615384615384616 0.026442307692307692
0 0.9783653846153846 0.2824519230769231 0.014423076923076924 0.028846153846153848
0 0.9759615384615384 0.3161057692307692 0.009615384615384616 0.036057692307692304
0 0.9795673076923077 0.35216346153846156 0.019230769230769232 0.052884615384615384
0 0.953125 0.36778846153846156 0.021634615384615384 0.057692307692307696