0 0.20072115384615385 0.4567307692307692 0.052884615384615384 0.09615384615384616
0 0.25841346153846156 0.42427884615384615 0.04807692307692308 0.10576923076923077
0 0.23677884615384615 0.23677884615384615 0.02403846153846154 0.04807692307692308
0 0.3545673076923077 0.2668269230769231 0.019230769230769232 0.04326923076923077
0 0.3737980769230769 0.25841346153846156 0.021634615384615384 0.040865384615384616
0 0.4254807692307692 0.22716346153846154 0.02403846153846154 0.038461538461538464
0 0.4483173076923077 0.22716346153846154 0.021634615384615384 0.040865384615384616
0 0.43990384615384615 0.28365384615384615 0.02403846153846154 0.04807692307692308
0 0.5 0.29086538461538464 0.038461538461538464 0.0625
0 0.45913461538461536 0.18509615384615385 0.019230769230769232 0.03365384615384615
0 0.48197115384615385 0.19110576923076922 0.019230769230769232 0.040865384615384616
0 0.46634615384615385 0.15384615384615385 0.009615384615384616 0.028846153846153848
0 0.47596153846153844 0.1466346153846154 0.014423076923076924 0.028846153846153848
0 0.484375 0.15985576923076922 0.016826923076923076 0.026442307692307692
0 0.49278846153846156 0.12620192307692307 0.014423076923076924 0.03125
0 0.5132211538461539 0.06971153846153846 0.009615384615384616 0.02403846153846154
0 0.5276442307692307 0.1622596153846154 0.019230769230769232 0.038461538461538464
0 0.5396634615384616 0.13942307692307693 0.016826923076923076 0.03365384615384615
0 0.5673076923076923 0.1502403846153846 0.019230769230769232 0.036057692307692304
0 0.5456730769230769 0.19230769230769232 0.02403846153846154 0.038461538461538464
0 0.5949519230769231 0.14903846153846154 0.016826923076923076 0.038461538461538464
0 0.6706730769230769 0.24158653846153846 0.028846153846153848 0.057692307692307696
0 0.7259615384615384 0.28365384615384615 0.028846153846153848 0.057692307692307696
0 0.7740384615384616 0.29086538461538464 0.03365384615384615 0.052884615384615384
0 0.6923076923076923 0.16346153846153846 0.019230769230769232 0.038461538461538464
0 0.7271634615384616 0.14903846153846154 0.019230769230769232 0.038461538461538464
0 0.7572115384615384 0.05889423076923077 0.014423076923076924 0.036057692307692304
0 0.7475961538461539 0.15865384615384615 0.014423076923076924 0.03365384615384615
0 0.7584134615384616 0.14182692307692307 0.019230769230769232 0.03365384615384615
0 0.7704326923076923 0.171875 0.016826923076923076 0.04326923076923077
0 0.8125 0.1875 0.019230769230769232 0.038461538461538464
0 0.8269230769230769 0.12379807692307693 0.019230769230769232 0.036057692307692304
0 0.9146634615384616 0.08052884615384616 0.019230769230769232 0.038461538461538464
0 0.8882211538461539 0.2247596153846154 0.021634615384615384 0.04807692307692308