0 0.9411057692307693 0.23557692307692307 0.019230769230769232 0.038461538461538464
0 0.7355769230769231 0.22355769230769232 0.019230769230769232 0.04807692307692308
0 0.6742788461538461 0.16706730769230768 0.016826923076923076 0.04326923076923077
0 0.6742788461538461 0.21754807692307693 0.019230769230769232 0.04807692307692308
0 0.6298076923076923 0.21394230769230768 0.019230769230769232 0.04326923076923077
0 0.6286057692307693 0.25961538461538464 0.019230769230769232 0.038461538461538464
0 0.6742788461538461 0.28846153846153844 0.021634615384615384 0.04807692307692308
0 0.6370192307692307 0.31009615384615385 0.02403846153846154 0.0625
0 0.6370192307692307 0.11658653846153846 0.014423076923076924 0.03125
0 0.5865384615384616 0.055288461538461536 0.009615384615384616 0.02403846153846154
0 0.5516826923076923 0.1658653846153846 0.014423076923076924 0.03365384615384615
0 0.5432692307692307 0.17908653846153846 0.019230769230769232 0.038461538461538464
0 0.4699519230769231 0.13341346153846154 0.01201923076923077 0.028846153846153848
0 0.4855769230769231 0.16947115384615385 0.014423076923076924 0.03125
0 0.40865384615384615 0.20552884615384615 0.019230769230769232 0.036057692307692304
0 0.4519230769230769 0.21754807692307693 0.019230769230769232 0.03125
0 0.46153846153846156 0.18389423076923078 0.019230769230769232 0.03125
0 0.3269230769230769 0.21514423076923078 0.019230769230769232 0.038461538461538464