0 0.10697115384615384 0.5168269230769231 0.05048076923076923 0.09134615384615384
0 0.23197115384615385 0.34615384615384615 0.021634615384615384 0.028846153846153848
0 0.2932692307692308 0.34375 0.019230769230769232 0.04326923076923077
0 0.2980769230769231 0.36778846153846156 0.019230769230769232 0.04326923076923077
0 0.33533653846153844 0.35216346153846156 0.021634615384615384 0.04567307692307692
0 0.28966346153846156 0.30408653846153844 0.016826923076923076 0.03125
0 0.3581730769230769 0.3293269230769231 0.014423076923076924 0.03365384615384615
0 0.3605769230769231 0.2932692307692308 0.019230769230769232 0.038461538461538464
0 0.38221153846153844 0.33413461538461536 0.019230769230769232 0.038461538461538464
0 0.41586538461538464 0.33533653846153844 0.02403846153846154 0.036057692307692304
0 0.39663461538461536 0.2536057692307692 0.014423076923076924 0.03365384615384615
0 0.4206730769230769 0.25961538461538464 0.014423076923076924 0.028846153846153848
0 0.40865384615384615 0.30528846153846156 0.019230769230769232 0.03365384615384615
0 0.4387019230769231 0.30528846153846156 0.021634615384615384 0.038461538461538464
0 0.4495192307692308 0.33774038461538464 0.02403846153846154 0.038461538461538464
0 0.46875 0.30528846153846156 0.019230769230769232 0.03365384615384615
0 0.44591346153846156 0.26802884615384615 0.016826923076923076 0.03365384615384615
0 0.45552884615384615 0.25240384615384615 0.014423076923076924 0.028846153846153848
0 0.46875 0.26802884615384615 0.014423076923076924 0.03125
0 0.46634615384615385 0.23557692307692307 0.009615384615384616 0.019230769230769232
0 0.4951923076923077 0.2620192307692308 0.019230769230769232 0.028846153846153848
0 0.5372596153846154 0.2512019230769231 0.016826923076923076 0.036057692307692304
0 0.5144230769230769 0.25 0.009615384615384616 0.028846153846153848
0 0.5180288461538461 0.25721153846153844 0.016826923076923076 0.028846153846153848
0 0.5096153846153846 0.3137019230769231 0.019230769230769232 0.04567307692307692
0 0.5168269230769231 0.2932692307692308 0.014423076923076924 0.03365384615384615
0 0.5516826923076923 0.2848557692307692 0.019230769230769232 0.038461538461538464
0 0.5480769230769231 0.22716346153846154 0.019230769230769232 0.028846153846153848
0 0.5649038461538461 0.265625 0.019230769230769232 0.040865384615384616
0 0.5733173076923077 0.24278846153846154 0.01201923076923077 0.028846153846153848
0 0.5709134615384616 0.22115384615384615 0.01201923076923077 0.028846153846153848
0 0.5949519230769231 0.24879807692307693 0.01201923076923077 0.026442307692307692
0 0.5997596153846154 0.22596153846153846 0.01201923076923077 0.02403846153846154
0 0.609375 0.20673076923076922 0.01201923076923077 0.028846153846153848
0 0.6237980769230769 0.21153846153846154 0.014423076923076924 0.028846153846153848
0 0.6310096153846154 0.22596153846153846 0.01201923076923077 0.03365384615384615
0 0.6382211538461539 0.2439903846153846 0.019230769230769232 0.028846153846153848
0 0.6586538461538461 0.21754807692307693 0.014423076923076924 0.02403846153846154
0 0.6682692307692307 0.22956730769230768 0.009615384615384616 0.03365384615384615
0 0.6790865384615384 0.22956730769230768 0.01201923076923077 0.026442307692307692
0 0.671875 0.265625 0.016826923076923076 0.03365384615384615
0 0.6298076923076923 0.28966346153846156 0.019230769230769232 0.038461538461538464
0 0.6466346153846154 0.3293269230769231 0.02403846153846154 0.038461538461538464
0 0.59375 0.32091346153846156 0.02403846153846154 0.040865384615384616
0 0.6045673076923077 0.3713942307692308 0.026442307692307692 0.04326923076923077
0 0.6454326923076923 0.3870192307692308 0.03125 0.057692307692307696
0 0.7019230769230769 0.25841346153846156 0.014423076923076924 0.03365384615384615
0 0.7271634615384616 0.2608173076923077 0.01201923076923077 0.038461538461538464
0 0.7355769230769231 0.24759615384615385 0.009615384615384616 0.03365384615384615
0 0.7439903846153846 0.2283653846153846 0.01201923076923077 0.03365384615384615
0 0.7728365384615384 0.24278846153846154 0.01201923076923077 0.03365384615384615
0 0.765625 0.265625 0.014423076923076924 0.03365384615384615
0 0.7608173076923077 0.2860576923076923 0.016826923076923076 0.03365384615384615
0 0.71875 0.28725961538461536 0.014423076923076924 0.036057692307692304
0 0.8016826923076923 0.24639423076923078 0.014423076923076924 0.03125
0 0.8293269230769231 0.2644230769230769 0.014423076923076924 0.028846153846153848
0 0.8497596153846154 0.265625 0.01201923076923077 0.036057692307692304
0 0.8641826923076923 0.25961538461538464 0.014423076923076924 0.03365384615384615
0 0.8545673076923077 0.2824519230769231 0.014423076923076924 0.03365384615384615
0 0.8894230769230769 0.2956730769230769 0.014423076923076924 0.038461538461538464
0 0.9206730769230769 0.2776442307692308 0.014423076923076924 0.02403846153846154
0 0.9230769230769231 0.30408653846153844 0.009615384615384616 0.03125
0 0.9278846153846154 0.3293269230769231 0.019230769230769232 0.04326923076923077
0 0.9206730769230769 0.3473557692307692 0.014423076923076924 0.038461538461538464
0 0.8762019230769231 0.31971153846153844 0.016826923076923076 0.03365384615384615
0 0.8389423076923077 0.3076923076923077 0.014423076923076924 0.028846153846153848
0 0.8076923076923077 0.2980769230769231 0.019230769230769232 0.028846153846153848
0 0.8088942307692307 0.27403846153846156 0.016826923076923076 0.03365384615384615
0 0.8100961538461539 0.3317307692307692 0.02403846153846154 0.04807692307692308
0 0.8629807692307693 0.36899038461538464 0.019230769230769232 0.040865384615384616
0 0.8954326923076923 0.390625 0.021634615384615384 0.057692307692307696
0 0.9038461538461539 0.33653846153846156 0.014423076923076924 0.03365384615384615
0 0.8990384615384616 0.46274038461538464 0.028846153846153848 0.07211538461538461
0 0.8521634615384616 0.41586538461538464 0.026442307692307692 0.052884615384615384
0 0.8317307692307693 0.4338942307692308 0.019230769230769232 0.06009615384615385
0 0.7944711538461539 0.375 0.021634615384615384 0.057692307692307696
0 0.6935096153846154 0.3485576923076923 0.021634615384615384 0.04807692307692308
0 0.6778846153846154 0.32211538461538464 0.019230769230769232 0.04807692307692308
0 0.7307692307692307 0.4050480769230769 0.02403846153846154 0.055288461538461536
0 0.7716346153846154 0.4411057692307692 0.02403846153846154 0.057692307692307696
0 0.6682692307692307 0.4362980769230769 0.03365384615384615 0.055288461538461536
0 0.7115384615384616 0.47115384615384615 0.028846153846153848 0.07692307692307693
0 0.8088942307692307 0.49759615384615385 0.028846153846153848 0.0625
0 0.5 0.3762019230769231 0.028846153846153848 0.06009615384615385
0 0.5324519230769231 0.37259615384615385 0.026442307692307692 0.052884615384615384
0 0.5420673076923077 0.4074519230769231 0.028846153846153848 0.06009615384615385
0 0.6105769230769231 0.42427884615384615 0.03365384615384615 0.06490384615384616