0 0.06610576923076923 0.421875 0.0985576923076923 0.18990384615384615
0 0.25721153846153844 0.33533653846153844 0.07211538461538461 0.15865384615384615
0 0.34134615384615385 0.2644230769230769 0.038461538461538464 0.07692307692307693
0 0.36778846153846156 0.25600961538461536 0.03365384615384615 0.07211538461538461
0 0.4110576923076923 0.296875 0.04326923076923077 0.08653846153846154
0 0.4495192307692308 0.2668269230769231 0.038461538461538464 0.08173076923076923
0 0.5048076923076923 0.23798076923076922 0.028846153846153848 0.07211538461538461
0 0.4423076923076923 0.48197115384615385 0.11538461538461539 0.25721153846153844
0 0.6117788461538461 0.3473557692307692 0.06490384615384616 0.13942307692307693
0 0.5817307692307693 0.2548076923076923 0.03365384615384615 0.07211538461538461
0 0.5985576923076923 0.21875 0.028846153846153848 0.0625
0 0.6334134615384616 0.296875 0.040865384615384616 0.10096153846153846
0 0.6490384615384616 0.25841346153846156 0.04326923076923077 0.07932692307692307
0 0.6706730769230769 0.234375 0.028846153846153848 0.06490384615384616
0 0.7608173076923077 0.34975961538461536 0.09134615384615384 0.20432692307692307
0 0.7572115384615384 0.21875 0.038461538461538464 0.08173076923076923
0 0.7692307692307693 0.19951923076923078 0.028846153846153848 0.0625
0 0.8052884615384616 0.2512019230769231 0.04326923076923077 0.09375
0 0.8774038461538461 0.2403846153846154 0.0625 0.125
0 0.9375 0.35697115384615385 0.08173076923076923 0.17548076923076922