0 0.1971153846153846 0.5144230769230769 0.04326923076923077 0.07692307692307693
0 0.06971153846153846 0.2800480769230769 0.014423076923076924 0.040865384615384616
0 0.39302884615384615 0.20432692307692307 0.021634615384615384 0.04326923076923077
0 0.40865384615384615 0.15144230769230768 0.019230769230769232 0.03365384615384615
0 0.4182692307692308 0.21394230769230768 0.019230769230769232 0.03365384615384615
0 0.4519230769230769 0.22355769230769232 0.019230769230769232 0.04326923076923077
0 0.4639423076923077 0.1622596153846154 0.014423076923076924 0.03365384615384615
0 0.47596153846153844 0.16466346153846154 0.014423076923076924 0.036057692307692304
0 0.5168269230769231 0.19471153846153846 0.019230769230769232 0.03365384615384615
0 0.5540865384615384 0.18389423076923078 0.021634615384615384 0.036057692307692304
0 0.5793269230769231 0.11899038461538461 0.014423076923076924 0.021634615384615384
0 0.6262019230769231 0.2536057692307692 0.03365384615384615 0.06009615384615385
0 0.8016826923076923 0.21153846153846154 0.016826923076923076 0.04326923076923077
0 0.8365384615384616 0.2620192307692308 0.019230769230769232 0.04326923076923077
0 0.9302884615384616 0.2644230769230769 0.02403846153846154 0.03365384615384615
0 0.9182692307692307 0.12740384615384615 0.014423076923076924 0.04326923076923077