0 0.07692307692307693 0.6850961538461539 0.04807692307692308 0.0625
0 0.17307692307692307 0.6850961538461539 0.038461538461538464 0.052884615384615384
0 0.24639423076923078 0.7091346153846154 0.03125 0.0625
0 0.29447115384615385 0.7115384615384616 0.03365384615384615 0.0625
0 0.3269230769230769 0.6045673076923077 0.038461538461538464 0.057692307692307696
0 0.12620192307692307 0.5348557692307693 0.038461538461538464 0.06009615384615385
0 0.19471153846153846 0.5252403846153846 0.038461538461538464 0.05048076923076923
0 0.23557692307692307 0.47716346153846156 0.028846153846153848 0.052884615384615384
0 0.2548076923076923 0.5132211538461539 0.03365384615384615 0.052884615384615384
0 0.2980769230769231 0.5348557692307693 0.038461538461538464 0.06009615384615385
0 0.36538461538461536 0.515625 0.04326923076923077 0.04326923076923077
0 0.3713942307692308 0.5661057692307693 0.03365384615384615 0.05048076923076923
0 0.4230769230769231 0.5600961538461539 0.038461538461538464 0.052884615384615384
0 0.42908653846153844 0.515625 0.03125 0.038461538461538464
0 0.5120192307692307 0.43028846153846156 0.038461538461538464 0.0625
0 0.5072115384615384 0.5288461538461539 0.03365384615384615 0.057692307692307696
0 0.5661057692307693 0.5324519230769231 0.03125 0.052884615384615384
0 0.6009615384615384 0.5240384615384616 0.028846153846153848 0.052884615384615384
0 0.6598557692307693 0.5384615384615384 0.038461538461538464 0.057692307692307696
0 0.6634615384615384 0.484375 0.038461538461538464 0.05048076923076923
0 0.7295673076923077 0.5204326923076923 0.040865384615384616 0.0625
0 0.7536057692307693 0.48677884615384615 0.038461538461538464 0.0625
0 0.38822115384615385 0.7415865384615384 0.040865384615384616 0.06971153846153846
0 0.42788461538461536 0.7019230769230769 0.038461538461538464 0.0625
0 0.4795673076923077 0.6646634615384616 0.036057692307692304 0.057692307692307696
0 0.5180288461538461 0.6274038461538461 0.03125 0.0625
0 0.5588942307692307 0.6466346153846154 0.038461538461538464 0.07211538461538461
0 0.6370192307692307 0.6754807692307693 0.038461538461538464 0.057692307692307696
0 0.71875 0.6983173076923077 0.04326923076923077 0.06009615384615385
0 0.7944711538461539 0.7079326923076923 0.036057692307692304 0.06490384615384616
0 0.828125 0.6382211538461539 0.03365384615384615 0.0625
0 0.90625 0.6730769230769231 0.052884615384615384 0.08173076923076923
0 0.9495192307692307 0.6574519230769231 0.04326923076923077 0.06490384615384616