0 0.11899038461538461 0.6862980769230769 0.040865384615384616 0.06490384615384616
0 0.13581730769230768 0.6454326923076923 0.04326923076923077 0.06009615384615385
0 0.1971153846153846 0.6959134615384616 0.038461538461538464 0.057692307692307696
0 0.20072115384615385 0.6574519230769231 0.03365384615384615 0.055288461538461536
0 0.2668269230769231 0.6538461538461539 0.038461538461538464 0.0673076923076923
0 0.30288461538461536 0.6454326923076923 0.038461538461538464 0.057692307692307696
0 0.3713942307692308 0.6586538461538461 0.036057692307692304 0.057692307692307696
0 0.3942307692307692 0.6334134615384616 0.028846153846153848 0.055288461538461536
0 0.4519230769230769 0.7367788461538461 0.04807692307692308 0.08173076923076923
0 0.5012019230769231 0.7668269230769231 0.04807692307692308 0.09134615384615384
0 0.5228365384615384 0.7415865384615384 0.038461538461538464 0.08173076923076923
0 0.4543269230769231 0.6382211538461539 0.03365384615384615 0.06009615384615385
0 0.4375 0.6334134615384616 0.028846153846153848 0.052884615384615384
0 0.43509615384615385 0.6862980769230769 0.028846153846153848 0.052884615384615384
0 0.5072115384615384 0.6213942307692307 0.03365384615384615 0.057692307692307696
0 0.5913461538461539 0.6574519230769231 0.028846153846153848 0.06490384615384616
0 0.5865384615384616 0.7355769230769231 0.04326923076923077 0.07692307692307693
0 0.6225961538461539 0.7692307692307693 0.057692307692307696 0.08173076923076923
0 0.6538461538461539 0.7271634615384616 0.0625 0.08653846153846154
0 0.6274038461538461 0.6514423076923077 0.03365384615384615 0.0625
0 0.6081730769230769 0.6045673076923077 0.02403846153846154 0.04326923076923077
0 0.6478365384615384 0.609375 0.02403846153846154 0.05048076923076923
0 0.6814903846153846 0.6129807692307693 0.02403846153846154 0.04326923076923077
0 0.7151442307692307 0.6814903846153846 0.04567307692307692 0.06971153846153846
0 0.9723557692307693 0.9206730769230769 0.05048076923076923 0.125
0 0.9134615384615384 0.6947115384615384 0.038461538461538464 0.0625
0 0.890625 0.6634615384615384 0.026442307692307692 0.0673076923076923
0 0.9242788461538461 0.6514423076923077 0.040865384615384616 0.0625
0 0.9651442307692307 0.6658653846153846 0.03365384615384615 0.0625