0 0.84375 0.3161057692307692 0.09615384615384616 0.12980769230769232
0 0.6394230769230769 0.5372596153846154 0.028846153846153848 0.0673076923076923
0 0.5877403846153846 0.5276442307692307 0.03365384615384615 0.0625
0 0.5420673076923077 0.5372596153846154 0.026442307692307692 0.057692307692307696
0 0.5072115384615384 0.5348557692307693 0.04326923076923077 0.0673076923076923
0 0.5240384615384616 0.5096153846153846 0.02403846153846154 0.052884615384615384
0 0.4795673076923077 0.5228365384615384 0.021634615384615384 0.04326923076923077
0 0.4483173076923077 0.5288461538461539 0.04326923076923077 0.0673076923076923
0 0.4254807692307692 0.5072115384615384 0.02403846153846154 0.04807692307692308
0 0.40384615384615385 0.5252403846153846 0.028846153846153848 0.04807692307692308
0 0.36538461538461536 0.5336538461538461 0.038461538461538464 0.0673076923076923
0 0.3737980769230769 0.5048076923076923 0.026442307692307692 0.04326923076923077
0 0.32091346153846156 0.5396634615384616 0.036057692307692304 0.052884615384615384
0 0.31971153846153844 0.5108173076923077 0.02403846153846154 0.05048076923076923
0 0.28125 0.5480769230769231 0.04326923076923077 0.0673076923076923
0 0.28125 0.5180288461538461 0.03365384615384615 0.052884615384615384
0 0.23557692307692307 0.515625 0.028846153846153848 0.04326923076923077
0 0.19951923076923078 0.5300480769230769 0.03365384615384615 0.04807692307692308
0 0.19591346153846154 0.5012019230769231 0.021634615384615384 0.036057692307692304
0 0.07932692307692307 0.5721153846153846 0.0625 0.10576923076923077
0 0.08653846153846154 0.5216346153846154 0.028846153846153848 0.052884615384615384
0 0.12259615384615384 0.5204326923076923 0.03365384615384615 0.057692307692307696
0 0.140625 0.5120192307692307 0.028846153846153848 0.052884615384615384
0 0.07451923076923077 0.5012019230769231 0.02403846153846154 0.038461538461538464
0 0.04807692307692308 0.5084134615384616 0.028846153846153848 0.055288461538461536
0 0.019230769230769232 0.5492788461538461 0.038461538461538464 0.125