0 0.6105769230769231 0.15625 0.08653846153846154 0.14903846153846154
0 0.5048076923076923 0.2536057692307692 0.02403846153846154 0.04567307692307692
0 0.5252403846153846 0.24519230769230768 0.016826923076923076 0.04807692307692308
0 0.5396634615384616 0.23197115384615385 0.019230769230769232 0.036057692307692304
0 0.46274038461538464 0.2980769230769231 0.03365384615384615 0.057692307692307696
0 0.4362980769230769 0.23918269230769232 0.019230769230769232 0.036057692307692304
0 0.453125 0.24879807692307693 0.016826923076923076 0.038461538461538464
0 0.47836538461538464 0.234375 0.014423076923076924 0.026442307692307692
0 0.40865384615384615 0.1875 0.019230769230769232 0.038461538461538464
0 0.39302884615384615 0.17307692307692307 0.014423076923076924 0.038461538461538464
0 0.40865384615384615 0.2620192307692308 0.019230769230769232 0.052884615384615384
0 0.3858173076923077 0.2620192307692308 0.026442307692307692 0.04326923076923077
0 0.35336538461538464 0.2620192307692308 0.02403846153846154 0.0625
0 0.38461538461538464 0.2247596153846154 0.019230769230769232 0.028846153846153848
0 0.3629807692307692 0.20793269230769232 0.014423076923076924 0.036057692307692304
0 0.3329326923076923 0.2403846153846154 0.02403846153846154 0.04326923076923077
0 0.31971153846153844 0.25841346153846156 0.02403846153846154 0.05048076923076923
0 0.29447115384615385 0.2608173076923077 0.028846153846153848 0.0625
0 0.21033653846153846 0.265625 0.0673076923076923 0.10096153846153846
0 0.14543269230769232 0.30649038461538464 0.08653846153846154 0.14423076923076922
0 0.06850961538461539 0.2776442307692308 0.07692307692307693 0.09615384615384616
0 0.03245192307692308 0.375 0.0625 0.21153846153846154
0 0.02283653846153846 0.22596153846153846 0.036057692307692304 0.0625
0 0.046875 0.18509615384615385 0.03125 0.052884615384615384
0 0.08052884615384616 0.20793269230769232 0.03125 0.04807692307692308
0 0.125 0.20072115384615385 0.028846153846153848 0.04326923076923077
0 0.125 0.17067307692307693 0.028846153846153848 0.03365384615384615
0 0.15625 0.21033653846153846 0.03365384615384615 0.04807692307692308
0 0.18870192307692307 0.20432692307692307 0.03125 0.04807692307692308
0 0.21875 0.21754807692307693 0.028846153846153848 0.04807692307692308
0 0.22355769230769232 0.19831730769230768 0.02403846153846154 0.038461538461538464
0 0.2536057692307692 0.22716346153846154 0.019230769230769232 0.04326923076923077
0 0.24519230769230768 0.1935096153846154 0.019230769230769232 0.036057692307692304
0 0.2764423076923077 0.20673076923076922 0.019230769230769232 0.038461538461538464
0 0.30649038461538464 0.22716346153846154 0.021634615384615384 0.03365384615384615
0 0.3161057692307692 0.20793269230769232 0.014423076923076924 0.028846153846153848