0 0.07572115384615384 0.47115384615384615 0.06490384615384616 0.11538461538461539
0 0.13221153846153846 0.4795673076923077 0.052884615384615384 0.10576923076923077
0 0.1875 0.6081730769230769 0.057692307692307696 0.10576923076923077
0 0.2127403846153846 0.5252403846153846 0.055288461538461536 0.08653846153846154
0 0.2403846153846154 0.46033653846153844 0.052884615384615384 0.08653846153846154
0 0.29086538461538464 0.5168269230769231 0.052884615384615384 0.09134615384615384
0 0.3269230769230769 0.5805288461538461 0.04807692307692308 0.10336538461538461
0 0.390625 0.6021634615384616 0.052884615384615384 0.09615384615384616
0 0.39903846153846156 0.5168269230769231 0.057692307692307696 0.09134615384615384
0 0.4831730769230769 0.5168269230769231 0.052884615384615384 0.09134615384615384
0 0.578125 0.5769230769230769 0.052884615384615384 0.10096153846153846
0 0.6177884615384616 0.5456730769230769 0.04326923076923077 0.09134615384615384
0 0.6526442307692307 0.5 0.038461538461538464 0.08173076923076923
0 0.6971153846153846 0.5384615384615384 0.04807692307692308 0.09134615384615384
0 0.7283653846153846 0.6274038461538461 0.0625 0.125
0 0.7115384615384616 0.5 0.04807692307692308 0.08173076923076923
0 0.7415865384615384 0.5204326923076923 0.04807692307692308 0.08413461538461539
0 0.7872596153846154 0.4963942307692308 0.04567307692307692 0.08173076923076923
0 0.7932692307692307 0.5853365384615384 0.052884615384615384 0.09134615384615384
0 0.8485576923076923 0.5420673076923077 0.04807692307692308 0.09134615384615384
0 0.9014423076923077 0.5384615384615384 0.038461538461538464 0.07692307692307693
0 0.9495192307692307 0.5324519230769231 0.04807692307692308 0.08653846153846154