0 0.04326923076923077 0.5769230769230769 0.07692307692307693 0.33653846153846156
0 0.12259615384615384 0.5516826923076923 0.11057692307692307 0.30288461538461536
0 0.0625 0.42908653846153844 0.04807692307692308 0.11298076923076923
0 0.18870192307692307 0.49278846153846156 0.0673076923076923 0.1778846153846154
0 0.22355769230769232 0.5252403846153846 0.04326923076923077 0.10096153846153846
0 0.23076923076923078 0.47475961538461536 0.04807692307692308 0.10576923076923077
0 0.25240384615384615 0.5192307692307693 0.02403846153846154 0.0673076923076923
0 0.2800480769230769 0.5 0.03365384615384615 0.08653846153846154
0 0.4230769230769231 0.6021634615384616 0.08653846153846154 0.13221153846153846
0 0.48677884615384615 0.5949519230769231 0.06490384615384616 0.14182692307692307
0 0.4579326923076923 0.5276442307692307 0.036057692307692304 0.09615384615384616
0 0.39302884615384615 0.5252403846153846 0.05048076923076923 0.09375
0 0.8293269230769231 0.27884615384615385 0.1201923076923077 0.18269230769230768