0 0.19951923076923078 0.39663461538461536 0.03365384615384615 0.08173076923076923
0 0.24158653846153846 0.2704326923076923 0.026442307692307692 0.04567307692307692
0 0.33774038461538464 0.21153846153846154 0.019230769230769232 0.038461538461538464
0 0.36778846153846156 0.23677884615384615 0.019230769230769232 0.038461538461538464
0 0.4014423076923077 0.19230769230769232 0.014423076923076924 0.038461538461538464
0 0.4831730769230769 0.1935096153846154 0.019230769230769232 0.04326923076923077
0 0.41466346153846156 0.21995192307692307 0.026442307692307692 0.052884615384615384
0 0.6466346153846154 0.21754807692307693 0.02403846153846154 0.055288461538461536
0 0.7007211538461539 0.23197115384615385 0.021634615384615384 0.052884615384615384
0 0.75 0.1971153846153846 0.02403846153846154 0.04807692307692308
0 0.8064903846153846 0.3545673076923077 0.03125 0.07451923076923077
0 0.8485576923076923 0.17067307692307693 0.019230769230769232 0.038461538461538464
0 0.8810096153846154 0.1875 0.016826923076923076 0.038461538461538464
0 0.8161057692307693 0.21394230769230768 0.021634615384615384 0.052884615384615384
0 0.8653846153846154 0.21754807692307693 0.009615384615384616 0.03365384615384615
0 0.8377403846153846 0.30528846153846156 0.021634615384615384 0.052884615384615384
0 0.8834134615384616 0.3233173076923077 0.026442307692307692 0.05048076923076923
0 0.8942307692307693 0.3473557692307692 0.028846153846153848 0.0625