0 0.24759615384615385 0.34375 0.052884615384615384 0.09134615384615384
0 0.5324519230769231 0.19230769230769232 0.02403846153846154 0.04326923076923077
0 0.5853365384615384 0.16105769230769232 0.019230769230769232 0.038461538461538464
0 0.6153846153846154 0.22596153846153846 0.019230769230769232 0.04807692307692308
0 0.6610576923076923 0.18990384615384615 0.019230769230769232 0.04326923076923077
0 0.6694711538461539 0.21995192307692307 0.016826923076923076 0.038461538461538464
0 0.6586538461538461 0.2439903846153846 0.02403846153846154 0.055288461538461536
0 0.7091346153846154 0.1971153846153846 0.02403846153846154 0.04807692307692308
0 0.7415865384615384 0.21875 0.019230769230769232 0.03365384615384615
0 0.7295673076923077 0.27524038461538464 0.02403846153846154 0.05048076923076923
0 0.7463942307692307 0.25961538461538464 0.02403846153846154 0.04807692307692308
0 0.7235576923076923 0.3581730769230769 0.03365384615384615 0.07211538461538461
0 0.8076923076923077 0.38461538461538464 0.028846153846153848 0.08653846153846154
0 0.8617788461538461 0.42427884615384615 0.038461538461538464 0.07932692307692307
0 0.8173076923076923 0.2403846153846154 0.02403846153846154 0.057692307692307696