0 0.8978365384615384 0.13221153846153846 0.009615384615384616 0.02403846153846154
0 0.921875 0.15745192307692307 0.009615384615384616 0.026442307692307692
0 0.9266826923076923 0.15745192307692307 0.01201923076923077 0.03125
0 0.9158653846153846 0.19110576923076922 0.014423076923076924 0.036057692307692304
0 0.9122596153846154 0.27884615384615385 0.019230769230769232 0.052884615384615384
0 0.8858173076923077 0.1778846153846154 0.01201923076923077 0.038461538461538464
0 0.8774038461538461 0.19951923076923078 0.014423076923076924 0.04326923076923077
0 0.8665865384615384 0.21514423076923078 0.016826923076923076 0.038461538461538464
0 0.8581730769230769 0.13942307692307693 0.014423076923076924 0.028846153846153848
0 0.84375 0.15384615384615385 0.014423076923076924 0.03365384615384615
0 0.8377403846153846 0.18269230769230768 0.014423076923076924 0.038461538461538464
0 0.8233173076923077 0.14302884615384615 0.014423076923076924 0.036057692307692304
0 0.8088942307692307 0.16706730769230768 0.014423076923076924 0.03125
0 0.8028846153846154 0.12980769230769232 0.009615384615384616 0.028846153846153848
0 0.7836538461538461 0.11899038461538461 0.009615384615384616 0.026442307692307692
0 0.7896634615384616 0.140625 0.01201923076923077 0.03125
0 0.7908653846153846 0.18629807692307693 0.014423076923076924 0.040865384615384616
0 0.7764423076923077 0.13581730769230768 0.014423076923076924 0.03125
0 0.7620192307692307 0.1622596153846154 0.014423076923076924 0.04326923076923077
0 0.6947115384615384 0.0985576923076923 0.014423076923076924 0.02403846153846154
0 0.7439903846153846 0.11177884615384616 0.01201923076923077 0.03125
0 0.7355769230769231 0.1201923076923077 0.009615384615384616 0.028846153846153848
0 0.7379807692307693 0.140625 0.014423076923076924 0.03125
0 0.7536057692307693 0.2247596153846154 0.019230769230769232 0.04567307692307692
0 0.7331730769230769 0.1935096153846154 0.014423076923076924 0.036057692307692304
0 0.6983173076923077 0.21634615384615385 0.019230769230769232 0.04807692307692308
0 0.6911057692307693 0.17548076923076922 0.014423076923076924 0.04326923076923077
0 0.6802884615384616 0.16105769230769232 0.014423076923076924 0.03365384615384615
0 0.6598557692307693 0.125 0.01201923076923077 0.028846153846153848
0 0.703125 0.14783653846153846 0.014423076923076924 0.038461538461538464
0 0.6394230769230769 0.18870192307692307 0.019230769230769232 0.038461538461538464
0 0.6574519230769231 0.2091346153846154 0.019230769230769232 0.038461538461538464
0 0.6538461538461539 0.2620192307692308 0.019230769230769232 0.052884615384615384
0 0.5973557692307693 0.22115384615384615 0.019230769230769232 0.038461538461538464
0 0.5997596153846154 0.2668269230769231 0.021634615384615384 0.04326923076923077
0 0.6694711538461539 0.328125 0.026442307692307692 0.0625
0 0.6009615384615384 0.3245192307692308 0.02403846153846154 0.052884615384615384
0 0.7127403846153846 0.2824519230769231 0.021634615384615384 0.052884615384615384
0 0.7764423076923077 0.2956730769230769 0.02403846153846154 0.057692307692307696
0 0.6358173076923077 0.10576923076923077 0.009615384615384616 0.028846153846153848
0 0.6358173076923077 0.12620192307692307 0.01201923076923077 0.026442307692307692
0 0.6165865384615384 0.11177884615384616 0.01201923076923077 0.021634615384615384
0 0.5949519230769231 0.11057692307692307 0.01201923076923077 0.028846153846153848
0 0.5637019230769231 0.11298076923076923 0.009615384615384616 0.02403846153846154
0 0.5793269230769231 0.12379807692307693 0.009615384615384616 0.02403846153846154
0 0.5793269230769231 0.15865384615384615 0.014423076923076924 0.03365384615384615
0 0.53125 0.13341346153846154 0.014423076923076924 0.026442307692307692
0 0.5228365384615384 0.14302884615384615 0.01201923076923077 0.03365384615384615
0 0.5372596153846154 0.16466346153846154 0.014423076923076924 0.03125
0 0.5504807692307693 0.1466346153846154 0.014423076923076924 0.03365384615384615
0 0.5204326923076923 0.21394230769230768 0.019230769230769232 0.038461538461538464
0 0.5637019230769231 0.2512019230769231 0.021634615384615384 0.052884615384615384
0 0.5528846153846154 0.29086538461538464 0.02403846153846154 0.052884615384615384
0 0.5024038461538461 0.171875 0.014423076923076924 0.036057692307692304
0 0.48197115384615385 0.1346153846153846 0.009615384615384616 0.028846153846153848
0 0.4675480769230769 0.1622596153846154 0.01201923076923077 0.03365384615384615
0 0.4879807692307692 0.20072115384615385 0.014423076923076924 0.03365384615384615
0 0.45072115384615385 0.171875 0.01201923076923077 0.03125
0 0.4639423076923077 0.19591346153846154 0.014423076923076924 0.036057692307692304
0 0.4699519230769231 0.2247596153846154 0.019230769230769232 0.04326923076923077
0 0.47596153846153844 0.3076923076923077 0.019230769230769232 0.04807692307692308
0 0.44711538461538464 0.15745192307692307 0.009615384615384616 0.021634615384615384
0 0.44350961538461536 0.22115384615384615 0.016826923076923076 0.038461538461538464
0 0.43509615384615385 0.20432692307692307 0.014423076923076924 0.03365384615384615
0 0.42427884615384615 0.17548076923076922 0.01201923076923077 0.02403846153846154
0 0.41586538461538464 0.21875 0.014423076923076924 0.03365384615384615
0 0.3798076923076923 0.20072115384615385 0.009615384615384616 0.03125
0 0.375 0.22355769230769232 0.014423076923076924 0.038461538461538464
0 0.40384615384615385 0.2920673076923077 0.019230769230769232 0.04807692307692308
0 0.3401442307692308 0.2283653846153846 0.014423076923076924 0.03365384615384615
0 0.35096153846153844 0.23557692307692307 0.014423076923076924 0.028846153846153848
0 0.33653846153846156 0.27524038461538464 0.019230769230769232 0.040865384615384616
0 0.30649038461538464 0.23197115384615385 0.01201923076923077 0.026442307692307692
0 0.2548076923076923 0.27524038461538464 0.014423076923076924 0.02403846153846154
0 0.2956730769230769 0.26322115384615385 0.014423076923076924 0.036057692307692304
0 0.31490384615384615 0.26802884615384615 0.014423076923076924 0.038461538461538464
0 0.046875 0.40024038461538464 0.028846153846153848 0.0673076923076923