0 0.11658653846153846 0.6033653846153846 0.15625 0.10096153846153846
0 0.07211538461538461 0.7920673076923077 0.14423076923076922 0.17307692307692307
0 0.36538461538461536 0.7752403846153846 0.2403846153846154 0.16826923076923078
0 0.6081730769230769 0.7524038461538461 0.22596153846153846 0.16826923076923078
0 0.8401442307692307 0.7572115384615384 0.22596153846153846 0.12980769230769232
0 0.38100961538461536 0.6009615384615384 0.14903846153846154 0.09134615384615384
0 0.6983173076923077 0.5456730769230769 0.14182692307692307 0.09134615384615384
0 0.5865384615384616 0.5877403846153846 0.16346153846153846 0.08173076923076923
0 0.5685096153846154 0.27283653846153844 0.14182692307692307 0.08653846153846154
0 0.8064903846153846 0.5709134615384616 0.12740384615384615 0.07211538461538461
0 0.9014423076923077 0.5504807692307693 0.11057692307692307 0.07211538461538461
0 0.9603365384615384 0.53125 0.07451923076923077 0.07211538461538461