0 0.021634615384615384 0.5600961538461539 0.04326923076923077 0.07692307692307693
0 0.042067307692307696 0.4026442307692308 0.026442307692307692 0.038461538461538464
0 0.08653846153846154 0.4387019230769231 0.028846153846153848 0.04326923076923077
0 0.13701923076923078 0.5625 0.04326923076923077 0.057692307692307696
0 0.171875 0.47596153846153844 0.038461538461538464 0.052884615384615384
0 0.20552884615384615 0.4098557692307692 0.019230769230769232 0.036057692307692304
0 0.21995192307692307 0.5372596153846154 0.036057692307692304 0.057692307692307696
0 0.29447115384615385 0.4326923076923077 0.021634615384615384 0.038461538461538464
0 0.35096153846153844 0.421875 0.019230769230769232 0.03365384615384615
0 0.3713942307692308 0.47475961538461536 0.026442307692307692 0.036057692307692304
0 0.4098557692307692 0.4579326923076923 0.021634615384615384 0.036057692307692304
0 0.46153846153846156 0.5252403846153846 0.028846153846153848 0.04326923076923077
0 0.4639423076923077 0.47716346153846156 0.019230769230769232 0.03365384615384615
0 0.5444711538461539 0.4579326923076923 0.021634615384615384 0.03365384615384615
0 0.5528846153846154 0.47716346153846156 0.02403846153846154 0.036057692307692304
0 0.5889423076923077 0.5084134615384616 0.02403846153846154 0.040865384615384616
0 0.5528846153846154 0.5264423076923077 0.028846153846153848 0.04326923076923077
0 0.5204326923076923 0.6033653846153846 0.038461538461538464 0.052884615384615384
0 0.4338942307692308 0.6478365384615384 0.04807692307692308 0.08173076923076923
0 0.7391826923076923 0.5757211538461539 0.040865384615384616 0.06009615384615385
0 0.6923076923076923 0.5216346153846154 0.028846153846153848 0.04326923076923077
0 0.6129807692307693 0.578125 0.038461538461538464 0.052884615384615384
0 0.8894230769230769 0.5276442307692307 0.028846153846153848 0.038461538461538464
0 0.9471153846153846 0.5060096153846154 0.0625 0.07692307692307693