0 0.06850961538461539 0.5612980769230769 0.12259615384615384 0.18990384615384615
0 0.09495192307692307 0.4362980769230769 0.08173076923076923 0.12259615384615384
0 0.25 0.546875 0.11538461538461539 0.15144230769230768
0 0.2512019230769231 0.43028846153846156 0.07932692307692307 0.09134615384615384
0 0.3245192307692308 0.4206730769230769 0.0673076923076923 0.09615384615384616
0 0.41586538461538464 0.49399038461538464 0.09134615384615384 0.13701923076923078
0 0.5108173076923077 0.4519230769230769 0.07692307692307693 0.1201923076923077
0 0.41346153846153844 0.40024038461538464 0.057692307692307696 0.08653846153846154
0 0.36658653846153844 0.36177884615384615 0.055288461538461536 0.08173076923076923
0 0.46033653846153844 0.35336538461538464 0.03365384615384615 0.052884615384615384
0 0.5108173076923077 0.33533653846153844 0.028846153846153848 0.04567307692307692
0 0.5564903846153846 0.3605769230769231 0.03365384615384615 0.04807692307692308
0 0.6165865384615384 0.4651442307692308 0.055288461538461536 0.09375
0 0.671875 0.453125 0.052884615384615384 0.09375
0 0.6478365384615384 0.3762019230769231 0.04326923076923077 0.06971153846153846
0 0.6802884615384616 0.37259615384615385 0.02403846153846154 0.052884615384615384
0 0.6009615384615384 0.3581730769230769 0.028846153846153848 0.04326923076923077
0 0.6189903846153846 0.3605769230769231 0.019230769230769232 0.038461538461538464
0 0.17427884615384615 0.36899038461538464 0.040865384615384616 0.07451923076923077
0 0.21995192307692307 0.3762019230769231 0.057692307692307696 0.09375
0 0.28125 0.3701923076923077 0.052884615384615384 0.07692307692307693
0 0.3786057692307692 0.26802884615384615 0.04326923076923077 0.0625
0 0.3125 0.31850961538461536 0.019230769230769232 0.036057692307692304
0 0.2932692307692308 0.30649038461538464 0.019230769230769232 0.04326923076923077
0 0.2764423076923077 0.30649038461538464 0.019230769230769232 0.038461538461538464
0 0.2536057692307692 0.3112980769230769 0.026442307692307692 0.04326923076923077
0 0.23076923076923078 0.296875 0.019230769230769232 0.03125
0 0.2127403846153846 0.28725961538461536 0.021634615384615384 0.028846153846153848
0 0.1935096153846154 0.2956730769230769 0.026442307692307692 0.04326923076923077
0 0.17427884615384615 0.31850961538461536 0.04326923076923077 0.052884615384615384
0 0.13942307692307693 0.2536057692307692 0.03365384615384615 0.04567307692307692
0 0.16466346153846154 0.27163461538461536 0.016826923076923076 0.02403846153846154
0 0.0829326923076923 0.36778846153846156 0.0625 0.08653846153846154
0 0.016826923076923076 0.296875 0.03365384615384615 0.057692307692307696
0 0.01201923076923077 0.3329326923076923 0.02403846153846154 0.06009615384615385
0 0.05048076923076923 0.2439903846153846 0.03365384615384615 0.038461538461538464
0 0.009615384615384616 0.2536057692307692 0.019230769230769232 0.038461538461538464
0 0.09134615384615384 0.32091346153846156 0.04807692307692308 0.057692307692307696
0 0.09254807692307693 0.2920673076923077 0.038461538461538464 0.04567307692307692
0 0.7283653846153846 0.39302884615384615 0.03365384615384615 0.052884615384615384
0 0.7247596153846154 0.3545673076923077 0.026442307692307692 0.038461538461538464
0 0.7680288461538461 0.3870192307692308 0.040865384615384616 0.0625
0 0.7992788461538461 0.3954326923076923 0.03365384615384615 0.057692307692307696
0 0.8233173076923077 0.38822115384615385 0.028846153846153848 0.06009615384615385
0 0.8497596153846154 0.3798076923076923 0.021634615384615384 0.04807692307692308
0 0.8653846153846154 0.3762019230769231 0.019230769230769232 0.040865384615384616
0 0.8834134615384616 0.3713942307692308 0.026442307692307692 0.04807692307692308
0 0.90625 0.37259615384615385 0.02403846153846154 0.03365384615384615
0 0.9266826923076923 0.3737980769230769 0.016826923076923076 0.036057692307692304
0 0.9447115384615384 0.3557692307692308 0.014423076923076924 0.028846153846153848
0 0.4170673076923077 0.33052884615384615 0.028846153846153848 0.04807692307692308
0 0.4338942307692308 0.3269230769230769 0.021634615384615384 0.04326923076923077
0 0.5348557692307693 0.2692307692307692 0.019230769230769232 0.028846153846153848
0 0.5132211538461539 0.28365384615384615 0.01201923076923077 0.019230769230769232
0 0.47836538461538464 0.2608173076923077 0.014423076923076924 0.026442307692307692