0 0.03485576923076923 0.265625 0.06971153846153846 0.17067307692307693
0 0.11538461538461539 0.28125 0.07211538461538461 0.125
0 0.046875 0.14903846153846154 0.057692307692307696 0.09134615384615384
0 0.015625 0.08052884615384616 0.03125 0.06971153846153846
0 0.04326923076923077 0.078125 0.028846153846153848 0.052884615384615384
0 0.11899038461538461 0.10817307692307693 0.03365384615384615 0.052884615384615384
0 0.1141826923076923 0.17908653846153846 0.036057692307692304 0.0673076923076923
0 0.15625 0.15985576923076922 0.03365384615384615 0.08413461538461539
0 0.23197115384615385 0.16826923076923078 0.04326923076923077 0.0673076923076923
0 0.2536057692307692 0.29086538461538464 0.0889423076923077 0.14903846153846154
0 0.3786057692307692 0.2980769230769231 0.06490384615384616 0.1346153846153846
0 0.3076923076923077 0.16826923076923078 0.052884615384615384 0.08653846153846154
0 0.34134615384615385 0.12139423076923077 0.028846153846153848 0.052884615384615384
0 0.4014423076923077 0.13822115384615385 0.028846153846153848 0.04807692307692308
0 0.44471153846153844 0.14543269230769232 0.03365384615384615 0.055288461538461536
0 0.4795673076923077 0.17427884615384615 0.03125 0.052884615384615384
0 0.49038461538461536 0.28365384615384615 0.0625 0.125
0 0.5685096153846154 0.20552884615384615 0.028846153846153848 0.055288461538461536
0 0.6045673076923077 0.20793269230769232 0.03125 0.055288461538461536
0 0.5985576923076923 0.17908653846153846 0.02403846153846154 0.040865384615384616
0 0.5396634615384616 0.14543269230769232 0.02403846153846154 0.038461538461538464
0 0.5168269230769231 0.14903846153846154 0.02403846153846154 0.038461538461538464
0 0.6442307692307693 0.16947115384615385 0.028846153846153848 0.04807692307692308
0 0.6790865384615384 0.1875 0.036057692307692304 0.04807692307692308
0 0.6875 0.15384615384615385 0.019230769230769232 0.028846153846153848
0 0.7223557692307693 0.18870192307692307 0.026442307692307692 0.038461538461538464
0 0.7199519230769231 0.14903846153846154 0.014423076923076924 0.028846153846153848
0 0.7439903846153846 0.15745192307692307 0.014423076923076924 0.03125
0 0.7271634615384616 0.23798076923076922 0.036057692307692304 0.0673076923076923
0 0.7920673076923077 0.2548076923076923 0.04326923076923077 0.07692307692307693
0 0.7692307692307693 0.203125 0.019230769230769232 0.038461538461538464
0 0.7692307692307693 0.24158653846153846 0.028846153846153848 0.04326923076923077
0 0.8004807692307693 0.18389423076923078 0.014423076923076924 0.038461538461538464
0 0.8197115384615384 0.2127403846153846 0.019230769230769232 0.040865384615384616
0 0.8557692307692307 0.26322115384615385 0.028846153846153848 0.07692307692307693
0 0.9026442307692307 0.2704326923076923 0.038461538461538464 0.08653846153846154
0 0.9399038461538461 0.25721153846153844 0.03365384615384615 0.07692307692307693
0 0.9711538461538461 0.28365384615384615 0.03365384615384615 0.07692307692307693
0 0.8509615384615384 0.19951923076923078 0.019230769230769232 0.04326923076923077