0 0.25721153846153844 0.7548076923076923 0.1971153846153846 0.25
0 0.5420673076923077 0.5973557692307693 0.10336538461538461 0.13701923076923078
0 0.6213942307692307 0.5288461538461539 0.07692307692307693 0.10576923076923077
0 0.703125 0.46274038461538464 0.06009615384615385 0.0985576923076923
0 0.7307692307692307 0.41225961538461536 0.052884615384615384 0.08173076923076923
0 0.7944711538461539 0.4074519230769231 0.04567307692307692 0.07211538461538461
0 0.828125 0.3798076923076923 0.04326923076923077 0.057692307692307696
0 0.5721153846153846 0.29086538461538464 0.03365384615384615 0.04326923076923077
0 0.5588942307692307 0.390625 0.03365384615384615 0.055288461538461536
0 0.5108173076923077 0.41225961538461536 0.04807692307692308 0.052884615384615384
0 0.3629807692307692 0.4411057692307692 0.052884615384615384 0.06971153846153846
0 0.2980769230769231 0.4230769230769231 0.038461538461538464 0.04807692307692308
0 0.21875 0.5060096153846154 0.052884615384615384 0.08173076923076923
0 0.15625 0.4795673076923077 0.0673076923076923 0.09134615384615384
0 0.17427884615384615 0.4206730769230769 0.04326923076923077 0.0625
0 0.22235576923076922 0.41947115384615385 0.03125 0.04326923076923077
0 0.12259615384615384 0.4387019230769231 0.038461538461538464 0.052884615384615384
0 0.057692307692307696 0.43028846153846156 0.04807692307692308 0.052884615384615384
0 0.021634615384615384 0.46634615384615385 0.04326923076923077 0.08173076923076923
0 0.014423076923076924 0.5480769230769231 0.028846153846153848 0.11057692307692307