0 0.40384615384615385 0.8605769230769231 0.23076923076923078 0.2692307692307692
0 0.2824519230769231 0.8365384615384616 0.18509615384615385 0.2980769230769231
0 0.2127403846153846 0.6947115384615384 0.15144230769230768 0.1971153846153846
0 0.21033653846153846 0.5949519230769231 0.11298076923076923 0.12740384615384615
0 0.24158653846153846 0.5552884615384616 0.07211538461538461 0.11057692307692307
0 0.21875 0.4807692307692308 0.07211538461538461 0.09615384615384616
0 0.5360576923076923 0.5108173076923077 0.0625 0.1346153846153846
0 0.5925480769230769 0.5168269230769231 0.06490384615384616 0.10096153846153846
0 0.6490384615384616 0.5384615384615384 0.09615384615384616 0.1346153846153846
0 0.5228365384615384 0.4579326923076923 0.0625 0.07932692307692307
0 0.5733173076923077 0.25961538461538464 0.04567307692307692 0.07692307692307693
0 0.7788461538461539 0.4579326923076923 0.057692307692307696 0.09615384615384616
0 0.7403846153846154 0.45913461538461536 0.04807692307692308 0.10096153846153846
0 0.8305288461538461 0.6802884615384616 0.11538461538461539 0.23557692307692307
0 0.8137019230769231 0.5985576923076923 0.10096153846153846 0.14903846153846154
0 0.9314903846153846 0.4675480769230769 0.0673076923076923 0.1201923076923077
0 0.8870192307692307 0.4495192307692308 0.0625 0.1201923076923077
0 0.8329326923076923 0.4026442307692308 0.055288461538461536 0.10096153846153846