0 0.08533653846153846 0.5769230769230769 0.10336538461538461 0.16346153846153846
0 0.17548076923076922 0.5829326923076923 0.0625 0.11298076923076923
0 0.27884615384615385 0.6045673076923077 0.08653846153846154 0.21394230769230768
0 0.36899038461538464 0.6682692307692307 0.14182692307692307 0.23557692307692307
0 0.46153846153846156 0.6057692307692307 0.07692307692307693 0.13942307692307693
0 0.5552884615384616 0.6394230769230769 0.11057692307692307 0.22115384615384615
0 0.31490384615384615 0.43990384615384615 0.02403846153846154 0.052884615384615384
0 0.41346153846153844 0.5420673076923077 0.038461538461538464 0.07692307692307693
0 0.5949519230769231 0.5637019230769231 0.06009615384615385 0.11057692307692307
0 0.6478365384615384 0.5649038461538461 0.040865384615384616 0.09615384615384616
0 0.7043269230769231 0.3701923076923077 0.052884615384615384 0.11538461538461539
0 0.8004807692307693 0.6514423076923077 0.1875 0.34134615384615385
0 0.8798076923076923 0.6045673076923077 0.07692307692307693 0.21394230769230768
0 0.9459134615384616 0.6935096153846154 0.10336538461538461 0.27163461538461536
0 0.9519230769230769 0.5552884615384616 0.052884615384615384 0.11057692307692307
0 0.22355769230769232 0.53125 0.028846153846153848 0.0625