0 0.125 0.36177884615384615 0.038461538461538464 0.08653846153846154
0 0.2764423076923077 0.21754807692307693 0.019230769230769232 0.03125
0 0.3088942307692308 0.22596153846153846 0.019230769230769232 0.038461538461538464
0 0.33653846153846156 0.17908653846153846 0.019230769230769232 0.03365384615384615
0 0.3329326923076923 0.234375 0.019230769230769232 0.036057692307692304
0 0.36658653846153844 0.18629807692307693 0.014423076923076924 0.036057692307692304
0 0.375 0.15865384615384615 0.014423076923076924 0.028846153846153848
0 0.37259615384615385 0.2283653846153846 0.019230769230769232 0.038461538461538464
0 0.4014423076923077 0.19591346153846154 0.019230769230769232 0.03365384615384615
0 0.4182692307692308 0.19951923076923078 0.019230769230769232 0.03365384615384615
0 0.40024038461538464 0.23317307692307693 0.016826923076923076 0.03365384615384615
0 0.4206730769230769 0.24639423076923078 0.02403846153846154 0.038461538461538464
0 0.44471153846153844 0.20072115384615385 0.02403846153846154 0.038461538461538464
0 0.41466346153846156 0.16346153846153846 0.016826923076923076 0.028846153846153848
0 0.4423076923076923 0.1622596153846154 0.019230769230769232 0.03125
0 0.4807692307692308 0.18389423076923078 0.019230769230769232 0.03365384615384615
0 0.4855769230769231 0.14423076923076922 0.009615384615384616 0.028846153846153848
0 0.5012019230769231 0.11778846153846154 0.01201923076923077 0.02403846153846154
0 0.5216346153846154 0.1310096153846154 0.014423076923076924 0.016826923076923076
0 0.5504807692307693 0.125 0.014423076923076924 0.019230769230769232
0 0.5120192307692307 0.15144230769230768 0.014423076923076924 0.028846153846153848
0 0.5204326923076923 0.17908653846153846 0.019230769230769232 0.036057692307692304
0 0.5420673076923077 0.15625 0.016826923076923076 0.03365384615384615
0 0.5637019230769231 0.15504807692307693 0.019230769230769232 0.038461538461538464
0 0.5564903846153846 0.18269230769230768 0.016826923076923076 0.028846153846153848
0 0.5901442307692307 0.15865384615384615 0.016826923076923076 0.038461538461538464
0 0.6045673076923077 0.14423076923076922 0.019230769230769232 0.028846153846153848
0 0.5997596153846154 0.11538461538461539 0.016826923076923076 0.028846153846153848
0 0.6322115384615384 0.11057692307692307 0.014423076923076924 0.019230769230769232
0 0.6478365384615384 0.10336538461538461 0.01201923076923077 0.02403846153846154
0 0.6334134615384616 0.14903846153846154 0.014423076923076924 0.028846153846153848
0 0.6574519230769231 0.14783653846153846 0.014423076923076924 0.026442307692307692
0 0.6862980769230769 0.1045673076923077 0.01201923076923077 0.02403846153846154
0 0.6935096153846154 0.12259615384615384 0.016826923076923076 0.02403846153846154
0 0.7127403846153846 0.10697115384615384 0.01201923076923077 0.026442307692307692
0 0.6189903846153846 0.20793269230769232 0.021634615384615384 0.040865384615384616
0 0.5697115384615384 0.24158653846153846 0.02403846153846154 0.05048076923076923
0 0.6430288461538461 0.2403846153846154 0.021634615384615384 0.057692307692307696
0 0.671875 0.21514423076923078 0.026442307692307692 0.05048076923076923
0 0.6670673076923077 0.1778846153846154 0.019230769230769232 0.038461538461538464
0 0.7127403846153846 0.17908653846153846 0.019230769230769232 0.038461538461538464
0 0.7295673076923077 0.14423076923076922 0.014423076923076924 0.038461538461538464
0 0.7512019230769231 0.12980769230769232 0.014423076923076924 0.028846153846153848
0 0.7764423076923077 0.1310096153846154 0.014423076923076924 0.021634615384615384
0 0.7992788461538461 0.14182692307692307 0.014423076923076924 0.028846153846153848
0 0.8221153846153846 0.1310096153846154 0.009615384615384616 0.028846153846153848
0 0.8786057692307693 0.11057692307692307 0.016826923076923076 0.03365384615384615
0 0.9302884615384616 0.109375 0.019230769230769232 0.03365384615384615
0 0.90625 0.171875 0.014423076923076924 0.03125
0 0.9387019230769231 0.1658653846153846 0.01201923076923077 0.02403846153846154
0 0.9495192307692307 0.18269230769230768 0.014423076923076924 0.02403846153846154
0 0.8954326923076923 0.18629807692307693 0.016826923076923076 0.03125
0 0.875 0.1875 0.019230769230769232 0.038461538461538464
0 0.8605769230769231 0.13822115384615385 0.009615384615384616 0.019230769230769232
0 0.8449519230769231 0.14783653846153846 0.021634615384615384 0.026442307692307692
0 0.8293269230769231 0.17548076923076922 0.019230769230769232 0.03365384615384615
0 0.7932692307692307 0.16706730769230768 0.019230769230769232 0.02403846153846154
0 0.8112980769230769 0.18990384615384615 0.021634615384615384 0.03365384615384615
0 0.7932692307692307 0.20793269230769232 0.019230769230769232 0.04326923076923077
0 0.7560096153846154 0.19471153846153846 0.016826923076923076 0.038461538461538464
0 0.7391826923076923 0.17908653846153846 0.016826923076923076 0.03365384615384615
0 0.7391826923076923 0.2403846153846154 0.019230769230769232 0.038461538461538464
0 0.7668269230769231 0.2439903846153846 0.02403846153846154 0.038461538461538464
0 0.6959134615384616 0.25600961538461536 0.028846153846153848 0.05048076923076923
0 0.7007211538461539 0.3173076923076923 0.036057692307692304 0.0673076923076923
0 0.7536057692307693 0.36538461538461536 0.03365384615384615 0.052884615384615384
0 0.7932692307692307 0.3004807692307692 0.028846153846153848 0.04807692307692308
0 0.8341346153846154 0.2439903846153846 0.019230769230769232 0.04567307692307692
0 0.84375 0.21995192307692307 0.014423076923076924 0.036057692307692304
0 0.9314903846153846 0.3473557692307692 0.026442307692307692 0.057692307692307696
0 0.9387019230769231 0.25961538461538464 0.014423076923076924 0.038461538461538464
0 0.9290865384615384 0.21514423076923078 0.019230769230769232 0.038461538461538464
0 0.8978365384615384 0.24278846153846154 0.019230769230769232 0.04807692307692308
0 0.9038461538461539 0.21153846153846154 0.019230769230769232 0.038461538461538464