0 0.265625 0.22596153846153846 0.021634615384615384 0.038461538461538464
0 0.33774038461538464 0.24639423076923078 0.021634615384615384 0.04326923076923077
0 0.3762019230769231 0.24639423076923078 0.02403846153846154 0.04807692307692308
0 0.36658653846153844 0.19230769230769232 0.019230769230769232 0.038461538461538464
0 0.39302884615384615 0.18870192307692307 0.016826923076923076 0.03125
0 0.3870192307692308 0.1658653846153846 0.019230769230769232 0.03365384615384615
0 0.4074519230769231 0.15985576923076922 0.014423076923076924 0.028846153846153848
0 0.4423076923076923 0.2439903846153846 0.02403846153846154 0.04326923076923077
0 0.42788461538461536 0.20793269230769232 0.019230769230769232 0.03365384615384615
0 0.4375 0.1658653846153846 0.019230769230769232 0.038461538461538464
0 0.4423076923076923 0.13822115384615385 0.014423076923076924 0.028846153846153848
0 0.46875 0.20072115384615385 0.014423076923076924 0.040865384615384616
0 0.484375 0.24639423076923078 0.036057692307692304 0.0673076923076923
0 0.5024038461538461 0.2091346153846154 0.019230769230769232 0.04807692307692308
0 0.4807692307692308 0.16947115384615385 0.019230769230769232 0.03365384615384615
0 0.4807692307692308 0.14783653846153846 0.019230769230769232 0.03125
0 0.4651442307692308 0.13822115384615385 0.016826923076923076 0.028846153846153848
0 0.4891826923076923 0.12860576923076922 0.01201923076923077 0.026442307692307692
0 0.5108173076923077 0.12620192307692307 0.01201923076923077 0.02403846153846154
0 0.5204326923076923 0.1778846153846154 0.019230769230769232 0.03365384615384615
0 0.546875 0.1814903846153846 0.021634615384615384 0.04326923076923077
0 0.5360576923076923 0.15384615384615385 0.014423076923076924 0.028846153846153848
0 0.5372596153846154 0.12860576923076922 0.014423076923076924 0.026442307692307692
0 0.5252403846153846 0.11899038461538461 0.01201923076923077 0.026442307692307692
0 0.5456730769230769 0.12259615384615384 0.014423076923076924 0.03365384615384615
0 0.5673076923076923 0.13341346153846154 0.014423076923076924 0.03125
0 0.5793269230769231 0.11658653846153846 0.014423076923076924 0.03125
0 0.59375 0.15865384615384615 0.014423076923076924 0.03365384615384615
0 0.5805288461538461 0.23677884615384615 0.021634615384615384 0.05048076923076923
0 0.6165865384615384 0.24639423076923078 0.028846153846153848 0.05048076923076923
0 0.625 0.19831730769230768 0.019230769230769232 0.04567307692307692
0 0.6370192307692307 0.13822115384615385 0.014423076923076924 0.028846153846153848
0 0.6225961538461539 0.12860576923076922 0.014423076923076924 0.026442307692307692
0 0.6033653846153846 0.12379807692307693 0.019230769230769232 0.028846153846153848
0 0.6057692307692307 0.09495192307692307 0.009615384615384616 0.026442307692307692
0 0.6165865384615384 0.1045673076923077 0.009615384615384616 0.02403846153846154
0 0.6310096153846154 0.11057692307692307 0.01201923076923077 0.02403846153846154
0 0.6538461538461539 0.1045673076923077 0.009615384615384616 0.036057692307692304
0 0.6682692307692307 0.10817307692307693 0.014423076923076924 0.028846153846153848
0 0.6814903846153846 0.10336538461538461 0.01201923076923077 0.03365384615384615
0 0.6911057692307693 0.11658653846153846 0.01201923076923077 0.03125
0 0.6634615384615384 0.18629807692307693 0.019230769230769232 0.04567307692307692
0 0.6754807692307693 0.21514423076923078 0.019230769230769232 0.05048076923076923
0 0.6838942307692307 0.2644230769230769 0.03125 0.057692307692307696
0 0.7295673076923077 0.13341346153846154 0.016826923076923076 0.03125
0 0.6971153846153846 0.16105769230769232 0.019230769230769232 0.03365384615384615
0 0.7163461538461539 0.18870192307692307 0.019230769230769232 0.04326923076923077
0 0.71875 0.23317307692307693 0.019230769230769232 0.04326923076923077
0 0.7379807692307693 0.25721153846153844 0.02403846153846154 0.052884615384615384
0 0.7632211538461539 0.26322115384615385 0.02403846153846154 0.04807692307692308
0 0.7896634615384616 0.27403846153846156 0.026442307692307692 0.052884615384615384
0 0.7884615384615384 0.20432692307692307 0.019230769230769232 0.04326923076923077
0 0.7560096153846154 0.18509615384615385 0.016826923076923076 0.04326923076923077
0 0.7355769230769231 0.17908653846153846 0.019230769230769232 0.040865384615384616
0 0.7608173076923077 0.14302884615384615 0.016826923076923076 0.036057692307692304
0 0.7487980769230769 0.12740384615384615 0.016826923076923076 0.03365384615384615
0 0.7752403846153846 0.13341346153846154 0.016826923076923076 0.03125
0 0.7980769230769231 0.15264423076923078 0.019230769230769232 0.03365384615384615
0 0.7956730769230769 0.12259615384615384 0.014423076923076924 0.02403846153846154
0 0.8088942307692307 0.13221153846153846 0.01201923076923077 0.03365384615384615
0 0.8233173076923077 0.12740384615384615 0.014423076923076924 0.03365384615384615
0 0.8413461538461539 0.16346153846153846 0.014423076923076924 0.028846153846153848
0 0.8485576923076923 0.18990384615384615 0.014423076923076924 0.04326923076923077
0 0.8401442307692307 0.22115384615384615 0.019230769230769232 0.04807692307692308
0 0.8521634615384616 0.29086538461538464 0.03125 0.07211538461538461
0 0.8485576923076923 0.1466346153846154 0.014423076923076924 0.03365384615384615
0 0.8641826923076923 0.17067307692307693 0.016826923076923076 0.03365384615384615
0 0.8870192307692307 0.21995192307692307 0.019230769230769232 0.040865384615384616
0 0.8798076923076923 0.14302884615384615 0.019230769230769232 0.036057692307692304
0 0.9026442307692307 0.17427884615384615 0.019230769230769232 0.036057692307692304
0 0.9110576923076923 0.14783653846153846 0.014423076923076924 0.03125
0 0.9399038461538461 0.1622596153846154 0.014423076923076924 0.03365384615384615
0 0.9314903846153846 0.1875 0.014423076923076924 0.028846153846153848
0 0.9447115384615384 0.20673076923076922 0.014423076923076924 0.03365384615384615
0 0.9290865384615384 0.2247596153846154 0.019230769230769232 0.036057692307692304
0 0.9206730769230769 0.2403846153846154 0.019230769230769232 0.052884615384615384
0 0.9302884615384616 0.27524038461538464 0.019230769230769232 0.06009615384615385
0 0.9146634615384616 0.3329326923076923 0.026442307692307692 0.07451923076923077