0 0.09014423076923077 0.265625 0.021634615384615384 0.05048076923076923
0 0.15144230769230768 0.2439903846153846 0.019230769230769232 0.040865384615384616
0 0.17668269230769232 0.23197115384615385 0.026442307692307692 0.052884615384615384
0 0.3125 0.23317307692307693 0.019230769230769232 0.04326923076923077
0 0.3605769230769231 0.19110576923076922 0.019230769230769232 0.036057692307692304
0 0.43028846153846156 0.2668269230769231 0.02403846153846154 0.04326923076923077
0 0.41586538461538464 0.20432692307692307 0.019230769230769232 0.038461538461538464
0 0.44711538461538464 0.23317307692307693 0.019230769230769232 0.03365384615384615
0 0.44591346153846156 0.18269230769230768 0.021634615384615384 0.038461538461538464
0 0.484375 0.1778846153846154 0.021634615384615384 0.038461538461538464
0 0.45913461538461536 0.14182692307692307 0.014423076923076924 0.02403846153846154
0 0.5456730769230769 0.19110576923076922 0.019230769230769232 0.03365384615384615
0 0.5504807692307693 0.17067307692307693 0.019230769230769232 0.03365384615384615
0 0.6262019230769231 0.32211538461538464 0.026442307692307692 0.0673076923076923
0 0.6706730769230769 0.3389423076923077 0.028846153846153848 0.08173076923076923
0 0.6370192307692307 0.26322115384615385 0.02403846153846154 0.04326923076923077
0 0.671875 0.2860576923076923 0.02403846153846154 0.052884615384615384
0 0.6274038461538461 0.21995192307692307 0.02403846153846154 0.04567307692307692
0 0.6658653846153846 0.171875 0.019230769230769232 0.04567307692307692
0 0.6706730769230769 0.22355769230769232 0.02403846153846154 0.04326923076923077
0 0.7307692307692307 0.23557692307692307 0.019230769230769232 0.04807692307692308
0 0.8125 0.25600961538461536 0.028846153846153848 0.05048076923076923
0 0.8677884615384616 0.26802884615384615 0.02403846153846154 0.055288461538461536
0 0.6334134615384616 0.12740384615384615 0.016826923076923076 0.03365384615384615
0 0.9314903846153846 0.24519230769230768 0.016826923076923076 0.038461538461538464