0 0.1814903846153846 0.45552884615384615 0.038461538461538464 0.08173076923076923
0 0.2692307692307692 0.22115384615384615 0.02403846153846154 0.04807692307692308
0 0.30649038461538464 0.21875 0.016826923076923076 0.04326923076923077
0 0.3329326923076923 0.18028846153846154 0.016826923076923076 0.038461538461538464
0 0.3473557692307692 0.18269230769230768 0.016826923076923076 0.03365384615384615
0 0.3473557692307692 0.21394230769230768 0.021634615384615384 0.04326923076923077
0 0.38341346153846156 0.2704326923076923 0.026442307692307692 0.057692307692307696
0 0.36658653846153844 0.2403846153846154 0.019230769230769232 0.038461538461538464
0 0.3858173076923077 0.19831730769230768 0.021634615384615384 0.04567307692307692
0 0.3954326923076923 0.22716346153846154 0.026442307692307692 0.03365384615384615
0 0.40865384615384615 0.19591346153846154 0.019230769230769232 0.040865384615384616
0 0.3894230769230769 0.15264423076923078 0.014423076923076924 0.028846153846153848
0 0.41225961538461536 0.15504807692307693 0.016826923076923076 0.028846153846153848
0 0.4375 0.14302884615384615 0.014423076923076924 0.036057692307692304
0 0.4387019230769231 0.18389423076923078 0.016826923076923076 0.038461538461538464
0 0.45913461538461536 0.19831730769230768 0.019230769230769232 0.036057692307692304
0 0.4723557692307692 0.125 0.016826923076923076 0.028846153846153848
0 0.47716346153846156 0.13942307692307693 0.014423076923076924 0.028846153846153848
0 0.48677884615384615 0.1502403846153846 0.014423076923076924 0.028846153846153848
0 0.4963942307692308 0.17307692307692307 0.016826923076923076 0.038461538461538464
0 0.5180288461538461 0.1778846153846154 0.016826923076923076 0.038461538461538464
0 0.5060096153846154 0.1466346153846154 0.014423076923076924 0.028846153846153848
0 0.49158653846153844 0.10697115384615384 0.014423076923076924 0.02403846153846154
0 0.5120192307692307 0.12139423076923077 0.014423076923076924 0.036057692307692304
0 0.5600961538461539 0.18028846153846154 0.014423076923076924 0.038461538461538464
0 0.5528846153846154 0.16706730769230768 0.019230769230769232 0.036057692307692304
0 0.5420673076923077 0.140625 0.016826923076923076 0.028846153846153848
0 0.5588942307692307 0.14423076923076922 0.016826923076923076 0.028846153846153848
0 0.5504807692307693 0.11778846153846154 0.014423076923076924 0.02403846153846154
0 0.5877403846153846 0.15384615384615385 0.019230769230769232 0.03365384615384615
0 0.5889423076923077 0.10096153846153846 0.014423076923076924 0.028846153846153848
0 0.6213942307692307 0.13221153846153846 0.01201923076923077 0.03365384615384615
0 0.6394230769230769 0.15144230769230768 0.009615384615384616 0.03365384615384615
0 0.6634615384615384 0.11057692307692307 0.019230769230769232 0.038461538461538464
0 0.6754807692307693 0.09975961538461539 0.014423076923076924 0.03365384615384615
0 0.6887019230769231 0.11899038461538461 0.016826923076923076 0.03365384615384615
0 0.6971153846153846 0.09975961538461539 0.019230769230769232 0.03365384615384615
0 0.6694711538461539 0.17067307692307693 0.019230769230769232 0.03365384615384615
0 0.6478365384615384 0.140625 0.014423076923076924 0.036057692307692304
0 0.5901442307692307 0.22115384615384615 0.026442307692307692 0.04807692307692308
0 0.6322115384615384 0.22716346153846154 0.02403846153846154 0.04567307692307692
0 0.6418269230769231 0.18990384615384615 0.02403846153846154 0.04326923076923077
0 0.6766826923076923 0.2091346153846154 0.019230769230769232 0.038461538461538464
0 0.6814903846153846 0.25 0.03125 0.04807692307692308
0 0.6947115384615384 0.31009615384615385 0.038461538461538464 0.07692307692307693
0 0.7608173076923077 0.3485576923076923 0.03125 0.07211538461538461
0 0.7884615384615384 0.28725961538461536 0.028846153846153848 0.057692307692307696
0 0.7584134615384616 0.2403846153846154 0.03125 0.057692307692307696
0 0.7295673076923077 0.22115384615384615 0.02403846153846154 0.04807692307692308
0 0.7139423076923077 0.18028846153846154 0.02403846153846154 0.04807692307692308
0 0.7259615384615384 0.13822115384615385 0.019230769230769232 0.038461538461538464
0 0.7259615384615384 0.17307692307692307 0.019230769230769232 0.03365384615384615
0 0.7475961538461539 0.18509615384615385 0.019230769230769232 0.038461538461538464
0 0.7427884615384616 0.12740384615384615 0.014423076923076924 0.028846153846153848
0 0.7608173076923077 0.1201923076923077 0.01201923076923077 0.038461538461538464
0 0.7752403846153846 0.13822115384615385 0.014423076923076924 0.03365384615384615
0 0.7824519230769231 0.15384615384615385 0.014423076923076924 0.028846153846153848
0 0.796875 0.12259615384615384 0.016826923076923076 0.03365384615384615
0 0.8076923076923077 0.12740384615384615 0.019230769230769232 0.038461538461538464
0 0.8377403846153846 0.15504807692307693 0.016826923076923076 0.036057692307692304
0 0.8197115384615384 0.17427884615384615 0.014423076923076924 0.038461538461538464
0 0.7920673076923077 0.20072115384615385 0.016826923076923076 0.038461538461538464
0 0.8076923076923077 0.19831730769230768 0.02403846153846154 0.040865384615384616
0 0.8245192307692307 0.24759615384615385 0.019230769230769232 0.04326923076923077
0 0.8401442307692307 0.22115384615384615 0.021634615384615384 0.038461538461538464
0 0.9134615384615384 0.34134615384615385 0.038461538461538464 0.07692307692307693
0 0.8894230769230769 0.22596153846153846 0.019230769230769232 0.04807692307692308
0 0.9230769230769231 0.25600961538461536 0.019230769230769232 0.055288461538461536
0 0.9387019230769231 0.21875 0.019230769230769232 0.04326923076923077
0 0.9278846153846154 0.1935096153846154 0.019230769230769232 0.04326923076923077
0 0.9411057692307693 0.1814903846153846 0.019230769230769232 0.04326923076923077
0 0.9038461538461539 0.1814903846153846 0.019230769230769232 0.04807692307692308
0 0.8629807692307693 0.16947115384615385 0.014423076923076924 0.036057692307692304