0 0.056490384615384616 0.5432692307692307 0.04326923076923077 0.08173076923076923
0 0.16105769230769232 0.6009615384615384 0.07211538461538461 0.1346153846153846
0 0.2512019230769231 0.5649038461538461 0.036057692307692304 0.0625
0 0.27403846153846156 0.5540865384615384 0.038461538461538464 0.06490384615384616
0 0.359375 0.5877403846153846 0.06009615384615385 0.09375
0 0.3858173076923077 0.5540865384615384 0.04326923076923077 0.06009615384615385
0 0.4266826923076923 0.5456730769230769 0.019230769230769232 0.038461538461538464
0 0.4675480769230769 0.49759615384615385 0.021634615384615384 0.04326923076923077
0 0.4795673076923077 0.5865384615384616 0.04326923076923077 0.08653846153846154
0 0.5180288461538461 0.6802884615384616 0.08413461538461539 0.16346153846153846
0 0.5877403846153846 0.5949519230769231 0.04567307692307692 0.06490384615384616
0 0.5877403846153846 0.5444711538461539 0.028846153846153848 0.04807692307692308
0 0.6021634615384616 0.5 0.019230769230769232 0.038461538461538464
0 0.609375 0.5480769230769231 0.021634615384615384 0.04326923076923077
0 0.6286057692307693 0.5432692307692307 0.019230769230769232 0.03365384615384615
0 0.6442307692307693 0.5456730769230769 0.028846153846153848 0.052884615384615384
0 0.6850961538461539 0.5733173076923077 0.04326923076923077 0.07451923076923077
0 0.7103365384615384 0.48677884615384615 0.019230769230769232 0.04326923076923077
0 0.734375 0.5420673076923077 0.021634615384615384 0.04326923076923077
0 0.7524038461538461 0.5456730769230769 0.02403846153846154 0.038461538461538464
0 0.765625 0.5745192307692307 0.028846153846153848 0.0625
0 0.78125 0.5504807692307693 0.02403846153846154 0.04326923076923077
0 0.796875 0.5649038461538461 0.02403846153846154 0.04326923076923077
0 0.8329326923076923 0.5685096153846154 0.028846153846153848 0.04807692307692308
0 0.703125 0.6875 0.0625 0.125
0 0.8485576923076923 0.6454326923076923 0.052884615384615384 0.10817307692307693
0 0.9110576923076923 0.6189903846153846 0.04807692307692308 0.10096153846153846
0 0.9459134615384616 0.6045673076923077 0.04567307692307692 0.06971153846153846
0 0.9326923076923077 0.5012019230769231 0.019230769230769232 0.05048076923076923
0 0.9867788461538461 0.6057692307692307 0.02403846153846154 0.0673076923076923