0 0.12620192307692307 0.4675480769230769 0.19230769230769232 0.2980769230769231
0 0.22355769230769232 0.41947115384615385 0.12980769230769232 0.23317307692307693
0 0.16706730769230768 0.203125 0.0889423076923077 0.17067307692307693
0 0.25961538461538464 0.3004807692307692 0.09615384615384616 0.20673076923076922
0 0.44350961538461536 0.29927884615384615 0.08653846153846154 0.16346153846153846
0 0.5072115384615384 0.5997596153846154 0.1875 0.27403846153846156
0 0.5649038461538461 0.4495192307692308 0.09615384615384616 0.17307692307692307
0 0.6586538461538461 0.2824519230769231 0.0673076923076923 0.15144230769230768
0 0.5420673076923077 0.20673076923076922 0.0625 0.11538461538461539
0 0.7920673076923077 0.4543269230769231 0.2091346153846154 0.3701923076923077
0 0.8449519230769231 0.25600961538461536 0.09375 0.17548076923076922
0 0.8870192307692307 0.20432692307692307 0.057692307692307696 0.13942307692307693
0 0.9795673076923077 0.21754807692307693 0.038461538461538464 0.07451923076923077
0 0.9326923076923077 0.18509615384615385 0.02403846153846154 0.0625
0 0.7199519230769231 0.1971153846153846 0.038461538461538464 0.0625
0 0.7319711538461539 0.15625 0.02403846153846154 0.04326923076923077
0 0.7776442307692307 0.1658653846153846 0.03365384615384615 0.0625
0 0.7512019230769231 0.13942307692307693 0.016826923076923076 0.038461538461538464
0 0.8449519230769231 0.15504807692307693 0.019230769230769232 0.036057692307692304
0 0.8149038461538461 0.13942307692307693 0.02403846153846154 0.038461538461538464
0 0.8389423076923077 0.1201923076923077 0.02403846153846154 0.028846153846153848
0 0.8076923076923077 0.11899038461538461 0.009615384615384616 0.03125
0 0.7992788461538461 0.0889423076923077 0.016826923076923076 0.02403846153846154
0 0.7788461538461539 0.09254807692307693 0.019230769230769232 0.019230769230769232
0 0.7776442307692307 0.13221153846153846 0.021634615384615384 0.03365384615384615
0 0.734375 0.10336538461538461 0.009615384615384616 0.02403846153846154
0 0.6574519230769231 0.08052884615384616 0.016826923076923076 0.026442307692307692
0 0.36778846153846156 0.15264423076923078 0.03365384615384615 0.07451923076923077
0 0.4567307692307692 0.18509615384615385 0.07692307692307693 0.1201923076923077
0 0.5444711538461539 0.12980769230769232 0.04326923076923077 0.07692307692307693
0 0.6466346153846154 0.18028846153846154 0.02403846153846154 0.052884615384615384
0 0.6286057692307693 0.21875 0.021634615384615384 0.04807692307692308
0 0.2764423076923077 0.12259615384615384 0.038461538461538464 0.07211538461538461
0 0.2980769230769231 0.15264423076923078 0.019230769230769232 0.05048076923076923
0 0.31971153846153844 0.18389423076923078 0.02403846153846154 0.04807692307692308
0 0.3425480769230769 0.18870192307692307 0.019230769230769232 0.040865384615384616
0 0.21875 0.16466346153846154 0.02403846153846154 0.038461538461538464
0 0.32211538461538464 0.11538461538461539 0.019230769230769232 0.03365384615384615
0 0.296875 0.12379807692307693 0.01201923076923077 0.03365384615384615
0 0.3425480769230769 0.14302884615384615 0.016826923076923076 0.03365384615384615
0 0.35096153846153844 0.11057692307692307 0.014423076923076924 0.028846153846153848
0 0.4110576923076923 0.06850961538461539 0.014423076923076924 0.03125
0 0.39783653846153844 0.14182692307692307 0.016826923076923076 0.03365384615384615
0 0.421875 0.15504807692307693 0.019230769230769232 0.03365384615384615
0 0.41346153846153844 0.12259615384615384 0.019230769230769232 0.038461538461538464
0 0.45072115384615385 0.09495192307692307 0.016826923076923076 0.03365384615384615
0 0.46875 0.09254807692307693 0.014423076923076924 0.028846153846153848
0 0.5120192307692307 0.09254807692307693 0.014423076923076924 0.02403846153846154
0 0.5745192307692307 0.09375 0.014423076923076924 0.03365384615384615
0 0.5925480769230769 0.09975961538461539 0.016826923076923076 0.02403846153846154
0 0.6165865384615384 0.15264423076923078 0.021634615384615384 0.04326923076923077
0 0.6298076923076923 0.13221153846153846 0.019230769230769232 0.04326923076923077
0 0.6454326923076923 0.12980769230769232 0.016826923076923076 0.04326923076923077
0 0.5841346153846154 0.18389423076923078 0.028846153846153848 0.052884615384615384
0 0.5985576923076923 0.15985576923076922 0.014423076923076924 0.036057692307692304
0 0.6646634615384616 0.16947115384615385 0.019230769230769232 0.040865384615384616
0 0.6694711538461539 0.140625 0.016826923076923076 0.03365384615384615
0 0.6911057692307693 0.140625 0.016826923076923076 0.038461538461538464