0 0.08533653846153846 0.5060096153846154 0.055288461538461536 0.08173076923076923
0 0.16826923076923078 0.5625 0.057692307692307696 0.10576923076923077
0 0.20793269230769232 0.5841346153846154 0.07932692307692307 0.1201923076923077
0 0.3713942307692308 0.3894230769230769 0.03125 0.057692307692307696
0 0.3088942307692308 0.6021634615384616 0.07451923076923077 0.11778846153846154
0 0.453125 0.36538461538461536 0.028846153846153848 0.04807692307692308
0 0.5060096153846154 0.6189903846153846 0.08653846153846154 0.14182692307692307
0 0.6262019230769231 0.3713942307692308 0.02403846153846154 0.057692307692307696
0 0.7319711538461539 0.7103365384615384 0.11057692307692307 0.1971153846153846
0 0.8233173076923077 0.43990384615384615 0.026442307692307692 0.04326923076923077
0 0.9447115384615384 0.48197115384615385 0.04326923076923077 0.0673076923076923