0 0.9326923076923077 0.7860576923076923 0.10576923076923077 0.19230769230769232
0 0.7836538461538461 0.6826923076923077 0.0673076923076923 0.12980769230769232
0 0.7067307692307693 0.7788461538461539 0.10096153846153846 0.16346153846153846
0 0.546875 0.8413461538461539 0.14903846153846154 0.25
0 0.4074519230769231 0.6466346153846154 0.05048076923076923 0.08653846153846154
0 0.3076923076923077 0.6730769230769231 0.0673076923076923 0.11057692307692307
0 0.21033653846153846 0.6550480769230769 0.04567307692307692 0.0889423076923077
0 0.14783653846153846 0.6923076923076923 0.07692307692307693 0.1346153846153846
0 0.08413461538461539 0.6682692307692307 0.04807692307692308 0.09615384615384616
0 0.04807692307692308 0.6057692307692307 0.038461538461538464 0.0625
0 0.025240384615384616 0.5733173076923077 0.03365384615384615 0.055288461538461536
0 0.021634615384615384 0.6237980769230769 0.04326923076923077 0.08173076923076923
0 0.09495192307692307 0.5697115384615384 0.03125 0.052884615384615384
0 0.16466346153846154 0.5745192307692307 0.028846153846153848 0.057692307692307696
0 0.22235576923076922 0.5913461538461539 0.03125 0.04807692307692308
0 0.25961538461538464 0.5961538461538461 0.028846153846153848 0.057692307692307696
0 0.359375 0.6141826923076923 0.036057692307692304 0.057692307692307696
0 0.4495192307692308 0.5805288461538461 0.03365384615384615 0.055288461538461536
0 0.5 0.6322115384615384 0.04807692307692308 0.07211538461538461
0 0.5 0.5769230769230769 0.03365384615384615 0.057692307692307696
0 0.5685096153846154 0.6165865384615384 0.05048076923076923 0.08173076923076923
0 0.5444711538461539 0.5745192307692307 0.026442307692307692 0.052884615384615384
0 0.29447115384615385 0.5673076923076923 0.021634615384615384 0.04326923076923077
0 0.640625 0.5985576923076923 0.02403846153846154 0.052884615384615384
0 0.6201923076923077 0.5673076923076923 0.028846153846153848 0.04807692307692308
0 0.6502403846153846 0.546875 0.016826923076923076 0.036057692307692304
0 0.6742788461538461 0.5733173076923077 0.03125 0.055288461538461536
0 0.7019230769230769 0.5853365384615384 0.02403846153846154 0.04326923076923077
0 0.7019230769230769 0.5480769230769231 0.019230769230769232 0.03365384615384615
0 0.7379807692307693 0.5697115384615384 0.02403846153846154 0.038461538461538464
0 0.8112980769230769 0.6298076923076923 0.04807692307692308 0.09615384615384616
0 0.8473557692307693 0.6105769230769231 0.038461538461538464 0.07692307692307693
0 0.8762019230769231 0.5985576923076923 0.036057692307692304 0.07211538461538461
0 0.8569711538461539 0.5552884615384616 0.02403846153846154 0.052884615384615384
0 0.8028846153846154 0.5480769230769231 0.028846153846153848 0.04807692307692308
0 0.9723557692307693 0.6141826923076923 0.04807692307692308 0.08653846153846154