0 0.140625 0.265625 0.021634615384615384 0.04326923076923077
0 0.4098557692307692 0.21754807692307693 0.021634615384615384 0.036057692307692304
0 0.625 0.13581730769230768 0.019230769230769232 0.03125
0 0.6490384615384616 0.12620192307692307 0.019230769230769232 0.02403846153846154
0 0.6394230769230769 0.15865384615384615 0.02403846153846154 0.028846153846153848
0 0.7512019230769231 0.14302884615384615 0.016826923076923076 0.026442307692307692
0 0.7668269230769231 0.15745192307692307 0.014423076923076924 0.038461538461538464
0 0.9002403846153846 0.23197115384615385 0.019230769230769232 0.036057692307692304
0 0.8894230769230769 0.2536057692307692 0.019230769230769232 0.04567307692307692
0 0.9182692307692307 0.25841346153846156 0.019230769230769232 0.04807692307692308
0 0.8197115384615384 0.26322115384615385 0.02403846153846154 0.04567307692307692
0 0.5697115384615384 0.2548076923076923 0.02403846153846154 0.04807692307692308