0 0.2091346153846154 0.41947115384615385 0.052884615384615384 0.09134615384615384
0 0.09134615384615384 0.8112980769230769 0.16826923076923078 0.25240384615384615
0 0.38461538461538464 0.6838942307692307 0.11057692307692307 0.17307692307692307
0 0.5372596153846154 0.8966346153846154 0.25240384615384615 0.20192307692307693
0 0.75 0.7992788461538461 0.17307692307692307 0.23557692307692307
0 0.546875 0.6490384615384616 0.10336538461538461 0.1346153846153846
0 0.6430288461538461 0.6057692307692307 0.07211538461538461 0.10576923076923077
0 0.6923076923076923 0.5949519230769231 0.0673076923076923 0.10576923076923077
0 0.7800480769230769 0.5649038461538461 0.07451923076923077 0.09134615384615384
0 0.9098557692307693 0.6610576923076923 0.12259615384615384 0.1875
0 0.9807692307692307 0.6225961538461539 0.03365384615384615 0.11538461538461539
0 0.9699519230769231 0.3894230769230769 0.055288461538461536 0.09134615384615384