0 0.1310096153846154 0.6033653846153846 0.04326923076923077 0.1201923076923077
0 0.2247596153846154 0.3233173076923077 0.021634615384615384 0.052884615384615384
0 0.21394230769230768 0.29447115384615385 0.019230769230769232 0.04567307692307692
0 0.27163461538461536 0.2644230769230769 0.014423076923076924 0.04326923076923077
0 0.2860576923076923 0.2704326923076923 0.014423076923076924 0.04567307692307692
0 0.30528846153846156 0.23798076923076922 0.014423076923076924 0.04326923076923077
0 0.3293269230769231 0.2668269230769231 0.019230769230769232 0.052884615384615384
0 0.34615384615384615 0.23557692307692307 0.014423076923076924 0.038461538461538464
0 0.36658653846153844 0.28846153846153844 0.019230769230769232 0.04807692307692308
0 0.390625 0.2644230769230769 0.016826923076923076 0.04326923076923077
0 0.4387019230769231 0.33052884615384615 0.02403846153846154 0.05048076923076923
0 0.3605769230769231 0.21995192307692307 0.014423076923076924 0.03365384615384615
0 0.38461538461538464 0.21153846153846154 0.014423076923076924 0.03365384615384615
0 0.42788461538461536 0.22115384615384615 0.019230769230769232 0.038461538461538464
0 0.42908653846153844 0.18509615384615385 0.014423076923076924 0.03365384615384615
0 0.4651442307692308 0.27524038461538464 0.019230769230769232 0.04567307692307692
0 0.4891826923076923 0.2283653846153846 0.014423076923076924 0.03365384615384615
0 0.47475961538461536 0.19951923076923078 0.014423076923076924 0.04326923076923077
0 0.46153846153846156 0.19591346153846154 0.009615384615384616 0.028846153846153848
0 0.4483173076923077 0.1875 0.014423076923076924 0.03365384615384615
0 0.49038461538461536 0.17548076923076922 0.019230769230769232 0.03365384615384615
0 0.5144230769230769 0.19591346153846154 0.014423076923076924 0.036057692307692304
0 0.5228365384615384 0.17908653846153846 0.01201923076923077 0.03365384615384615
0 0.5504807692307693 0.24278846153846154 0.014423076923076924 0.04326923076923077
0 0.5661057692307693 0.23557692307692307 0.016826923076923076 0.04807692307692308
0 0.5552884615384616 0.1875 0.019230769230769232 0.038461538461538464
0 0.5492788461538461 0.15504807692307693 0.01201923076923077 0.03365384615384615
0 0.5721153846153846 0.15264423076923078 0.019230769230769232 0.040865384615384616
0 0.5793269230769231 0.1971153846153846 0.014423076923076924 0.038461538461538464
0 0.6057692307692307 0.19951923076923078 0.009615384615384616 0.04326923076923077
0 0.6177884615384616 0.2247596153846154 0.014423076923076924 0.040865384615384616
0 0.6538461538461539 0.20432692307692307 0.009615384615384616 0.03365384615384615
0 0.6478365384615384 0.16826923076923078 0.01201923076923077 0.038461538461538464
0 0.6262019230769231 0.14783653846153846 0.016826923076923076 0.040865384615384616
0 0.5949519230769231 0.13942307692307693 0.016826923076923076 0.028846153846153848
0 0.6634615384615384 0.15144230769230768 0.009615384615384616 0.03365384615384615
0 0.6862980769230769 0.15865384615384615 0.01201923076923077 0.03365384615384615
0 0.7079326923076923 0.17548076923076922 0.016826923076923076 0.04326923076923077
0 0.6935096153846154 0.24278846153846154 0.016826923076923076 0.04326923076923077
0 0.6754807692307693 0.20432692307692307 0.014423076923076924 0.04326923076923077
0 0.5685096153846154 0.3713942307692308 0.02403846153846154 0.06009615384615385
0 0.6009615384615384 0.40384615384615385 0.028846153846153848 0.0625
0 0.6081730769230769 0.3245192307692308 0.019230769230769232 0.052884615384615384
0 0.6574519230769231 0.27884615384615385 0.02403846153846154 0.057692307692307696
0 0.7199519230769231 0.29086538461538464 0.019230769230769232 0.04326923076923077
0 0.6538461538461539 0.4375 0.019230769230769232 0.057692307692307696
0 0.7175480769230769 0.43028846153846156 0.02403846153846154 0.0625
0 0.7992788461538461 0.5048076923076923 0.026442307692307692 0.08653846153846154
0 0.8413461538461539 0.5492788461538461 0.028846153846153848 0.08173076923076923
0 0.8798076923076923 0.4326923076923077 0.019230769230769232 0.057692307692307696
0 0.9591346153846154 0.484375 0.02403846153846154 0.06971153846153846
0 0.9471153846153846 0.41466346153846156 0.019230769230769232 0.057692307692307696
0 0.9711538461538461 0.39783653846153844 0.019230769230769232 0.05048076923076923
0 0.9675480769230769 0.34975961538461536 0.014423076923076924 0.04326923076923077
0 0.9783653846153846 0.30408653846153844 0.019230769230769232 0.04567307692307692
0 0.9471153846153846 0.27163461538461536 0.019230769230769232 0.04807692307692308
0 0.9266826923076923 0.29927884615384615 0.014423076923076924 0.03365384615384615
0 0.9230769230769231 0.359375 0.019230769230769232 0.05048076923076923
0 0.9002403846153846 0.28365384615384615 0.01201923076923077 0.038461538461538464
0 0.890625 0.25721153846153844 0.014423076923076924 0.04326923076923077
0 0.8834134615384616 0.31971153846153844 0.019230769230769232 0.04326923076923077
0 0.8689903846153846 0.3485576923076923 0.02403846153846154 0.052884615384615384
0 0.859375 0.3762019230769231 0.019230769230769232 0.04807692307692308
0 0.8125 0.3269230769230769 0.019230769230769232 0.04807692307692308
0 0.7463942307692307 0.3245192307692308 0.02403846153846154 0.052884615384615384
0 0.7391826923076923 0.25600961538461536 0.016826923076923076 0.040865384615384616
0 0.7439903846153846 0.21634615384615385 0.01201923076923077 0.03365384615384615
0 0.7764423076923077 0.234375 0.014423076923076924 0.040865384615384616
0 0.7920673076923077 0.27403846153846156 0.016826923076923076 0.04807692307692308
0 0.8161057692307693 0.25721153846153844 0.014423076923076924 0.03365384615384615
0 0.8401442307692307 0.2403846153846154 0.01201923076923077 0.038461538461538464
0 0.8677884615384616 0.25841346153846156 0.014423076923076924 0.038461538461538464
0 0.8052884615384616 0.21634615384615385 0.014423076923076924 0.04807692307692308
0 0.7704326923076923 0.20192307692307693 0.016826923076923076 0.038461538461538464