0 0.03485576923076923 0.5192307692307693 0.04807692307692308 0.08173076923076923
0 0.16105769230769232 0.5348557692307693 0.04326923076923077 0.06971153846153846
0 0.234375 0.5552884615384616 0.052884615384615384 0.08173076923076923
0 0.34134615384615385 0.5757211538461539 0.0673076923076923 0.10096153846153846
0 0.35216346153846156 0.5192307692307693 0.038461538461538464 0.057692307692307696
0 0.5396634615384616 0.6887019230769231 0.055288461538461536 0.08173076923076923
0 0.45913461538461536 0.5300480769230769 0.04326923076923077 0.06971153846153846
0 0.43509615384615385 0.5216346153846154 0.038461538461538464 0.052884615384615384
0 0.5192307692307693 0.5252403846153846 0.038461538461538464 0.07451923076923077
0 0.6418269230769231 0.6802884615384616 0.09615384615384616 0.1778846153846154
0 0.7620192307692307 0.6478365384615384 0.08173076923076923 0.1658653846153846
0 0.6814903846153846 0.5432692307692307 0.03365384615384615 0.07692307692307693
0 0.7283653846153846 0.5372596153846154 0.02403846153846154 0.05048076923076923
0 0.9759615384615384 0.5733173076923077 0.04326923076923077 0.09134615384615384
0 0.6586538461538461 0.5216346153846154 0.038461538461538464 0.052884615384615384