0 0.036057692307692304 0.5216346153846154 0.07211538461538461 0.16826923076923078
0 0.10817307692307693 0.4254807692307692 0.0625 0.125
0 0.17668269230769232 0.53125 0.07932692307692307 0.1778846153846154
0 0.23677884615384615 0.4338942307692308 0.052884615384615384 0.10576923076923077
0 0.20552884615384615 0.3737980769230769 0.036057692307692304 0.07451923076923077
0 0.31009615384615385 0.38822115384615385 0.038461538461538464 0.07451923076923077
0 0.2860576923076923 0.37740384615384615 0.02403846153846154 0.07211538461538461
0 0.46033653846153844 0.25841346153846156 0.03365384615384615 0.06971153846153846
0 0.4987980769230769 0.3713942307692308 0.03365384615384615 0.07692307692307693
0 0.5841346153846154 0.375 0.03365384615384615 0.07692307692307693
0 0.6189903846153846 0.38100961538461536 0.038461538461538464 0.08653846153846154
0 0.6634615384615384 0.4411057692307692 0.04807692307692308 0.12259615384615384
0 0.6658653846153846 0.3701923076923077 0.04326923076923077 0.07692307692307693
0 0.6875 0.6177884615384616 0.125 0.23076923076923078
0 0.7379807692307693 0.4855769230769231 0.052884615384615384 0.1346153846153846
0 0.7223557692307693 0.390625 0.04326923076923077 0.09134615384615384
0 0.7728365384615384 0.42908653846153844 0.04567307692307692 0.09615384615384616
0 0.8882211538461539 0.5036057692307693 0.057692307692307696 0.13701923076923078
0 0.9399038461538461 0.5625 0.11057692307692307 0.24519230769230768
0 0.9591346153846154 0.4014423076923077 0.052884615384615384 0.11057692307692307