0 0.04567307692307692 0.5120192307692307 0.057692307692307696 0.07211538461538461
0 0.06850961538461539 0.49158653846153844 0.038461538461538464 0.06490384615384616
0 0.14783653846153846 0.49278846153846156 0.04567307692307692 0.0625
0 0.17548076923076922 0.53125 0.0625 0.07211538461538461
0 0.20192307692307693 0.4891826923076923 0.028846153846153848 0.055288461538461536
0 0.24639423076923078 0.5036057692307693 0.036057692307692304 0.0625
0 0.25240384615384615 0.4699519230769231 0.02403846153846154 0.03365384615384615
0 0.3004807692307692 0.5204326923076923 0.052884615384615384 0.0673076923076923
0 0.31850961538461536 0.4675480769230769 0.03365384615384615 0.04326923076923077
0 0.33533653846153844 0.4951923076923077 0.03365384615384615 0.04807692307692308
0 0.3701923076923077 0.4951923076923077 0.038461538461538464 0.04807692307692308
0 0.390625 0.47836538461538464 0.026442307692307692 0.03365384615384615
0 0.43149038461538464 0.4639423076923077 0.021634615384615384 0.03365384615384615
0 0.44711538461538464 0.4963942307692308 0.028846153846153848 0.040865384615384616
0 0.6382211538461539 0.5252403846153846 0.052884615384615384 0.07932692307692307
0 0.6935096153846154 0.5048076923076923 0.038461538461538464 0.04326923076923077
0 0.7175480769230769 0.5300480769230769 0.04807692307692308 0.06490384615384616
0 0.7584134615384616 0.5685096153846154 0.057692307692307696 0.0889423076923077
0 0.7752403846153846 0.5240384615384616 0.03125 0.04326923076923077
0 0.8125 0.5216346153846154 0.04807692307692308 0.0625
0 0.8449519230769231 0.5516826923076923 0.04567307692307692 0.06490384615384616
0 0.8786057692307693 0.5288461538461539 0.04567307692307692 0.057692307692307696