0 0.09254807692307693 0.5180288461538461 0.055288461538461536 0.07932692307692307
0 0.028846153846153848 0.6394230769230769 0.052884615384615384 0.12980769230769232
0 0.20793269230769232 0.6009615384615384 0.07211538461538461 0.09615384615384616
0 0.21634615384615385 0.5348557692307693 0.04807692307692308 0.08173076923076923
0 0.3161057692307692 0.5420673076923077 0.05048076923076923 0.08173076923076923
0 0.3786057692307692 0.6466346153846154 0.0985576923076923 0.13942307692307693
0 0.5697115384615384 0.7163461538461539 0.10576923076923077 0.15384615384615385
0 0.5817307692307693 0.5637019230769231 0.0673076923076923 0.10817307692307693
0 0.7932692307692307 0.6670673076923077 0.10576923076923077 0.1201923076923077
0 0.7668269230769231 0.5288461538461539 0.052884615384615384 0.09615384615384616
0 0.9507211538461539 0.6081730769230769 0.0889423076923077 0.1201923076923077