0 0.03125 0.6081730769230769 0.0625 0.16826923076923078
0 0.06490384615384616 0.48677884615384615 0.052884615384615384 0.09375
0 0.015625 0.46033653846153844 0.03125 0.07451923076923077
0 0.025240384615384616 0.4074519230769231 0.03365384615384615 0.05048076923076923
0 0.04807692307692308 0.41947115384615385 0.02403846153846154 0.040865384615384616
0 0.06370192307692307 0.41947115384615385 0.028846153846153848 0.052884615384615384
0 0.08774038461538461 0.4543269230769231 0.038461538461538464 0.07211538461538461
0 0.140625 0.41225961538461536 0.026442307692307692 0.055288461538461536
0 0.19951923076923078 0.4879807692307692 0.052884615384615384 0.10096153846153846
0 0.18028846153846154 0.44591346153846156 0.03365384615384615 0.06009615384615385
0 0.1141826923076923 0.3786057692307692 0.019230769230769232 0.028846153846153848
0 0.0733173076923077 0.3701923076923077 0.014423076923076924 0.019230769230769232
0 0.056490384615384616 0.37259615384615385 0.014423076923076924 0.02403846153846154
0 0.040865384615384616 0.3858173076923077 0.014423076923076924 0.021634615384615384
0 0.35336538461538464 0.4362980769230769 0.03365384615384615 0.07451923076923077
0 0.3798076923076923 0.4170673076923077 0.028846153846153848 0.04807692307692308
0 0.45913461538461536 0.4375 0.03365384615384615 0.07211538461538461
0 0.5084134615384616 0.4074519230769231 0.03125 0.05048076923076923
0 0.5637019230769231 0.4338942307692308 0.03125 0.055288461538461536
0 0.6129807692307693 0.47836538461538464 0.052884615384615384 0.07692307692307693
0 0.6237980769230769 0.42427884615384615 0.03365384615384615 0.052884615384615384
0 0.6875 0.4543269230769231 0.04326923076923077 0.08173076923076923
0 0.671875 0.4182692307692308 0.028846153846153848 0.04807692307692308
0 0.6935096153846154 0.40625 0.021634615384615384 0.04807692307692308
0 0.71875 0.41346153846153844 0.02403846153846154 0.052884615384615384
0 0.7367788461538461 0.40625 0.019230769230769232 0.04326923076923077
0 0.7704326923076923 0.4495192307692308 0.036057692307692304 0.0625
0 0.8365384615384616 0.42788461538461536 0.028846153846153848 0.052884615384615384
0 0.8858173076923077 0.4098557692307692 0.02403846153846154 0.055288461538461536
0 0.9326923076923077 0.41346153846153844 0.028846153846153848 0.04807692307692308
0 0.6262019230769231 0.3894230769230769 0.02403846153846154 0.038461538461538464
0 0.6033653846153846 0.38221153846153844 0.02403846153846154 0.03365384615384615
0 0.5745192307692307 0.3870192307692308 0.014423076923076924 0.028846153846153848
0 0.4699519230769231 0.3870192307692308 0.016826923076923076 0.028846153846153848
0 0.42908653846153844 0.41947115384615385 0.026442307692307692 0.04807692307692308
0 0.4362980769230769 0.3918269230769231 0.021634615384615384 0.03365384615384615
0 0.453125 0.3713942307692308 0.014423076923076924 0.021634615384615384
0 0.328125 0.390625 0.021634615384615384 0.038461538461538464
0 0.31009615384615385 0.3942307692307692 0.014423076923076924 0.038461538461538464
0 0.27403846153846156 0.3798076923076923 0.019230769230769232 0.028846153846153848
0 0.23798076923076922 0.3870192307692308 0.019230769230769232 0.028846153846153848
0 0.2247596153846154 0.3713942307692308 0.016826923076923076 0.028846153846153848
0 0.203125 0.3737980769230769 0.016826923076923076 0.021634615384615384
0 0.16947115384615385 0.3713942307692308 0.014423076923076924 0.028846153846153848