0 0.10336538461538461 0.5432692307692307 0.052884615384615384 0.10576923076923077
0 0.21514423076923078 0.3485576923076923 0.014423076923076924 0.03365384615384615
0 0.2548076923076923 0.3449519230769231 0.019230769230769232 0.04326923076923077
0 0.2848557692307692 0.30649038461538464 0.014423076923076924 0.036057692307692304
0 0.28125 0.3629807692307692 0.014423076923076924 0.04326923076923077
0 0.3269230769230769 0.36177884615384615 0.02403846153846154 0.04807692307692308
0 0.35216346153846156 0.2956730769230769 0.016826923076923076 0.03365384615384615
0 0.3858173076923077 0.25600961538461536 0.01201923076923077 0.028846153846153848
0 0.35216346153846156 0.328125 0.016826923076923076 0.03125
0 0.37740384615384615 0.3317307692307692 0.014423076923076924 0.038461538461538464
0 0.40024038461538464 0.3004807692307692 0.019230769230769232 0.028846153846153848
0 0.4074519230769231 0.33052884615384615 0.016826923076923076 0.036057692307692304
0 0.42908653846153844 0.30528846153846156 0.019230769230769232 0.03365384615384615
0 0.4338942307692308 0.34134615384615385 0.021634615384615384 0.03365384615384615
0 0.4206730769230769 0.25721153846153844 0.014423076923076924 0.02403846153846154
0 0.4423076923076923 0.25 0.009615384615384616 0.019230769230769232
0 0.4567307692307692 0.23918269230769232 0.009615384615384616 0.026442307692307692
0 0.4579326923076923 0.3137019230769231 0.016826923076923076 0.02403846153846154
0 0.49399038461538464 0.2536057692307692 0.01201923076923077 0.028846153846153848
0 0.5036057692307693 0.23918269230769232 0.014423076923076924 0.028846153846153848
0 0.5516826923076923 0.21875 0.01201923076923077 0.02403846153846154
0 0.5240384615384616 0.25841346153846156 0.019230769230769232 0.03365384615384615
0 0.5036057692307693 0.31009615384615385 0.019230769230769232 0.03365384615384615
0 0.4519230769230769 0.40384615384615385 0.028846153846153848 0.04326923076923077
0 0.53125 0.39783653846153844 0.02403846153846154 0.05048076923076923
0 0.5384615384615384 0.29927884615384615 0.014423076923076924 0.03365384615384615
0 0.5612980769230769 0.2512019230769231 0.01201923076923077 0.026442307692307692
0 0.5973557692307693 0.21153846153846154 0.01201923076923077 0.02403846153846154
0 0.6129807692307693 0.21153846153846154 0.014423076923076924 0.028846153846153848
0 0.6213942307692307 0.25600961538461536 0.014423076923076924 0.03125
0 0.5709134615384616 0.24759615384615385 0.01201923076923077 0.02403846153846154
0 0.5829326923076923 0.3269230769230769 0.021634615384615384 0.038461538461538464
0 0.5925480769230769 0.421875 0.026442307692307692 0.055288461538461536
0 0.6322115384615384 0.3329326923076923 0.019230769230769232 0.028846153846153848
0 0.6189903846153846 0.2956730769230769 0.014423076923076924 0.03365384615384615
0 0.6430288461538461 0.22115384615384615 0.014423076923076924 0.02403846153846154
0 0.6490384615384616 0.23317307692307693 0.009615384615384616 0.028846153846153848
0 0.6634615384615384 0.23197115384615385 0.014423076923076924 0.028846153846153848
0 0.6502403846153846 0.27163461538461536 0.016826923076923076 0.02403846153846154
0 0.6899038461538461 0.2512019230769231 0.014423076923076924 0.03365384615384615
0 0.6694711538461539 0.34375 0.019230769230769232 0.04326923076923077
0 0.640625 0.38461538461538464 0.026442307692307692 0.057692307692307696
0 0.6478365384615384 0.43509615384615385 0.02403846153846154 0.057692307692307696
0 0.6875 0.5132211538461539 0.03365384615384615 0.07451923076923077
0 0.7163461538461539 0.3918269230769231 0.02403846153846154 0.052884615384615384
0 0.7091346153846154 0.2668269230769231 0.014423076923076924 0.03365384615384615
0 0.7271634615384616 0.23197115384615385 0.01201923076923077 0.028846153846153848
0 0.7463942307692307 0.2776442307692308 0.01201923076923077 0.026442307692307692
0 0.7536057692307693 0.26322115384615385 0.014423076923076924 0.03125
0 0.7548076923076923 0.23798076923076922 0.014423076923076924 0.03365384615384615
0 0.7824519230769231 0.24639423076923078 0.01201923076923077 0.036057692307692304
0 0.7932692307692307 0.30408653846153844 0.009615384615384616 0.040865384615384616
0 0.8137019230769231 0.25600961538461536 0.01201923076923077 0.028846153846153848
0 0.8449519230769231 0.2536057692307692 0.01201923076923077 0.026442307692307692
0 0.8329326923076923 0.27403846153846156 0.014423076923076924 0.038461538461538464
0 0.828125 0.3076923076923077 0.01201923076923077 0.03365384615384615
0 0.7872596153846154 0.359375 0.019230769230769232 0.052884615384615384
0 0.7572115384615384 0.41346153846153844 0.02403846153846154 0.052884615384615384
0 0.8028846153846154 0.4963942307692308 0.028846153846153848 0.06971153846153846
0 0.8161057692307693 0.43509615384615385 0.021634615384615384 0.052884615384615384
0 0.8317307692307693 0.3858173076923077 0.014423076923076924 0.04567307692307692
0 0.84375 0.3449519230769231 0.019230769230769232 0.04326923076923077
0 0.8641826923076923 0.33533653846153844 0.014423076923076924 0.04326923076923077
0 0.8665865384615384 0.2824519230769231 0.01201923076923077 0.03365384615384615
0 0.90625 0.2692307692307692 0.014423076923076924 0.02403846153846154
0 0.8774038461538461 0.44711538461538464 0.02403846153846154 0.057692307692307696
0 0.8858173076923077 0.3918269230769231 0.016826923076923076 0.04326923076923077
0 0.8978365384615384 0.3605769230769231 0.016826923076923076 0.03365384615384615
0 0.8966346153846154 0.3317307692307692 0.014423076923076924 0.019230769230769232
0 0.703125 0.28846153846153844 0.01201923076923077 0.038461538461538464
0 0.45552884615384615 0.2764423076923077 0.016826923076923076 0.02403846153846154
0 0.5612980769230769 0.2091346153846154 0.01201923076923077 0.02403846153846154
0 0.9050480769230769 0.3076923076923077 0.007211538461538462 0.028846153846153848
0 0.8918269230769231 0.3125 0.014423076923076924 0.028846153846153848
0 0.5228365384615384 0.36778846153846156 0.021634615384615384 0.04807692307692308
0 0.5865384615384616 0.22716346153846154 0.009615384615384616 0.021634615384615384
0 0.71875 0.2512019230769231 0.014423076923076924 0.038461538461538464