0 0.04927884615384615 0.7367788461538461 0.08173076923076923 0.1466346153846154
0 0.21153846153846154 0.8016826923076923 0.09615384615384616 0.1466346153846154
0 0.2704326923076923 0.7932692307692307 0.07211538461538461 0.1346153846153846
0 0.421875 0.41225961538461536 0.06971153846153846 0.11778846153846154
0 0.4855769230769231 0.8858173076923077 0.10576923076923077 0.17548076923076922
0 0.640625 0.6947115384615384 0.08653846153846154 0.14903846153846154
0 0.6358173076923077 0.8810096153846154 0.09615384615384616 0.18990384615384615
0 0.7079326923076923 0.8353365384615384 0.08173076923076923 0.17067307692307693
0 0.7644230769230769 0.6983173076923077 0.0673076923076923 0.12259615384615384
0 0.8497596153846154 0.7175480769230769 0.07211538461538461 0.13701923076923078
0 0.9735576923076923 0.8173076923076923 0.04807692307692308 0.17307692307692307
0 0.9579326923076923 0.9314903846153846 0.07932692307692307 0.12259615384615384
0 0.9819711538461539 0.6754807692307693 0.03365384615384615 0.10576923076923077