0 0.27283653846153844 0.3894230769230769 0.052884615384615384 0.125
0 0.37740384615384615 0.515625 0.0625 0.1466346153846154
0 0.36538461538461536 0.20552884615384615 0.019230769230769232 0.055288461538461536
0 0.40865384615384615 0.24759615384615385 0.019230769230769232 0.052884615384615384
0 0.44591346153846156 0.19831730769230768 0.014423076923076924 0.036057692307692304
0 0.47596153846153844 0.21995192307692307 0.014423076923076924 0.04326923076923077
0 0.4879807692307692 0.21033653846153846 0.019230769230769232 0.04567307692307692
0 0.5841346153846154 0.24759615384615385 0.02403846153846154 0.052884615384615384
0 0.6153846153846154 0.23798076923076922 0.02403846153846154 0.052884615384615384
0 0.5805288461538461 0.10817307692307693 0.01201923076923077 0.02403846153846154
0 0.609375 0.10096153846153846 0.01201923076923077 0.02403846153846154
0 0.6418269230769231 0.11658653846153846 0.014423076923076924 0.026442307692307692
0 0.6586538461538461 0.11658653846153846 0.009615384615384616 0.019230769230769232