0 0.10216346153846154 0.43149038461538464 0.026442307692307692 0.0625
0 0.12139423076923077 0.34134615384615385 0.02403846153846154 0.04807692307692308
0 0.14302884615384615 0.33653846153846156 0.019230769230769232 0.038461538461538464
0 0.18990384615384615 0.27403846153846156 0.02403846153846154 0.038461538461538464
0 0.16466346153846154 0.38341346153846156 0.028846153846153848 0.0673076923076923
0 0.17908653846153846 0.49038461538461536 0.04567307692307692 0.08653846153846154
0 0.3641826923076923 0.17548076923076922 0.014423076923076924 0.03365384615384615
0 0.4170673076923077 0.171875 0.014423076923076924 0.038461538461538464
0 0.6622596153846154 0.10817307692307693 0.019230769230769232 0.04326923076923077
0 0.7415865384615384 0.12139423076923077 0.021634615384615384 0.05048076923076923
0 0.75 0.2692307692307692 0.052884615384615384 0.10576923076923077
0 0.7764423076923077 0.2776442307692308 0.04807692307692308 0.07451923076923077
0 0.5552884615384616 0.056490384615384616 0.014423076923076924 0.026442307692307692