0 0.20072115384615385 0.4326923076923077 0.040865384615384616 0.08173076923076923
0 0.2956730769230769 0.23076923076923078 0.02403846153846154 0.038461538461538464
0 0.31009615384615385 0.22956730769230768 0.02403846153846154 0.036057692307692304
0 0.4098557692307692 0.2439903846153846 0.019230769230769232 0.04326923076923077
0 0.42427884615384615 0.15745192307692307 0.021634615384615384 0.038461538461538464
0 0.4723557692307692 0.15504807692307693 0.016826923076923076 0.040865384615384616
0 0.4987980769230769 0.1502403846153846 0.016826923076923076 0.038461538461538464
0 0.4879807692307692 0.17548076923076922 0.019230769230769232 0.03365384615384615
0 0.6971153846153846 0.06610576923076923 0.014423076923076924 0.03125
0 0.5564903846153846 0.18870192307692307 0.019230769230769232 0.038461538461538464
0 0.6358173076923077 0.2620192307692308 0.028846153846153848 0.052884615384615384
0 0.734375 0.23076923076923078 0.019230769230769232 0.052884615384615384
0 0.9050480769230769 0.19951923076923078 0.019230769230769232 0.03365384615384615
0 0.9423076923076923 0.20793269230769232 0.019230769230769232 0.036057692307692304
0 0.8990384615384616 0.23197115384615385 0.02403846153846154 0.040865384615384616
0 0.9302884615384616 0.25721153846153844 0.019230769230769232 0.04326923076923077
0 0.42908653846153844 0.15625 0.016826923076923076 0.03365384615384615