0 0.039663461538461536 0.6105769230769231 0.07932692307692307 0.12980769230769232
0 0.16105769230769232 0.6923076923076923 0.1201923076923077 0.18269230769230768
0 0.13701923076923078 0.5492788461538461 0.0625 0.07932692307692307
0 0.15985576923076922 0.5012019230769231 0.05048076923076923 0.06971153846153846
0 0.28846153846153844 0.26802884615384615 0.038461538461538464 0.05048076923076923
0 0.23557692307692307 0.6153846153846154 0.07211538461538461 0.11538461538461539
0 0.28725961538461536 0.5492788461538461 0.055288461538461536 0.08653846153846154
0 0.3125 0.5060096153846154 0.057692307692307696 0.07692307692307693
0 0.5829326923076923 0.4879807692307692 0.04807692307692308 0.0625
0 0.6394230769230769 0.5432692307692307 0.052884615384615384 0.09134615384615384
0 0.7175480769230769 0.5745192307692307 0.06971153846153846 0.11057692307692307
0 0.7596153846153846 0.5396634615384616 0.04807692307692308 0.07932692307692307
0 0.7151442307692307 0.49158653846153844 0.04326923076923077 0.07211538461538461
0 0.8557692307692307 0.6814903846153846 0.10576923076923077 0.15625
0 0.9110576923076923 0.578125 0.07211538461538461 0.11057692307692307
0 0.9399038461538461 0.4807692307692308 0.057692307692307696 0.07692307692307693