0 0.08533653846153846 0.5901442307692307 0.14423076923076922 0.25721153846153844
0 0.08533653846153846 0.3449519230769231 0.09134615384615384 0.1466346153846154
0 0.16826923076923078 0.3125 0.07211538461538461 0.13942307692307693
0 0.28966346153846156 0.32211538461538464 0.06490384615384616 0.125
0 0.3329326923076923 0.35096153846153844 0.07692307692307693 0.1346153846153846
0 0.5132211538461539 0.078125 0.0673076923076923 0.1346153846153846
0 0.5408653846153846 0.46153846153846156 0.1201923076923077 0.2403846153846154
0 0.6430288461538461 0.2403846153846154 0.0673076923076923 0.11538461538461539
0 0.6983173076923077 0.25961538461538464 0.0889423076923077 0.13942307692307693
0 0.8137019230769231 0.25961538461538464 0.06490384615384616 0.11538461538461539
0 0.8990384615384616 0.25961538461538464 0.07692307692307693 0.125