0 0.0829326923076923 0.44471153846153844 0.057692307692307696 0.09134615384615384
0 0.12139423076923077 0.35697115384615385 0.038461538461538464 0.055288461538461536
0 0.007211538461538462 0.2704326923076923 0.014423076923076924 0.040865384615384616
0 0.17548076923076922 0.38461538461538464 0.04326923076923077 0.08653846153846154
0 0.17067307692307693 0.3161057692307692 0.03365384615384615 0.052884615384615384
0 0.16706730769230768 0.27283653846153844 0.03365384615384615 0.04567307692307692
0 0.20793269230769232 0.28125 0.026442307692307692 0.04326923076923077
0 0.23197115384615385 0.40625 0.057692307692307696 0.11057692307692307
0 0.2764423076923077 0.37740384615384615 0.04326923076923077 0.07211538461538461
0 0.24639423076923078 0.33413461538461536 0.028846153846153848 0.04807692307692308
0 0.28846153846153844 0.32091346153846156 0.03365384615384615 0.04807692307692308
0 0.28365384615384615 0.27283653846153844 0.028846153846153848 0.05048076923076923
0 0.3329326923076923 0.3161057692307692 0.028846153846153848 0.057692307692307696
0 0.3545673076923077 0.3269230769230769 0.03125 0.057692307692307696
0 0.3798076923076923 0.3269230769230769 0.03365384615384615 0.057692307692307696
0 0.36538461538461536 0.2704326923076923 0.02403846153846154 0.04567307692307692
0 0.39903846153846156 0.21033653846153846 0.028846153846153848 0.04567307692307692
0 0.36538461538461536 0.41225961538461536 0.04326923076923077 0.08653846153846154
0 0.39302884615384615 0.38822115384615385 0.036057692307692304 0.0673076923076923
0 0.45072115384615385 0.38822115384615385 0.04326923076923077 0.07211538461538461
0 0.48677884615384615 0.41225961538461536 0.05048076923076923 0.0889423076923077
0 0.49278846153846156 0.33413461538461536 0.028846153846153848 0.057692307692307696
0 0.46153846153846156 0.3112980769230769 0.028846153846153848 0.057692307692307696
0 0.4338942307692308 0.3125 0.03125 0.057692307692307696
0 0.45072115384615385 0.22596153846153846 0.028846153846153848 0.052884615384615384
0 0.4855769230769231 0.22235576923076922 0.02403846153846154 0.04567307692307692
0 0.5120192307692307 0.23317307692307693 0.02403846153846154 0.04807692307692308
0 0.53125 0.3173076923076923 0.03365384615384615 0.057692307692307696
0 0.5204326923076923 0.2860576923076923 0.028846153846153848 0.052884615384615384
0 0.5661057692307693 0.23197115384615385 0.02403846153846154 0.040865384615384616
0 0.5877403846153846 0.30649038461538464 0.028846153846153848 0.052884615384615384
0 0.5540865384615384 0.35216346153846156 0.028846153846153848 0.06490384615384616
0 0.5829326923076923 0.3870192307692308 0.03365384615384615 0.07211538461538461
0 0.6346153846153846 0.41947115384615385 0.052884615384615384 0.09134615384615384
0 0.6069711538461539 0.24759615384615385 0.028846153846153848 0.04326923076923077
0 0.5889423076923077 0.20793269230769232 0.02403846153846154 0.038461538461538464
0 0.6370192307692307 0.18990384615384615 0.028846153846153848 0.052884615384615384
0 0.6574519230769231 0.2439903846153846 0.028846153846153848 0.052884615384615384
0 0.6286057692307693 0.3161057692307692 0.026442307692307692 0.0625
0 0.6538461538461539 0.3329326923076923 0.028846153846153848 0.06009615384615385
0 0.6995192307692307 0.3737980769230769 0.038461538461538464 0.07692307692307693
0 0.7463942307692307 0.43990384615384615 0.05048076923076923 0.09134615384615384
0 0.78125 0.38100961538461536 0.038461538461538464 0.0625
0 0.7560096153846154 0.32211538461538464 0.038461538461538464 0.0673076923076923
0 0.8605769230769231 0.4411057692307692 0.057692307692307696 0.0985576923076923