0 0.15625 0.4483173076923077 0.0625 0.125
0 0.375 0.22956730769230768 0.019230769230769232 0.038461538461538464
0 0.3918269230769231 0.22956730769230768 0.02403846153846154 0.05048076923076923
0 0.37259615384615385 0.18990384615384615 0.02403846153846154 0.038461538461538464
0 0.39663461538461536 0.16346153846153846 0.02403846153846154 0.038461538461538464
0 0.4266826923076923 0.16706730769230768 0.019230769230769232 0.036057692307692304
0 0.4326923076923077 0.1971153846153846 0.019230769230769232 0.038461538461538464
0 0.44471153846153844 0.24519230769230768 0.02403846153846154 0.04326923076923077
0 0.4182692307692308 0.22596153846153846 0.019230769230769232 0.038461538461538464
0 0.4675480769230769 0.23317307692307693 0.02403846153846154 0.04326923076923077
0 0.4675480769230769 0.18629807692307693 0.019230769230769232 0.036057692307692304
0 0.4651442307692308 0.15625 0.019230769230769232 0.03365384615384615
0 0.453125 0.15144230769230768 0.016826923076923076 0.03365384615384615
0 0.4375 0.140625 0.019230769230769232 0.03125
0 0.4831730769230769 0.140625 0.014423076923076924 0.036057692307692304
0 0.49399038461538464 0.11899038461538461 0.009615384615384616 0.02403846153846154
0 0.5324519230769231 0.15625 0.016826923076923076 0.03365384615384615
0 0.5012019230769231 0.1971153846153846 0.021634615384615384 0.04807692307692308
0 0.53125 0.19471153846153846 0.019230769230769232 0.04326923076923077
0 0.5528846153846154 0.15865384615384615 0.019230769230769232 0.038461538461538464
0 0.5721153846153846 0.13701923076923078 0.019230769230769232 0.03365384615384615
0 0.53125 0.1346153846153846 0.014423076923076924 0.028846153846153848
0 0.5841346153846154 0.16706730769230768 0.019230769230769232 0.04326923076923077
0 0.5829326923076923 0.10576923076923077 0.014423076923076924 0.028846153846153848
0 0.6033653846153846 0.12860576923076922 0.019230769230769232 0.036057692307692304
0 0.6177884615384616 0.14182692307692307 0.014423076923076924 0.03365384615384615
0 0.6213942307692307 0.11899038461538461 0.016826923076923076 0.028846153846153848
0 0.6033653846153846 0.0985576923076923 0.014423076923076924 0.02403846153846154
0 0.6550480769230769 0.09735576923076923 0.019230769230769232 0.03365384615384615
0 0.6598557692307693 0.13341346153846154 0.016826923076923076 0.036057692307692304
0 0.6838942307692307 0.11778846153846154 0.014423076923076924 0.03365384615384615
0 0.6995192307692307 0.11538461538461539 0.014423076923076924 0.028846153846153848
0 0.6370192307692307 0.21754807692307693 0.02403846153846154 0.04326923076923077
0 0.6069711538461539 0.25240384615384615 0.03125 0.0673076923076923
0 0.5552884615384616 0.27163461538461536 0.02403846153846154 0.04807692307692308
0 0.6225961538461539 0.2956730769230769 0.028846153846153848 0.052884615384615384
0 0.6923076923076923 0.31971153846153844 0.03365384615384615 0.052884615384615384
0 0.7223557692307693 0.28125 0.03365384615384615 0.07211538461538461
0 0.7512019230769231 0.2403846153846154 0.02403846153846154 0.04807692307692308
0 0.7475961538461539 0.203125 0.02403846153846154 0.04807692307692308
0 0.7271634615384616 0.16947115384615385 0.019230769230769232 0.04326923076923077
0 0.7127403846153846 0.15384615384615385 0.016826923076923076 0.04326923076923077
0 0.703125 0.19831730769230768 0.021634615384615384 0.04567307692307692
0 0.6911057692307693 0.16466346153846154 0.021634615384615384 0.038461538461538464
0 0.6778846153846154 0.18028846153846154 0.019230769230769232 0.04326923076923077
0 0.7391826923076923 0.13221153846153846 0.021634615384615384 0.03365384615384615
0 0.7620192307692307 0.14423076923076922 0.019230769230769232 0.03365384615384615
0 0.7860576923076923 0.12740384615384615 0.02403846153846154 0.04326923076923077
0 0.7860576923076923 0.15625 0.019230769230769232 0.04326923076923077
0 0.7728365384615384 0.18509615384615385 0.021634615384615384 0.04807692307692308
0 0.8100961538461539 0.2439903846153846 0.02403846153846154 0.057692307692307696
0 0.7824519230769231 0.23197115384615385 0.026442307692307692 0.04326923076923077
0 0.8317307692307693 0.3317307692307692 0.028846153846153848 0.0673076923076923
0 0.8317307692307693 0.23197115384615385 0.019230769230769232 0.04807692307692308
0 0.8173076923076923 0.171875 0.019230769230769232 0.040865384615384616
0 0.8377403846153846 0.15625 0.016826923076923076 0.052884615384615384
0 0.8557692307692307 0.19230769230769232 0.019230769230769232 0.038461538461538464
0 0.8725961538461539 0.1778846153846154 0.014423076923076924 0.038461538461538464
0 0.8930288461538461 0.19831730769230768 0.016826923076923076 0.036057692307692304
0 0.890625 0.23076923076923078 0.021634615384615384 0.04326923076923077
0 0.8822115384615384 0.2644230769230769 0.02403846153846154 0.057692307692307696
0 0.9182692307692307 0.31971153846153844 0.028846153846153848 0.052884615384615384
0 0.9447115384615384 0.21634615384615385 0.014423076923076924 0.04807692307692308
0 0.9387019230769231 0.16466346153846154 0.016826923076923076 0.04326923076923077