0 0.31971153846153844 0.36899038461538464 0.11057692307692307 0.14903846153846154
0 0.21514423076923078 0.22716346153846154 0.07932692307692307 0.12259615384615384
0 0.14182692307692307 0.17668269230769232 0.07211538461538461 0.10096153846153846
0 0.1875 0.13822115384615385 0.07211538461538461 0.10096153846153846
0 0.3449519230769231 0.027644230769230768 0.04567307692307692 0.055288461538461536
0 0.3870192307692308 0.16105769230769232 0.057692307692307696 0.10096153846153846
0 0.49038461538461536 0.20673076923076922 0.0673076923076923 0.125
0 0.6057692307692307 0.27283653846153844 0.09615384615384616 0.14423076923076922
0 0.5348557692307693 0.4362980769230769 0.12740384615384615 0.24278846153846154
0 0.7620192307692307 0.27884615384615385 0.11057692307692307 0.19230769230769232
0 0.8713942307692307 0.21394230769230768 0.07692307692307693 0.13942307692307693