0 0.26322115384615385 0.43990384615384615 0.04567307692307692 0.10096153846153846
0 0.2800480769230769 0.2548076923076923 0.016826923076923076 0.028846153846153848
0 0.31490384615384615 0.265625 0.02403846153846154 0.036057692307692304
0 0.34134615384615385 0.21634615384615385 0.019230769230769232 0.038461538461538464
0 0.3629807692307692 0.24759615384615385 0.014423076923076924 0.04326923076923077
0 0.40024038461538464 0.24278846153846154 0.016826923076923076 0.03365384615384615
0 0.3870192307692308 0.2127403846153846 0.014423076923076924 0.036057692307692304
0 0.4074519230769231 0.21634615384615385 0.019230769230769232 0.028846153846153848
0 0.4411057692307692 0.21514423076923078 0.016826923076923076 0.03125
0 0.4182692307692308 0.15625 0.009615384615384616 0.02403846153846154
0 0.4567307692307692 0.140625 0.009615384615384616 0.028846153846153848
0 0.46634615384615385 0.15985576923076922 0.009615384615384616 0.02403846153846154
0 0.4675480769230769 0.19471153846153846 0.016826923076923076 0.03365384615384615
0 0.4891826923076923 0.16706730769230768 0.014423076923076924 0.03125
0 0.4831730769230769 0.14543269230769232 0.014423076923076924 0.03125
0 0.5576923076923077 0.1875 0.019230769230769232 0.038461538461538464
0 0.5480769230769231 0.06129807692307692 0.009615384615384616 0.03125
0 0.5793269230769231 0.11899038461538461 0.014423076923076924 0.026442307692307692
0 0.6189903846153846 0.11298076923076923 0.01201923076923077 0.02403846153846154
0 0.6454326923076923 0.12139423076923077 0.014423076923076924 0.028846153846153848
0 0.6081730769230769 0.2608173076923077 0.02403846153846154 0.05048076923076923
0 0.6610576923076923 0.23918269230769232 0.014423076923076924 0.04326923076923077
0 0.7247596153846154 0.23317307692307693 0.019230769230769232 0.04326923076923077
0 0.7091346153846154 0.17067307692307693 0.014423076923076924 0.03365384615384615
0 0.7319711538461539 0.17548076923076922 0.016826923076923076 0.03365384615384615
0 0.7319711538461539 0.1502403846153846 0.019230769230769232 0.03365384615384615
0 0.8413461538461539 0.18509615384615385 0.019230769230769232 0.04326923076923077
0 0.7884615384615384 0.3233173076923077 0.02403846153846154 0.057692307692307696
0 0.90625 0.35096153846153844 0.02403846153846154 0.0673076923076923
0 0.921875 0.29447115384615385 0.019230769230769232 0.04807692307692308
0 0.9182692307692307 0.24759615384615385 0.019230769230769232 0.04807692307692308
0 0.9266826923076923 0.21754807692307693 0.016826923076923076 0.040865384615384616
0 0.9375 0.21514423076923078 0.009615384615384616 0.03365384615384615
0 0.9483173076923077 0.19831730769230768 0.014423076923076924 0.028846153846153848
0 0.890625 0.20793269230769232 0.014423076923076924 0.036057692307692304
0 0.8978365384615384 0.18509615384615385 0.01201923076923077 0.03365384615384615
0 0.8713942307692307 0.171875 0.01201923076923077 0.03125
0 0.6153846153846154 0.13581730769230768 0.009615384615384616 0.02403846153846154
0 0.8870192307692307 0.24639423076923078 0.014423076923076924 0.05048076923076923