0 0.0829326923076923 0.40625 0.052884615384615384 0.08173076923076923
0 0.054086538461538464 0.4014423076923077 0.04326923076923077 0.0673076923076923
0 0.23076923076923078 0.44711538461538464 0.052884615384615384 0.08173076923076923
0 0.21875 0.3713942307692308 0.03365384615384615 0.06009615384615385
0 0.25721153846153844 0.3401442307692308 0.03365384615384615 0.05048076923076923
0 0.32091346153846156 0.32572115384615385 0.036057692307692304 0.05048076923076923
0 0.3425480769230769 0.3161057692307692 0.02403846153846154 0.04807692307692308
0 0.38822115384615385 0.33052884615384615 0.028846153846153848 0.052884615384615384
0 0.4543269230769231 0.3245192307692308 0.028846153846153848 0.04807692307692308
0 0.43990384615384615 0.4050480769230769 0.03365384615384615 0.07692307692307693
0 0.39783653846153844 0.46153846153846156 0.052884615384615384 0.08653846153846154
0 0.31850961538461536 0.46274038461538464 0.05048076923076923 0.08413461538461539
0 0.3641826923076923 0.39302884615384615 0.040865384615384616 0.0625
0 0.5132211538461539 0.46274038461538464 0.0625 0.10576923076923077
0 0.5120192307692307 0.40024038461538464 0.04326923076923077 0.0625
0 0.5204326923076923 0.35697115384615385 0.036057692307692304 0.05048076923076923
0 0.5204326923076923 0.32572115384615385 0.03365384615384615 0.04567307692307692
0 0.5961538461538461 0.3125 0.03365384615384615 0.057692307692307696
0 0.6165865384615384 0.3401442307692308 0.036057692307692304 0.0673076923076923
0 0.5985576923076923 0.421875 0.052884615384615384 0.10336538461538461
0 0.6322115384615384 0.484375 0.057692307692307696 0.11778846153846154
0 0.7103365384615384 0.4110576923076923 0.055288461538461536 0.10096153846153846
0 0.7560096153846154 0.4795673076923077 0.057692307692307696 0.11778846153846154
0 0.8076923076923077 0.45552884615384615 0.057692307692307696 0.09134615384615384
0 0.8653846153846154 0.4026442307692308 0.057692307692307696 0.11538461538461539
0 0.9423076923076923 0.5060096153846154 0.08653846153846154 0.13701923076923078
0 0.9759615384615384 0.43149038461538464 0.04326923076923077 0.12259615384615384