0 0.125 0.5685096153846154 0.057692307692307696 0.11778846153846154
0 0.27283653846153844 0.25600961538461536 0.014423076923076924 0.03125
0 0.2860576923076923 0.24879807692307693 0.014423076923076924 0.028846153846153848
0 0.29447115384615385 0.28365384615384615 0.021634615384615384 0.03365384615384615
0 0.37740384615384615 0.2776442307692308 0.014423076923076924 0.03365384615384615
0 0.3629807692307692 0.26322115384615385 0.014423076923076924 0.019230769230769232
0 0.3485576923076923 0.23197115384615385 0.014423076923076924 0.028846153846153848
0 0.3737980769230769 0.23557692307692307 0.016826923076923076 0.028846153846153848
0 0.38341346153846156 0.18269230769230768 0.014423076923076924 0.028846153846153848
0 0.39663461538461536 0.19110576923076922 0.014423076923076924 0.026442307692307692
0 0.4230769230769231 0.17668269230769232 0.009615384615384616 0.028846153846153848
0 0.4230769230769231 0.15144230769230768 0.014423076923076924 0.02403846153846154
0 0.453125 0.1814903846153846 0.014423076923076924 0.026442307692307692
0 0.4495192307692308 0.15745192307692307 0.014423076923076924 0.021634615384615384
0 0.4699519230769231 0.18870192307692307 0.014423076923076924 0.03125
0 0.45913461538461536 0.23197115384615385 0.019230769230769232 0.036057692307692304
0 0.48197115384615385 0.2247596153846154 0.016826923076923076 0.03365384615384615
0 0.5 0.1935096153846154 0.014423076923076924 0.036057692307692304
0 0.5288461538461539 0.20432692307692307 0.019230769230769232 0.03365384615384615
0 0.5144230769230769 0.17067307692307693 0.014423076923076924 0.02403846153846154
0 0.4795673076923077 0.1502403846153846 0.01201923076923077 0.021634615384615384
0 0.47596153846153844 0.1310096153846154 0.009615384615384616 0.021634615384615384
0 0.5120192307692307 0.12860576923076922 0.009615384615384616 0.021634615384615384
0 0.5300480769230769 0.13581730769230768 0.01201923076923077 0.02403846153846154
0 0.5492788461538461 0.1201923076923077 0.014423076923076924 0.028846153846153848
0 0.5588942307692307 0.10216346153846154 0.014423076923076924 0.026442307692307692
0 0.5805288461538461 0.15144230769230768 0.01201923076923077 0.02403846153846154
0 0.5588942307692307 0.17307692307692307 0.016826923076923076 0.02403846153846154
0 0.5649038461538461 0.12980769230769232 0.014423076923076924 0.028846153846153848
0 0.5889423076923077 0.10096153846153846 0.009615384615384616 0.019230769230769232
0 0.6057692307692307 0.10576923076923077 0.009615384615384616 0.019230769230769232
0 0.5949519230769231 0.17307692307692307 0.014423076923076924 0.028846153846153848
0 0.6177884615384616 0.15865384615384615 0.014423076923076924 0.028846153846153848
0 0.6274038461538461 0.12379807692307693 0.014423076923076924 0.026442307692307692
0 0.6237980769230769 0.09375 0.007211538461538462 0.019230769230769232
0 0.6550480769230769 0.13221153846153846 0.01201923076923077 0.02403846153846154
0 0.6610576923076923 0.1141826923076923 0.014423076923076924 0.014423076923076924
0 0.6610576923076923 0.09495192307692307 0.009615384615384616 0.019230769230769232
0 0.6826923076923077 0.09975961538461539 0.009615384615384616 0.02403846153846154
0 0.7067307692307693 0.11177884615384616 0.014423076923076924 0.026442307692307692
0 0.5 0.2956730769230769 0.019230769230769232 0.04807692307692308
0 0.5480769230769231 0.3233173076923077 0.019230769230769232 0.04326923076923077
0 0.5805288461538461 0.24278846153846154 0.021634615384615384 0.03365384615384615
0 0.6298076923076923 0.2439903846153846 0.019230769230769232 0.04326923076923077
0 0.6394230769230769 0.1971153846153846 0.019230769230769232 0.038461538461538464
0 0.6598557692307693 0.16466346153846154 0.016826923076923076 0.03125
0 0.6742788461538461 0.20793269230769232 0.021634615384615384 0.036057692307692304
0 0.6382211538461539 0.3161057692307692 0.026442307692307692 0.05048076923076923
0 0.7043269230769231 0.3076923076923077 0.02403846153846154 0.052884615384615384
0 0.7512019230769231 0.3798076923076923 0.028846153846153848 0.0673076923076923
0 0.8221153846153846 0.4098557692307692 0.028846153846153848 0.06490384615384616
0 0.9074519230769231 0.41225961538461536 0.03125 0.07211538461538461
0 0.9242788461538461 0.30649038461538464 0.02403846153846154 0.05048076923076923
0 0.8545673076923077 0.2932692307692308 0.02403846153846154 0.04807692307692308
0 0.8209134615384616 0.2403846153846154 0.021634615384615384 0.038461538461538464
0 0.7680288461538461 0.2548076923076923 0.02403846153846154 0.04807692307692308
0 0.7752403846153846 0.22355769230769232 0.026442307692307692 0.03365384615384615
0 0.7836538461538461 0.18269230769230768 0.019230769230769232 0.028846153846153848
0 0.7379807692307693 0.25240384615384615 0.02403846153846154 0.052884615384615384
0 0.7115384615384616 0.2403846153846154 0.028846153846153848 0.038461538461538464
0 0.7079326923076923 0.1466346153846154 0.016826923076923076 0.03365384615384615
0 0.71875 0.18028846153846154 0.014423076923076924 0.03365384615384615
0 0.7415865384615384 0.19951923076923078 0.019230769230769232 0.03365384615384615
0 0.7355769230769231 0.1658653846153846 0.009615384615384616 0.02403846153846154
0 0.75 0.14302884615384615 0.019230769230769232 0.036057692307692304
0 0.7560096153846154 0.11177884615384616 0.01201923076923077 0.03125
0 0.7716346153846154 0.12980769230769232 0.014423076923076924 0.03365384615384615
0 0.7896634615384616 0.12980769230769232 0.014423076923076924 0.028846153846153848
0 0.8245192307692307 0.140625 0.014423076923076924 0.038461538461538464
0 0.84375 0.1346153846153846 0.014423076923076924 0.028846153846153848
0 0.875 0.1622596153846154 0.014423076923076924 0.03125
0 0.8786057692307693 0.14423076923076922 0.01201923076923077 0.019230769230769232
0 0.8653846153846154 0.11778846153846154 0.009615384615384616 0.02403846153846154
0 0.8834134615384616 0.1141826923076923 0.01201923076923077 0.026442307692307692
0 0.8461538461538461 0.20793269230769232 0.019230769230769232 0.04567307692307692
0 0.8978365384615384 0.20192307692307693 0.016826923076923076 0.038461538461538464
0 0.8954326923076923 0.2608173076923077 0.019230769230769232 0.04807692307692308
0 0.9266826923076923 0.26322115384615385 0.016826923076923076 0.038461538461538464
0 0.9459134615384616 0.2439903846153846 0.021634615384615384 0.04326923076923077
0 0.9375 0.21033653846153846 0.019230769230769232 0.038461538461538464
0 0.9471153846153846 0.15384615384615385 0.009615384615384616 0.028846153846153848
0 0.9146634615384616 0.12980769230769232 0.01201923076923077 0.028846153846153848
0 0.9038461538461539 0.16706730769230768 0.019230769230769232 0.028846153846153848
0 0.9122596153846154 0.16346153846153846 0.01201923076923077 0.028846153846153848