0 0.1045673076923077 0.6838942307692307 0.1466346153846154 0.21875
0 0.21875 0.6298076923076923 0.052884615384615384 0.09615384615384616
0 0.2668269230769231 0.5973557692307693 0.08173076923076923 0.11298076923076923
0 0.5 0.6706730769230769 0.11057692307692307 0.1778846153846154
0 0.5949519230769231 0.6430288461538461 0.06971153846153846 0.11298076923076923
0 0.5120192307692307 0.45072115384615385 0.04326923076923077 0.06009615384615385
0 0.7463942307692307 0.7163461538461539 0.16346153846153846 0.25
0 0.6850961538461539 0.6538461538461539 0.09615384615384616 0.15384615384615385
0 0.8004807692307693 0.6165865384615384 0.052884615384615384 0.08413461538461539
0 0.8449519230769231 0.59375 0.06490384615384616 0.09134615384615384
0 0.9555288461538461 0.6213942307692307 0.08413461538461539 0.21394230769230768