0 0.25961538461538464 0.4579326923076923 0.04807692307692308 0.0985576923076923
0 0.20673076923076922 0.45552884615384615 0.04807692307692308 0.09615384615384616
0 0.3088942307692308 0.2956730769230769 0.02403846153846154 0.03365384615384615
0 0.3641826923076923 0.2644230769230769 0.026442307692307692 0.04807692307692308
0 0.4230769230769231 0.2776442307692308 0.028846153846153848 0.04567307692307692
0 0.47475961538461536 0.3293269230769231 0.02403846153846154 0.052884615384615384
0 0.4170673076923077 0.22956730769230768 0.019230769230769232 0.036057692307692304
0 0.44471153846153844 0.2283653846153846 0.014423076923076924 0.03365384615384615
0 0.4483173076923077 0.1875 0.014423076923076924 0.03365384615384615
0 0.4807692307692308 0.19831730769230768 0.019230769230769232 0.036057692307692304
0 0.4651442307692308 0.1502403846153846 0.014423076923076924 0.026442307692307692
0 0.48197115384615385 0.1466346153846154 0.01201923076923077 0.02403846153846154
0 0.5252403846153846 0.1466346153846154 0.02403846153846154 0.03365384615384615
0 0.5504807692307693 0.1466346153846154 0.014423076923076924 0.03365384615384615
0 0.5841346153846154 0.14182692307692307 0.014423076923076924 0.03365384615384615
0 0.5396634615384616 0.19951923076923078 0.02403846153846154 0.03365384615384615
0 0.6550480769230769 0.25240384615384615 0.028846153846153848 0.04807692307692308
0 0.7127403846153846 0.2848557692307692 0.03125 0.05048076923076923
0 0.7668269230769231 0.29086538461538464 0.02403846153846154 0.052884615384615384
0 0.8798076923076923 0.21634615384615385 0.019230769230769232 0.04807692307692308
0 0.796875 0.1814903846153846 0.019230769230769232 0.04326923076923077
0 0.7560096153846154 0.11538461538461539 0.019230769230769232 0.028846153846153848
0 0.8052884615384616 0.12259615384615384 0.014423076923076924 0.03365384615384615
0 0.6971153846153846 0.1502403846153846 0.019230769230769232 0.040865384615384616
0 0.7091346153846154 0.14543269230769232 0.019230769230769232 0.03125
0 0.7415865384615384 0.14182692307692307 0.016826923076923076 0.03365384615384615
0 0.47115384615384615 0.18990384615384615 0.014423076923076924 0.03365384615384615