0 0.078125 0.6370192307692307 0.15625 0.40865384615384615
0 0.18389423076923078 0.515625 0.036057692307692304 0.07692307692307693
0 0.23677884615384615 0.5288461538461539 0.038461538461538464 0.07692307692307693
0 0.29447115384615385 0.5841346153846154 0.09375 0.21153846153846154
0 0.359375 0.5637019230769231 0.055288461538461536 0.11778846153846154
0 0.41346153846153844 0.49158653846153844 0.057692307692307696 0.0889423076923077
0 0.41466346153846156 0.3798076923076923 0.04326923076923077 0.08653846153846154
0 0.484375 0.5420673076923077 0.028846153846153848 0.06009615384615385
0 0.5793269230769231 0.6658653846153846 0.15865384615384615 0.38461538461538464
0 0.7139423076923077 0.5949519230769231 0.04326923076923077 0.09615384615384616
0 0.7007211538461539 0.5528846153846154 0.04807692307692308 0.08173076923076923
0 0.6634615384615384 0.5516826923076923 0.03365384615384615 0.07211538461538461
0 0.7680288461538461 0.6033653846153846 0.057692307692307696 0.12980769230769232
0 0.8052884615384616 0.5733173076923077 0.03365384615384615 0.07932692307692307
0 0.8629807692307693 0.6141826923076923 0.052884615384615384 0.10336538461538461
0 0.9447115384615384 0.6658653846153846 0.10576923076923077 0.23557692307692307