0 0.025240384615384616 0.4230769230769231 0.02403846153846154 0.052884615384615384
0 0.23798076923076922 0.3317307692307692 0.014423076923076924 0.038461538461538464
0 0.2668269230769231 0.34375 0.019230769230769232 0.038461538461538464
0 0.2920673076923077 0.3016826923076923 0.016826923076923076 0.028846153846153848
0 0.29447115384615385 0.35697115384615385 0.019230769230769232 0.038461538461538464
0 0.34134615384615385 0.36177884615384615 0.019230769230769232 0.038461538461538464
0 0.36177884615384615 0.28846153846153844 0.016826923076923076 0.03365384615384615
0 0.38341346153846156 0.34375 0.016826923076923076 0.03365384615384615
0 0.3762019230769231 0.32211538461538464 0.016826923076923076 0.038461538461538464
0 0.40024038461538464 0.25240384615384615 0.014423076923076924 0.02403846153846154
0 0.47475961538461536 0.23557692307692307 0.016826923076923076 0.028846153846153848
0 0.4639423076923077 0.23798076923076922 0.014423076923076924 0.02403846153846154
0 0.47596153846153844 0.25841346153846156 0.019230769230769232 0.026442307692307692
0 0.49759615384615385 0.2644230769230769 0.014423076923076924 0.03365384615384615
0 0.5216346153846154 0.24639423076923078 0.014423076923076924 0.019230769230769232
0 0.5216346153846154 0.2692307692307692 0.014423076923076924 0.03365384615384615
0 0.5552884615384616 0.21995192307692307 0.014423076923076924 0.021634615384615384
0 0.5769230769230769 0.22355769230769232 0.019230769230769232 0.02403846153846154
0 0.5552884615384616 0.24158653846153846 0.014423076923076924 0.02403846153846154
0 0.5661057692307693 0.2548076923076923 0.019230769230769232 0.028846153846153848
0 0.5564903846153846 0.27403846153846156 0.016826923076923076 0.028846153846153848
0 0.5240384615384616 0.30408653846153844 0.019230769230769232 0.036057692307692304
0 0.47596153846153844 0.29927884615384615 0.019230769230769232 0.03125
0 0.4483173076923077 0.30288461538461536 0.019230769230769232 0.028846153846153848
0 0.4495192307692308 0.33653846153846156 0.02403846153846154 0.038461538461538464
0 0.4182692307692308 0.33774038461538464 0.019230769230769232 0.03365384615384615
0 0.41947115384615385 0.2956730769230769 0.019230769230769232 0.028846153846153848
0 0.43149038461538464 0.25600961538461536 0.01201923076923077 0.016826923076923076
0 0.6081730769230769 0.21754807692307693 0.014423076923076924 0.026442307692307692
0 0.6153846153846154 0.20072115384615385 0.009615384615384616 0.021634615384615384
0 0.6298076923076923 0.21514423076923078 0.014423076923076924 0.021634615384615384
0 0.6598557692307693 0.21394230769230768 0.009615384615384616 0.019230769230769232
0 0.6478365384615384 0.24639423076923078 0.016826923076923076 0.028846153846153848
0 0.6754807692307693 0.22596153846153846 0.014423076923076924 0.028846153846153848
0 0.6887019230769231 0.22355769230769232 0.01201923076923077 0.02403846153846154
0 0.6766826923076923 0.2668269230769231 0.021634615384615384 0.03365384615384615
0 0.6105769230769231 0.24519230769230768 0.019230769230769232 0.028846153846153848
0 0.7463942307692307 0.22115384615384615 0.01201923076923077 0.028846153846153848
0 0.7848557692307693 0.2247596153846154 0.016826923076923076 0.03125
0 0.7800480769230769 0.24879807692307693 0.01201923076923077 0.021634615384615384
0 0.75 0.2620192307692308 0.014423076923076924 0.03365384615384615
0 0.7668269230769231 0.2776442307692308 0.019230769230769232 0.038461538461538464
0 0.7199519230769231 0.2824519230769231 0.019230769230769232 0.036057692307692304
0 0.7067307692307693 0.2608173076923077 0.014423076923076924 0.028846153846153848
0 0.8125 0.24158653846153846 0.009615384615384616 0.021634615384615384
0 0.8449519230769231 0.2536057692307692 0.014423076923076924 0.026442307692307692
0 0.8629807692307693 0.25961538461538464 0.014423076923076924 0.028846153846153848
0 0.8762019230769231 0.2512019230769231 0.014423076923076924 0.028846153846153848
0 0.8990384615384616 0.28125 0.009615384615384616 0.02403846153846154
0 0.9399038461538461 0.2776442307692308 0.014423076923076924 0.02403846153846154
0 0.9362980769230769 0.30408653846153844 0.014423076923076924 0.028846153846153848
0 0.875 0.3125 0.014423076923076924 0.038461538461538464
0 0.8569711538461539 0.2860576923076923 0.014423076923076924 0.028846153846153848
0 0.8173076923076923 0.296875 0.019230769230769232 0.036057692307692304
0 0.8413461538461539 0.30288461538461536 0.019230769230769232 0.038461538461538464
0 0.8137019230769231 0.33533653846153844 0.019230769230769232 0.03365384615384615
0 0.8064903846153846 0.359375 0.019230769230769232 0.040865384615384616
0 0.8665865384615384 0.34615384615384615 0.019230769230769232 0.038461538461538464
0 0.9290865384615384 0.3485576923076923 0.016826923076923076 0.028846153846153848
0 0.9194711538461539 0.38822115384615385 0.021634615384615384 0.05048076923076923
0 0.8641826923076923 0.40024038461538464 0.021634615384615384 0.04567307692307692
0 0.9050480769230769 0.4495192307692308 0.019230769230769232 0.052884615384615384
0 0.84375 0.4495192307692308 0.02403846153846154 0.038461538461538464
0 0.7896634615384616 0.39903846153846156 0.021634615384615384 0.038461538461538464
0 0.7427884615384616 0.3894230769230769 0.02403846153846154 0.04807692307692308
0 0.6935096153846154 0.33774038461538464 0.021634615384615384 0.038461538461538464
0 0.6670673076923077 0.36538461538461536 0.026442307692307692 0.04326923076923077
0 0.6550480769230769 0.33052884615384615 0.016826923076923076 0.03365384615384615
0 0.6394230769230769 0.30528846153846156 0.019230769230769232 0.03365384615384615
0 0.6009615384615384 0.32091346153846156 0.019230769230769232 0.038461538461538464
0 0.5060096153846154 0.38341346153846156 0.021634615384615384 0.055288461538461536
0 0.5444711538461539 0.36538461538461536 0.02403846153846154 0.04807692307692308
0 0.5456730769230769 0.3954326923076923 0.02403846153846154 0.05048076923076923
0 0.5853365384615384 0.40865384615384615 0.02403846153846154 0.038461538461538464
0 0.6141826923076923 0.41947115384615385 0.03125 0.055288461538461536
0 0.6658653846153846 0.4495192307692308 0.03365384615384615 0.0625
0 0.7139423076923077 0.49158653846153844 0.03365384615384615 0.07692307692307693
0 0.8341346153846154 0.5036057692307693 0.03365384615384615 0.0673076923076923