0 0.18269230769230768 0.4423076923076923 0.057692307692307696 0.10576923076923077
0 0.27524038461538464 0.24278846153846154 0.014423076923076924 0.03365384615384615
0 0.30288461538461536 0.23677884615384615 0.019230769230769232 0.036057692307692304
0 0.29086538461538464 0.2692307692307692 0.014423076923076924 0.038461538461538464
0 0.33774038461538464 0.26802884615384615 0.016826923076923076 0.036057692307692304
0 0.3713942307692308 0.28125 0.021634615384615384 0.038461538461538464
0 0.37259615384615385 0.23197115384615385 0.019230769230769232 0.036057692307692304
0 0.4375 0.22956730769230768 0.02403846153846154 0.04326923076923077
0 0.46153846153846156 0.2283653846153846 0.02403846153846154 0.04326923076923077
0 0.37740384615384615 0.18028846153846154 0.014423076923076924 0.03365384615384615
0 0.4026442307692308 0.18629807692307693 0.016826923076923076 0.028846153846153848
0 0.41947115384615385 0.17908653846153846 0.016826923076923076 0.038461538461538464
0 0.4266826923076923 0.17067307692307693 0.014423076923076924 0.03365384615384615
0 0.44471153846153844 0.1814903846153846 0.014423076923076924 0.036057692307692304
0 0.46274038461538464 0.19110576923076922 0.019230769230769232 0.036057692307692304
0 0.46033653846153844 0.15264423076923078 0.01201923076923077 0.03125
0 0.4807692307692308 0.14783653846153846 0.014423076923076924 0.03365384615384615
0 0.4855769230769231 0.1622596153846154 0.009615384615384616 0.021634615384615384
0 0.4891826923076923 0.19110576923076922 0.021634615384615384 0.040865384615384616
0 0.5084134615384616 0.17307692307692307 0.019230769230769232 0.04807692307692308
0 0.5204326923076923 0.20432692307692307 0.021634615384615384 0.038461538461538464
0 0.5036057692307693 0.12740384615384615 0.01201923076923077 0.02403846153846154
0 0.5180288461538461 0.13942307692307693 0.01201923076923077 0.028846153846153848
0 0.5348557692307693 0.11658653846153846 0.019230769230769232 0.02403846153846154
0 0.5564903846153846 0.12980769230769232 0.019230769230769232 0.028846153846153848
0 0.5480769230769231 0.16947115384615385 0.019230769230769232 0.03125
0 0.5600961538461539 0.171875 0.019230769230769232 0.03365384615384615
0 0.5805288461538461 0.14182692307692307 0.016826923076923076 0.03365384615384615
0 0.5877403846153846 0.11538461538461539 0.014423076923076924 0.019230769230769232
0 0.5901442307692307 0.09975961538461539 0.014423076923076924 0.02403846153846154
0 0.6033653846153846 0.14543269230769232 0.019230769230769232 0.036057692307692304
0 0.6201923076923077 0.10096153846153846 0.009615384615384616 0.02403846153846154
0 0.6286057692307693 0.10576923076923077 0.014423076923076924 0.019230769230769232
0 0.6442307692307693 0.1346153846153846 0.019230769230769232 0.019230769230769232
0 0.6466346153846154 0.1141826923076923 0.014423076923076924 0.019230769230769232
0 0.6658653846153846 0.10817307692307693 0.014423076923076924 0.02403846153846154
0 0.6971153846153846 0.0985576923076923 0.009615384615384616 0.02403846153846154
0 0.5 0.3545673076923077 0.028846153846153848 0.057692307692307696
0 0.5637019230769231 0.29927884615384615 0.02403846153846154 0.057692307692307696
0 0.5612980769230769 0.24759615384615385 0.02403846153846154 0.04326923076923077
0 0.6165865384615384 0.25 0.021634615384615384 0.04807692307692308
0 0.6394230769230769 0.2848557692307692 0.028846153846153848 0.055288461538461536
0 0.6814903846153846 0.3125 0.028846153846153848 0.0625
0 0.6322115384615384 0.2091346153846154 0.02403846153846154 0.04326923076923077
0 0.6610576923076923 0.2091346153846154 0.02403846153846154 0.04807692307692308
0 0.6634615384615384 0.17067307692307693 0.019230769230769232 0.03365384615384615
0 0.6959134615384616 0.18269230769230768 0.019230769230769232 0.038461538461538464
0 0.6923076923076923 0.14783653846153846 0.014423076923076924 0.036057692307692304
0 0.7271634615384616 0.19230769230769232 0.02403846153846154 0.04807692307692308
0 0.7319711538461539 0.24278846153846154 0.026442307692307692 0.052884615384615384
0 0.7079326923076923 0.22956730769230768 0.026442307692307692 0.05048076923076923
0 0.7524038461538461 0.21634615384615385 0.02403846153846154 0.04807692307692308
0 0.7716346153846154 0.20793269230769232 0.02403846153846154 0.052884615384615384
0 0.7487980769230769 0.32211538461538464 0.036057692307692304 0.07211538461538461
0 0.7764423076923077 0.2776442307692308 0.02403846153846154 0.0625
0 0.8100961538461539 0.23677884615384615 0.019230769230769232 0.04567307692307692
0 0.7355769230769231 0.11177884615384616 0.019230769230769232 0.036057692307692304
0 0.7536057692307693 0.14182692307692307 0.019230769230769232 0.038461538461538464
0 0.7680288461538461 0.12860576923076922 0.014423076923076924 0.03125
0 0.78125 0.13701923076923078 0.014423076923076924 0.03365384615384615
0 0.7992788461538461 0.14182692307692307 0.016826923076923076 0.03365384615384615
0 0.828125 0.140625 0.014423076923076924 0.03125
0 0.8317307692307693 0.12259615384615384 0.014423076923076924 0.03365384615384615
0 0.8497596153846154 0.15865384615384615 0.016826923076923076 0.04326923076923077
0 0.8581730769230769 0.15144230769230768 0.014423076923076924 0.03365384615384615
0 0.8653846153846154 0.13341346153846154 0.014423076923076924 0.02403846153846154
0 0.828125 0.21153846153846154 0.026442307692307692 0.04326923076923077
0 0.8569711538461539 0.24759615384615385 0.021634615384615384 0.04807692307692308
0 0.8425480769230769 0.2980769230769231 0.028846153846153848 0.0673076923076923
0 0.796875 0.41346153846153844 0.036057692307692304 0.07692307692307693
0 0.9050480769230769 0.3545673076923077 0.03125 0.07451923076923077
0 0.9170673076923077 0.3088942307692308 0.026442307692307692 0.052884615384615384
0 0.9110576923076923 0.25841346153846156 0.02403846153846154 0.04567307692307692
0 0.8798076923076923 0.20432692307692307 0.019230769230769232 0.03365384615384615
0 0.8942307692307693 0.16466346153846154 0.019230769230769232 0.036057692307692304
0 0.9254807692307693 0.21033653846153846 0.019230769230769232 0.038461538461538464
0 0.9242788461538461 0.25841346153846156 0.019230769230769232 0.04567307692307692
0 0.9254807692307693 0.15504807692307693 0.014423076923076924 0.026442307692307692