0 0.055288461538461536 0.2704326923076923 0.03365384615384615 0.05048076923076923
0 0.08533653846153846 0.3269230769230769 0.03365384615384615 0.04807692307692308
0 0.1045673076923077 0.2980769230769231 0.026442307692307692 0.04807692307692308
0 0.11298076923076923 0.265625 0.02403846153846154 0.040865384615384616
0 0.12620192307692307 0.37259615384615385 0.03365384615384615 0.0625
0 0.14423076923076922 0.3449519230769231 0.028846153846153848 0.038461538461538464
0 0.14783653846153846 0.30649038461538464 0.021634615384615384 0.038461538461538464
0 0.17427884615384615 0.2764423076923077 0.02403846153846154 0.04326923076923077
0 0.17908653846153846 0.37740384615384615 0.038461538461538464 0.07692307692307693
0 0.20552884615384615 0.3425480769230769 0.028846153846153848 0.04567307692307692
0 0.22596153846153846 0.37259615384615385 0.03365384615384615 0.057692307692307696
0 0.21153846153846154 0.3004807692307692 0.028846153846153848 0.04326923076923077
0 0.22716346153846154 0.2704326923076923 0.02403846153846154 0.040865384615384616
0 0.25600961538461536 0.27884615384615385 0.019230769230769232 0.04326923076923077
0 0.265625 0.4050480769230769 0.038461538461538464 0.0673076923076923
0 0.26322115384615385 0.33774038461538464 0.02403846153846154 0.052884615384615384
0 0.27403846153846156 0.30528846153846156 0.02403846153846154 0.04326923076923077
0 0.2980769230769231 0.28846153846153844 0.019230769230769232 0.03365384615384615
0 0.30408653846153844 0.3762019230769231 0.026442307692307692 0.06009615384615385
0 0.33774038461538464 0.4098557692307692 0.036057692307692304 0.0625
0 0.32572115384615385 0.34975961538461536 0.026442307692307692 0.052884615384615384
0 0.33413461538461536 0.3076923076923077 0.02403846153846154 0.038461538461538464
0 0.34975961538461536 0.28725961538461536 0.021634615384615384 0.038461538461538464
0 0.38100961538461536 0.3762019230769231 0.026442307692307692 0.057692307692307696
0 0.38461538461538464 0.3389423076923077 0.02403846153846154 0.038461538461538464
0 0.3786057692307692 0.3125 0.021634615384615384 0.03365384615384615
0 0.40384615384615385 0.28846153846153844 0.028846153846153848 0.038461538461538464
0 0.4230769230769231 0.4110576923076923 0.038461538461538464 0.08173076923076923
0 0.4362980769230769 0.33653846153846156 0.028846153846153848 0.04807692307692308
0 0.4387019230769231 0.3076923076923077 0.02403846153846154 0.03365384615384615
0 0.4567307692307692 0.30408653846153844 0.019230769230769232 0.040865384615384616
0 0.4723557692307692 0.36658653846153844 0.028846153846153848 0.06490384615384616
0 0.5084134615384616 0.39663461538461536 0.040865384615384616 0.08173076923076923
0 0.5096153846153846 0.3293269230769231 0.02403846153846154 0.04326923076923077
0 0.4855769230769231 0.3137019230769231 0.02403846153846154 0.040865384615384616
0 0.5012019230769231 0.28365384615384615 0.016826923076923076 0.03365384615384615
0 0.5444711538461539 0.30288461538461536 0.021634615384615384 0.038461538461538464
0 0.5600961538461539 0.2980769230769231 0.02403846153846154 0.038461538461538464
0 0.5817307692307693 0.3473557692307692 0.02403846153846154 0.05048076923076923
0 0.5637019230769231 0.41346153846153844 0.03365384615384615 0.0625
0 0.5817307692307693 0.4651442307692308 0.038461538461538464 0.06971153846153846
0 0.6189903846153846 0.40024038461538464 0.03125 0.06009615384615385
0 0.6009615384615384 0.3161057692307692 0.019230769230769232 0.040865384615384616
0 0.5889423076923077 0.3088942307692308 0.02403846153846154 0.028846153846153848
0 0.6394230769230769 0.30649038461538464 0.019230769230769232 0.04326923076923077
0 0.6478365384615384 0.3701923076923077 0.02403846153846154 0.04807692307692308
0 0.6887019230769231 0.4387019230769231 0.040865384615384616 0.08173076923076923
0 0.6814903846153846 0.37259615384615385 0.03125 0.052884615384615384
0 0.6622596153846154 0.3245192307692308 0.02403846153846154 0.04326923076923077
0 0.671875 0.2848557692307692 0.019230769230769232 0.03365384615384615
0 0.7043269230769231 0.31850961538461536 0.02403846153846154 0.040865384615384616
0 0.7223557692307693 0.33774038461538464 0.026442307692307692 0.04567307692307692
0 0.7199519230769231 0.29086538461538464 0.021634615384615384 0.038461538461538464
0 0.7536057692307693 0.30649038461538464 0.026442307692307692 0.038461538461538464
0 0.7524038461538461 0.38100961538461536 0.03365384615384615 0.0625
0 0.7884615384615384 0.3401442307692308 0.028846153846153848 0.057692307692307696
0 0.8016826923076923 0.41947115384615385 0.040865384615384616 0.06971153846153846
0 0.7728365384615384 0.26322115384615385 0.02403846153846154 0.038461538461538464
0 0.8125 0.3004807692307692 0.02403846153846154 0.04326923076923077
0 0.8245192307692307 0.2548076923076923 0.02403846153846154 0.04326923076923077
0 0.8185096153846154 0.3545673076923077 0.03365384615384615 0.057692307692307696
0 0.8762019230769231 0.40625 0.036057692307692304 0.0625
0 0.8990384615384616 0.36899038461538464 0.028846153846153848 0.057692307692307696
0 0.8725961538461539 0.30649038461538464 0.02403846153846154 0.04567307692307692
0 0.9362980769230769 0.27524038461538464 0.028846153846153848 0.05048076923076923
0 0.9435096153846154 0.40024038461538464 0.040865384615384616 0.07211538461538461