0 0.07692307692307693 0.3293269230769231 0.019230769230769232 0.03365384615384615
0 0.203125 0.5144230769230769 0.052884615384615384 0.10096153846153846
0 0.22235576923076922 0.2283653846153846 0.019230769230769232 0.03365384615384615
0 0.4326923076923077 0.26802884615384615 0.028846153846153848 0.04567307692307692
0 0.42908653846153844 0.21394230769230768 0.021634615384615384 0.038461538461538464
0 0.4639423076923077 0.21995192307692307 0.02403846153846154 0.04567307692307692
0 0.49759615384615385 0.30528846153846156 0.03365384615384615 0.0625
0 0.5540865384615384 0.3605769230769231 0.03365384615384615 0.057692307692307696
0 0.734375 0.13822115384615385 0.016826923076923076 0.040865384615384616
0 0.7668269230769231 0.1466346153846154 0.019230769230769232 0.04807692307692308
0 0.90625 0.21754807692307693 0.02403846153846154 0.055288461538461536