0 0.44591346153846156 0.3245192307692308 0.1346153846153846 0.2548076923076923
0 0.33413461538461536 0.3629807692307692 0.052884615384615384 0.08173076923076923
0 0.36899038461538464 0.31971153846153844 0.03365384615384615 0.0625
0 0.5769230769230769 0.23076923076923078 0.028846153846153848 0.038461538461538464
0 0.6334134615384616 0.296875 0.016826923076923076 0.028846153846153848
0 0.6454326923076923 0.30408653846153844 0.016826923076923076 0.038461538461538464
0 0.6610576923076923 0.3293269230769231 0.02403846153846154 0.04326923076923077
0 0.6850961538461539 0.2704326923076923 0.052884615384615384 0.08173076923076923
0 0.7463942307692307 0.32211538461538464 0.021634615384615384 0.038461538461538464
0 0.7716346153846154 0.3581730769230769 0.02403846153846154 0.04807692307692308
0 0.7980769230769231 0.41346153846153844 0.038461538461538464 0.0673076923076923
0 0.8173076923076923 0.36778846153846156 0.028846153846153848 0.052884615384615384
0 0.8040865384615384 0.3581730769230769 0.019230769230769232 0.04807692307692308
0 0.7932692307692307 0.33413461538461536 0.019230769230769232 0.04326923076923077
0 0.8365384615384616 0.3389423076923077 0.019230769230769232 0.038461538461538464
0 0.8557692307692307 0.3605769230769231 0.028846153846153848 0.04807692307692308
0 0.8665865384615384 0.33533653846153844 0.016826923076923076 0.028846153846153848
0 0.875 0.3245192307692308 0.014423076923076924 0.028846153846153848
0 0.8954326923076923 0.375 0.036057692307692304 0.0673076923076923
0 0.9158653846153846 0.33653846153846156 0.02403846153846154 0.03365384615384615
0 0.9206730769230769 0.36658653846153844 0.02403846153846154 0.040865384615384616
0 0.9350961538461539 0.3329326923076923 0.014423076923076924 0.038461538461538464
0 0.953125 0.37259615384615385 0.02403846153846154 0.04326923076923077
0 0.984375 0.3605769230769231 0.02403846153846154 0.04326923076923077
0 0.984375 0.4230769230769231 0.028846153846153848 0.07211538461538461
0 0.9411057692307693 0.42788461538461536 0.057692307692307696 0.07692307692307693
0 0.8930288461538461 0.4387019230769231 0.040865384615384616 0.06971153846153846