0 0.1310096153846154 0.2776442307692308 0.016826923076923076 0.03365384615384615
0 0.21394230769230768 0.4579326923076923 0.04326923076923077 0.09375
0 0.2536057692307692 0.42427884615384615 0.040865384615384616 0.10096153846153846
0 0.34375 0.2512019230769231 0.019230769230769232 0.036057692307692304
0 0.36538461538461536 0.25721153846153844 0.019230769230769232 0.04326923076923077
0 0.4230769230769231 0.28365384615384615 0.019230769230769232 0.038461538461538464
0 0.4387019230769231 0.23197115384615385 0.019230769230769232 0.036057692307692304
0 0.41586538461538464 0.22596153846153846 0.02403846153846154 0.028846153846153848
0 0.44591346153846156 0.18870192307692307 0.014423076923076924 0.03365384615384615
0 0.47115384615384615 0.1971153846153846 0.019230769230769232 0.038461538461538464
0 0.45552884615384615 0.15144230769230768 0.01201923076923077 0.02403846153846154
0 0.4675480769230769 0.1466346153846154 0.014423076923076924 0.02403846153846154
0 0.47475961538461536 0.1622596153846154 0.01201923076923077 0.021634615384615384
0 0.4795673076923077 0.125 0.01201923076923077 0.019230769230769232
0 0.5120192307692307 0.15625 0.014423076923076924 0.03365384615384615
0 0.5252403846153846 0.13822115384615385 0.014423076923076924 0.03125
0 0.5540865384615384 0.14783653846153846 0.01201923076923077 0.026442307692307692
0 0.5709134615384616 0.15264423076923078 0.014423076923076924 0.026442307692307692
0 0.5336538461538461 0.19471153846153846 0.019230769230769232 0.03365384615384615
0 0.5516826923076923 0.05889423076923077 0.01201923076923077 0.02403846153846154
0 0.609375 0.051682692307692304 0.01201923076923077 0.016826923076923076
0 0.5036057692307693 0.28846153846153844 0.026442307692307692 0.057692307692307696
0 0.6478365384615384 0.25 0.02403846153846154 0.04807692307692308
0 0.7115384615384616 0.28725961538461536 0.028846153846153848 0.05048076923076923
0 0.7560096153846154 0.2956730769230769 0.028846153846153848 0.052884615384615384
0 0.8689903846153846 0.22956730769230768 0.019230769230769232 0.038461538461538464
0 0.7944711538461539 0.18990384615384615 0.014423076923076924 0.03365384615384615
0 0.7536057692307693 0.1778846153846154 0.016826923076923076 0.038461538461538464
0 0.7427884615384616 0.1502403846153846 0.014423076923076924 0.026442307692307692
0 0.7295673076923077 0.15865384615384615 0.014423076923076924 0.038461538461538464
0 0.6778846153846154 0.16105769230769232 0.019230769230769232 0.03365384615384615
0 0.7055288461538461 0.14302884615384615 0.014423076923076924 0.03125
0 0.8088942307692307 0.1310096153846154 0.014423076923076924 0.03125