0 0.2247596153846154 0.38100961538461536 0.06009615384615385 0.0985576923076923
0 0.5420673076923077 0.2980769230769231 0.026442307692307692 0.0625
0 0.5516826923076923 0.18389423076923078 0.019230769230769232 0.036057692307692304
0 0.6274038461538461 0.18990384615384615 0.02403846153846154 0.04326923076923077
0 0.6730769230769231 0.203125 0.019230769230769232 0.040865384615384616
0 0.6658653846153846 0.1875 0.014423076923076924 0.028846153846153848
0 0.6670673076923077 0.24879807692307693 0.02403846153846154 0.04807692307692308
0 0.6682692307692307 0.3112980769230769 0.028846153846153848 0.057692307692307696
0 0.7091346153846154 0.19831730769230768 0.019230769230769232 0.036057692307692304
0 0.7415865384615384 0.20432692307692307 0.019230769230769232 0.03365384615384615
0 0.7668269230769231 0.234375 0.02403846153846154 0.04567307692307692
0 0.7259615384615384 0.2644230769230769 0.02403846153846154 0.04807692307692308
0 0.8269230769230769 0.36538461538461536 0.028846153846153848 0.0673076923076923
0 0.8930288461538461 0.45072115384615385 0.03125 0.06971153846153846