0 0.12139423076923077 0.5600961538461539 0.040865384615384616 0.07211538461538461
0 0.8365384615384616 0.5204326923076923 0.028846153846153848 0.07451923076923077
0 0.7211538461538461 0.5252403846153846 0.038461538461538464 0.07692307692307693
0 0.5528846153846154 0.43028846153846156 0.019230769230769232 0.04326923076923077
0 0.6033653846153846 0.46634615384615385 0.03365384615384615 0.0673076923076923
0 0.6514423076923077 0.484375 0.038461538461538464 0.07932692307692307
0 0.9591346153846154 0.2848557692307692 0.014423076923076924 0.03125
0 0.8978365384615384 0.2668269230769231 0.01201923076923077 0.03365384615384615
0 0.859375 0.26322115384615385 0.016826923076923076 0.026442307692307692
0 0.8269230769230769 0.2536057692307692 0.009615384615384616 0.03125
0 0.7980769230769231 0.24639423076923078 0.019230769230769232 0.03125
0 0.7608173076923077 0.2439903846153846 0.014423076923076924 0.03125
0 0.6875 0.21875 0.009615384615384616 0.02403846153846154
0 0.6117788461538461 0.21514423076923078 0.009615384615384616 0.026442307692307692
0 0.5649038461538461 0.23557692307692307 0.014423076923076924 0.03365384615384615
0 0.5793269230769231 0.23197115384615385 0.014423076923076924 0.026442307692307692
0 0.6418269230769231 0.22115384615384615 0.014423076923076924 0.028846153846153848
0 0.6502403846153846 0.234375 0.019230769230769232 0.028846153846153848
0 0.71875 0.2608173076923077 0.019230769230769232 0.03125
0 0.7463942307692307 0.2620192307692308 0.01201923076923077 0.03365384615384615
0 0.6538461538461539 0.2668269230769231 0.019230769230769232 0.028846153846153848
0 0.59375 0.24639423076923078 0.014423076923076924 0.026442307692307692
0 0.7992788461538461 0.296875 0.016826923076923076 0.04326923076923077
0 0.8305288461538461 0.3137019230769231 0.021634615384615384 0.040865384615384616
0 0.8617788461538461 0.33052884615384615 0.016826923076923076 0.04326923076923077
0 0.8894230769230769 0.3485576923076923 0.009615384615384616 0.04326923076923077
0 0.8810096153846154 0.28125 0.014423076923076924 0.02403846153846154
0 0.9122596153846154 0.28846153846153844 0.019230769230769232 0.038461538461538464
0 0.9050480769230769 0.33052884615384615 0.019230769230769232 0.04567307692307692
0 0.9326923076923077 0.3425480769230769 0.019230769230769232 0.03125
0 0.953125 0.3233173076923077 0.016826923076923076 0.03125
0 0.9326923076923077 0.3112980769230769 0.019230769230769232 0.036057692307692304
0 0.9519230769230769 0.3701923076923077 0.019230769230769232 0.038461538461538464
0 0.7091346153846154 0.3088942307692308 0.02403846153846154 0.040865384615384616
0 0.6814903846153846 0.30408653846153844 0.016826923076923076 0.036057692307692304
0 0.6490384615384616 0.3125 0.028846153846153848 0.038461538461538464
0 0.5925480769230769 0.28365384615384615 0.016826923076923076 0.028846153846153848
0 0.6177884615384616 0.25841346153846156 0.014423076923076924 0.026442307692307692
0 0.5168269230769231 0.27163461538461536 0.014423076923076924 0.02403846153846154
0 0.4735576923076923 0.25 0.02403846153846154 0.028846153846153848
0 0.5552884615384616 0.25961538461538464 0.019230769230769232 0.03365384615384615
0 0.5540865384615384 0.2956730769230769 0.019230769230769232 0.03365384615384615
0 0.39783653846153844 0.2692307692307692 0.014423076923076924 0.038461538461538464
0 0.4326923076923077 0.27163461538461536 0.019230769230769232 0.02403846153846154
0 0.4699519230769231 0.28966346153846156 0.019230769230769232 0.026442307692307692
0 0.48197115384615385 0.32091346153846156 0.02403846153846154 0.026442307692307692
0 0.5180288461538461 0.33413461538461536 0.021634615384615384 0.028846153846153848
0 0.3581730769230769 0.30528846153846156 0.02403846153846154 0.02403846153846154
0 0.28846153846153844 0.31971153846153844 0.019230769230769232 0.02403846153846154
0 0.22956730769230768 0.3485576923076923 0.019230769230769232 0.028846153846153848
0 0.2644230769230769 0.3557692307692308 0.019230769230769232 0.04326923076923077
0 0.33774038461538464 0.36538461538461536 0.026442307692307692 0.057692307692307696
0 0.41346153846153844 0.3449519230769231 0.019230769230769232 0.04807692307692308
0 0.4483173076923077 0.3473557692307692 0.019230769230769232 0.040865384615384616
0 0.5516826923076923 0.37259615384615385 0.021634615384615384 0.04326923076923077
0 0.48677884615384615 0.4182692307692308 0.026442307692307692 0.04807692307692308
0 0.609375 0.39302884615384615 0.026442307692307692 0.05048076923076923
0 0.6105769230769231 0.34134615384615385 0.02403846153846154 0.038461538461538464
0 0.6622596153846154 0.38341346153846156 0.028846153846153848 0.040865384615384616
0 0.7019230769230769 0.3798076923076923 0.019230769230769232 0.038461538461538464
0 0.7379807692307693 0.41225961538461536 0.028846153846153848 0.05048076923076923
0 0.8028846153846154 0.4423076923076923 0.028846153846153848 0.0625
0 0.8293269230769231 0.37259615384615385 0.028846153846153848 0.04807692307692308
0 0.8762019230769231 0.4050480769230769 0.028846153846153848 0.06490384615384616
0 0.9423076923076923 0.47716346153846156 0.028846153846153848 0.0625
0 0.41225961538461536 0.3137019230769231 0.02403846153846154 0.04326923076923077
0 0.42788461538461536 0.3076923076923077 0.019230769230769232 0.038461538461538464
0 0.5324519230769231 0.2920673076923077 0.02403846153846154 0.04807692307692308
0 0.6875 0.24278846153846154 0.019230769230769232 0.03365384615384615
0 0.35697115384615385 0.3449519230769231 0.016826923076923076 0.04326923076923077
0 0.5300480769230769 0.26322115384615385 0.016826923076923076 0.03125