0 0.042067307692307696 0.5817307692307693 0.04567307692307692 0.11538461538461539
0 0.21153846153846154 0.3004807692307692 0.019230769230769232 0.04326923076923077
0 0.27283653846153844 0.25841346153846156 0.016826923076923076 0.05048076923076923
0 0.32211538461538464 0.24639423076923078 0.019230769230769232 0.038461538461538464
0 0.3293269230769231 0.21634615384615385 0.02403846153846154 0.04807692307692308
0 0.34375 0.2403846153846154 0.014423076923076924 0.04807692307692308
0 0.36538461538461536 0.21634615384615385 0.009615384615384616 0.028846153846153848
0 0.36538461538461536 0.20072115384615385 0.009615384615384616 0.03365384615384615
0 0.38100961538461536 0.28365384615384615 0.021634615384615384 0.04807692307692308
0 0.40384615384615385 0.1971153846153846 0.019230769230769232 0.04326923076923077
0 0.4110576923076923 0.24879807692307693 0.019230769230769232 0.04807692307692308
0 0.44591346153846156 0.31490384615384615 0.021634615384615384 0.0625
0 0.44711538461538464 0.1971153846153846 0.019230769230769232 0.038461538461538464
0 0.4807692307692308 0.2644230769230769 0.02403846153846154 0.057692307692307696
0 0.48677884615384615 0.1778846153846154 0.016826923076923076 0.04807692307692308
0 0.5072115384615384 0.15865384615384615 0.019230769230769232 0.038461538461538464
0 0.5060096153846154 0.2127403846153846 0.019230769230769232 0.05048076923076923
0 0.46634615384615385 0.17307692307692307 0.019230769230769232 0.04807692307692308
0 0.5420673076923077 0.16826923076923078 0.016826923076923076 0.03365384615384615
0 0.5612980769230769 0.23557692307692307 0.021634615384615384 0.04326923076923077
0 0.5649038461538461 0.14903846153846154 0.02403846153846154 0.04807692307692308
0 0.5576923076923077 0.1658653846153846 0.014423076923076924 0.038461538461538464
0 0.5865384615384616 0.13942307692307693 0.019230769230769232 0.04326923076923077
0 0.5841346153846154 0.21033653846153846 0.019230769230769232 0.038461538461538464
0 0.59375 0.16706730769230768 0.014423076923076924 0.05048076923076923
0 0.6021634615384616 0.13581730769230768 0.014423076923076924 0.038461538461538464
0 0.640625 0.12980769230769232 0.014423076923076924 0.038461538461538464
0 0.6358173076923077 0.21153846153846154 0.021634615384615384 0.04326923076923077
0 0.6742788461538461 0.13341346153846154 0.016826923076923076 0.04567307692307692
0 0.6658653846153846 0.1875 0.014423076923076924 0.04326923076923077
0 0.6995192307692307 0.13942307692307693 0.02403846153846154 0.038461538461538464
0 0.6923076923076923 0.16105769230769232 0.019230769230769232 0.038461538461538464
0 0.7211538461538461 0.15865384615384615 0.019230769230769232 0.04807692307692308
0 0.6213942307692307 0.3004807692307692 0.021634615384615384 0.0625
0 0.5649038461538461 0.3605769230769231 0.02403846153846154 0.04807692307692308
0 0.6177884615384616 0.3786057692307692 0.02403846153846154 0.057692307692307696
0 0.6634615384615384 0.41947115384615385 0.028846153846153848 0.057692307692307696
0 0.6658653846153846 0.2644230769230769 0.02403846153846154 0.057692307692307696
0 0.71875 0.22596153846153846 0.02403846153846154 0.04807692307692308
0 0.7163461538461539 0.3016826923076923 0.019230769230769232 0.04807692307692308
0 0.7463942307692307 0.21033653846153846 0.014423076923076924 0.055288461538461536
0 0.7848557692307693 0.1778846153846154 0.016826923076923076 0.04807692307692308
0 0.8137019230769231 0.1971153846153846 0.016826923076923076 0.038461538461538464
0 0.7836538461538461 0.22115384615384615 0.019230769230769232 0.038461538461538464
0 0.7716346153846154 0.2932692307692308 0.02403846153846154 0.052884615384615384
0 0.7355769230769231 0.4026442307692308 0.028846153846153848 0.055288461538461536
0 0.8052884615384616 0.46274038461538464 0.028846153846153848 0.08173076923076923
0 0.8185096153846154 0.3088942307692308 0.016826923076923076 0.057692307692307696
0 0.8293269230769231 0.22716346153846154 0.014423076923076924 0.05048076923076923
0 0.875 0.24519230769230768 0.019230769230769232 0.04807692307692308
0 0.8653846153846154 0.3545673076923077 0.02403846153846154 0.06490384615384616
0 0.8942307692307693 0.4338942307692308 0.019230769230769232 0.06009615384615385
0 0.8617788461538461 0.5360576923076923 0.038461538461538464 0.10096153846153846
0 0.9074519230769231 0.24879807692307693 0.01201923076923077 0.04326923076923077
0 0.8930288461538461 0.28725961538461536 0.016826923076923076 0.05048076923076923
0 0.921875 0.3389423076923077 0.014423076923076924 0.04326923076923077
0 0.9362980769230769 0.2776442307692308 0.014423076923076924 0.04326923076923077
0 0.9519230769230769 0.26802884615384615 0.019230769230769232 0.04326923076923077
0 0.984375 0.2704326923076923 0.019230769230769232 0.04807692307692308
0 0.9747596153846154 0.3161057692307692 0.01201923076923077 0.040865384615384616
0 0.9639423076923077 0.3918269230769231 0.02403846153846154 0.0625
0 0.9567307692307693 0.45552884615384615 0.02403846153846154 0.055288461538461536
0 0.7584134615384616 0.24158653846153846 0.028846153846153848 0.057692307692307696
0 0.7920673076923077 0.26322115384615385 0.019230769230769232 0.038461538461538464
0 0.6153846153846154 0.18629807692307693 0.014423076923076924 0.04807692307692308
0 0.6262019230769231 0.1622596153846154 0.021634615384615384 0.038461538461538464
0 0.4254807692307692 0.18389423076923078 0.014423076923076924 0.03365384615384615