0 0.20072115384615385 0.4206730769230769 0.04326923076923077 0.08653846153846154
0 0.2860576923076923 0.25721153846153844 0.014423076923076924 0.03365384615384615
0 0.29927884615384615 0.24158653846153846 0.019230769230769232 0.04326923076923077
0 0.33052884615384615 0.2620192307692308 0.02403846153846154 0.038461538461538464
0 0.3233173076923077 0.21033653846153846 0.014423076923076924 0.03365384615384615
0 0.33533653846153844 0.2127403846153846 0.016826923076923076 0.038461538461538464
0 0.4026442307692308 0.2512019230769231 0.019230769230769232 0.04326923076923077
0 0.40024038461538464 0.22956730769230768 0.019230769230769232 0.04326923076923077
0 0.43149038461538464 0.2439903846153846 0.021634615384615384 0.038461538461538464
0 0.42788461538461536 0.25961538461538464 0.02403846153846154 0.04807692307692308
0 0.41466346153846156 0.18389423076923078 0.016826923076923076 0.03125
0 0.43028846153846156 0.1778846153846154 0.014423076923076924 0.03365384615384615
0 0.4098557692307692 0.16706730769230768 0.014423076923076924 0.03365384615384615
0 0.42908653846153844 0.15625 0.014423076923076924 0.03365384615384615
0 0.46875 0.13701923076923078 0.014423076923076924 0.028846153846153848
0 0.4723557692307692 0.14783653846153846 0.014423076923076924 0.03125
0 0.48197115384615385 0.18389423076923078 0.016826923076923076 0.040865384615384616
0 0.4795673076923077 0.22115384615384615 0.016826923076923076 0.04807692307692308
0 0.5300480769230769 0.18870192307692307 0.019230769230769232 0.04326923076923077
0 0.5144230769230769 0.17668269230769232 0.019230769230769232 0.036057692307692304
0 0.49038461538461536 0.1310096153846154 0.009615384615384616 0.026442307692307692
0 0.49759615384615385 0.11899038461538461 0.009615384615384616 0.02403846153846154
0 0.5216346153846154 0.12259615384615384 0.014423076923076924 0.028846153846153848
0 0.5372596153846154 0.1310096153846154 0.016826923076923076 0.03125
0 0.5625 0.15264423076923078 0.014423076923076924 0.03365384615384615
0 0.5661057692307693 0.1310096153846154 0.01201923076923077 0.028846153846153848
0 0.47115384615384615 0.31971153846153844 0.02403846153846154 0.052884615384615384
0 0.5456730769230769 0.29447115384615385 0.03365384615384615 0.052884615384615384
0 0.5901442307692307 0.23197115384615385 0.019230769230769232 0.04807692307692308
0 0.5997596153846154 0.15745192307692307 0.016826923076923076 0.03365384615384615
0 0.59375 0.13341346153846154 0.014423076923076924 0.03125
0 0.5901442307692307 0.09975961538461539 0.01201923076923077 0.02403846153846154
0 0.6009615384615384 0.10216346153846154 0.009615384615384616 0.03125
0 0.6165865384615384 0.13701923076923078 0.01201923076923077 0.03365384615384615
0 0.6141826923076923 0.11658653846153846 0.01201923076923077 0.026442307692307692
0 0.6274038461538461 0.125 0.014423076923076924 0.028846153846153848
0 0.6610576923076923 0.1045673076923077 0.014423076923076924 0.02403846153846154
0 0.6778846153846154 0.10576923076923077 0.009615384615384616 0.028846153846153848
0 0.65625 0.16105769230769232 0.014423076923076924 0.04326923076923077
0 0.6201923076923077 0.19831730769230768 0.019230769230769232 0.038461538461538464
0 0.6418269230769231 0.23076923076923078 0.02403846153846154 0.04807692307692308
0 0.6586538461538461 0.25721153846153844 0.019230769230769232 0.04326923076923077
0 0.6694711538461539 0.2980769230769231 0.03125 0.0673076923076923
0 0.6610576923076923 0.203125 0.02403846153846154 0.04807692307692308
0 0.6838942307692307 0.14903846153846154 0.016826923076923076 0.028846153846153848
0 0.7127403846153846 0.171875 0.014423076923076924 0.03365384615384615
0 0.7247596153846154 0.15384615384615385 0.01201923076923077 0.028846153846153848
0 0.7415865384615384 0.18509615384615385 0.019230769230769232 0.04326923076923077
0 0.7199519230769231 0.21033653846153846 0.02403846153846154 0.040865384615384616
0 0.7283653846153846 0.25841346153846156 0.02403846153846154 0.057692307692307696
0 0.7692307692307693 0.3233173076923077 0.03365384615384615 0.057692307692307696
0 0.765625 0.2127403846153846 0.021634615384615384 0.038461538461538464
0 0.7692307692307693 0.16826923076923078 0.019230769230769232 0.038461538461538464
0 0.7644230769230769 0.140625 0.019230769230769232 0.03365384615384615
0 0.7800480769230769 0.125 0.014423076923076924 0.038461538461538464
0 0.8100961538461539 0.12379807692307693 0.014423076923076924 0.040865384615384616
0 0.7932692307692307 0.15865384615384615 0.009615384615384616 0.03365384615384615
0 0.8040865384615384 0.19591346153846154 0.019230769230769232 0.040865384615384616
0 0.8185096153846154 0.1658653846153846 0.016826923076923076 0.04807692307692308
0 0.8341346153846154 0.15264423076923078 0.014423076923076924 0.03125
0 0.84375 0.12740384615384615 0.014423076923076924 0.03365384615384615
0 0.8762019230769231 0.13581730769230768 0.01201923076923077 0.03125
0 0.8557692307692307 0.17668269230769232 0.009615384615384616 0.03125
0 0.8497596153846154 0.20072115384615385 0.016826923076923076 0.038461538461538464
0 0.8353365384615384 0.21875 0.02403846153846154 0.04326923076923077
0 0.8028846153846154 0.2704326923076923 0.028846153846153848 0.057692307692307696
0 0.8641826923076923 0.28125 0.02403846153846154 0.052884615384615384
0 0.8954326923076923 0.20192307692307693 0.016826923076923076 0.038461538461538464
0 0.921875 0.2512019230769231 0.021634615384615384 0.052884615384615384
0 0.8942307692307693 0.18389423076923078 0.009615384615384616 0.03365384615384615