0 0.09975961538461539 0.5 0.07451923076923077 0.1201923076923077
0 0.14302884615384615 0.4699519230769231 0.05048076923076923 0.08653846153846154
0 0.09975961538461539 0.3954326923076923 0.03365384615384615 0.052884615384615384
0 0.025240384615384616 0.39302884615384615 0.03125 0.04326923076923077
0 0.14543269230769232 0.3870192307692308 0.026442307692307692 0.04326923076923077
0 0.18870192307692307 0.37740384615384615 0.026442307692307692 0.03365384615384615
0 0.24639423076923078 0.3762019230769231 0.026442307692307692 0.04326923076923077
0 0.28365384615384615 0.3737980769230769 0.02403846153846154 0.04567307692307692
0 0.27283653846153844 0.43149038461538464 0.04326923076923077 0.07932692307692307
0 0.3161057692307692 0.4326923076923077 0.036057692307692304 0.057692307692307696
0 0.3137019230769231 0.3786057692307692 0.021634615384615384 0.038461538461538464
0 0.34375 0.3641826923076923 0.02403846153846154 0.036057692307692304
0 0.36177884615384615 0.36658653846153844 0.016826923076923076 0.040865384615384616
0 0.38461538461538464 0.3545673076923077 0.019230769230769232 0.036057692307692304
0 0.38461538461538464 0.41947115384615385 0.028846153846153848 0.055288461538461536
0 0.4579326923076923 0.41466346153846156 0.026442307692307692 0.055288461538461536
0 0.5072115384615384 0.4110576923076923 0.03365384615384615 0.052884615384615384
0 0.5396634615384616 0.3894230769230769 0.021634615384615384 0.038461538461538464
0 0.5721153846153846 0.3762019230769231 0.019230769230769232 0.038461538461538464
0 0.5853365384615384 0.3894230769230769 0.021634615384615384 0.038461538461538464
0 0.6370192307692307 0.3701923076923077 0.02403846153846154 0.038461538461538464
0 0.7055288461538461 0.3737980769230769 0.026442307692307692 0.036057692307692304
0 0.7596153846153846 0.38341346153846156 0.019230769230769232 0.03365384615384615
0 0.46274038461538464 0.5913461538461539 0.11538461538461539 0.17307692307692307
0 0.6454326923076923 0.5240384615384616 0.07932692307692307 0.14423076923076922
0 0.8377403846153846 0.49038461538461536 0.057692307692307696 0.10576923076923077
0 0.890625 0.46274038461538464 0.04567307692307692 0.07211538461538461
0 0.8822115384615384 0.4254807692307692 0.038461538461538464 0.057692307692307696
0 0.8581730769230769 0.4074519230769231 0.028846153846153848 0.05048076923076923
0 0.8617788461538461 0.38221153846153844 0.02403846153846154 0.04326923076923077
0 0.8269230769230769 0.38822115384615385 0.028846153846153848 0.04326923076923077
0 0.7980769230769231 0.38461538461538464 0.02403846153846154 0.038461538461538464