0 0.16466346153846154 0.040865384615384616 0.028846153846153848 0.0625
0 0.0829326923076923 0.3137019230769231 0.08173076923076923 0.13221153846153846
0 0.14182692307692307 0.4879807692307692 0.12980769230769232 0.20192307692307693
0 0.28846153846153844 0.2692307692307692 0.0673076923076923 0.09615384615384616
0 0.453125 0.46634615384615385 0.0889423076923077 0.15865384615384615
0 0.47475961538461536 0.2932692307692308 0.0625 0.09615384615384616
0 0.46033653846153844 0.7487980769230769 0.18509615384615385 0.28846153846153844
0 0.7512019230769231 0.5540865384615384 0.15384615384615385 0.23557692307692307
0 0.8461538461538461 0.515625 0.09615384615384616 0.18990384615384615
0 0.8653846153846154 0.2776442307692308 0.07692307692307693 0.11778846153846154
0 0.9783653846153846 0.18509615384615385 0.038461538461538464 0.08173076923076923
0 0.78125 0.21153846153846154 0.03365384615384615 0.0673076923076923
0 0.7487980769230769 0.14783653846153846 0.028846153846153848 0.057692307692307696
0 0.6538461538461539 0.15504807692307693 0.02403846153846154 0.04567307692307692
0 0.5540865384615384 0.1622596153846154 0.021634615384615384 0.038461538461538464