0 0.020432692307692308 0.5300480769230769 0.03125 0.0673076923076923
0 0.16105769230769232 0.5709134615384616 0.057692307692307696 0.11057692307692307
0 0.1658653846153846 0.47596153846153844 0.03365384615384615 0.0673076923076923
0 0.20192307692307693 0.5384615384615384 0.038461538461538464 0.07692307692307693
0 0.10096153846153846 0.6069711538461539 0.04326923076923077 0.07451923076923077
0 0.25240384615384615 0.5913461538461539 0.08173076923076923 0.14423076923076922
0 0.32091346153846156 0.7403846153846154 0.15144230769230768 0.3605769230769231
0 0.32091346153846156 0.5504807692307693 0.04567307692307692 0.08173076923076923
0 0.2800480769230769 0.5336538461538461 0.040865384615384616 0.09615384615384616
0 0.38100961538461536 0.5829326923076923 0.038461538461538464 0.08413461538461539
0 0.3894230769230769 0.5540865384615384 0.038461538461538464 0.06971153846153846
0 0.4423076923076923 0.5841346153846154 0.04326923076923077 0.09134615384615384
0 0.5204326923076923 0.6141826923076923 0.08173076923076923 0.16105769230769232
0 0.5757211538461539 0.5745192307692307 0.040865384615384616 0.08653846153846154
0 0.6141826923076923 0.5853365384615384 0.036057692307692304 0.0889423076923077
0 0.5228365384615384 0.4254807692307692 0.028846153846153848 0.0625
0 0.9026442307692307 0.6081730769230769 0.038461538461538464 0.07211538461538461
0 0.9230769230769231 0.6346153846153846 0.04807692307692308 0.08653846153846154