0 0.1778846153846154 0.4543269230769231 0.057692307692307696 0.11057692307692307
0 0.21995192307692307 0.36899038461538464 0.05048076923076923 0.10336538461538461
0 0.26322115384615385 0.2091346153846154 0.021634615384615384 0.04326923076923077
0 0.3293269230769231 0.27884615384615385 0.02403846153846154 0.04807692307692308
0 0.34375 0.2608173076923077 0.019230769230769232 0.04326923076923077
0 0.4230769230769231 0.27524038461538464 0.02403846153846154 0.04326923076923077
0 0.41225961538461536 0.22115384615384615 0.021634615384615384 0.04326923076923077
0 0.4050480769230769 0.19110576923076922 0.019230769230769232 0.03125
0 0.4362980769230769 0.22596153846153846 0.026442307692307692 0.04807692307692308
0 0.4483173076923077 0.18389423076923078 0.016826923076923076 0.04567307692307692
0 0.4495192307692308 0.15625 0.019230769230769232 0.03365384615384615
0 0.4651442307692308 0.15625 0.016826923076923076 0.03365384615384615
0 0.4675480769230769 0.1971153846153846 0.021634615384615384 0.038461538461538464
0 0.47836538461538464 0.13341346153846154 0.014423076923076924 0.028846153846153848
0 0.5024038461538461 0.1778846153846154 0.02403846153846154 0.04807692307692308
0 0.5324519230769231 0.20673076923076922 0.028846153846153848 0.052884615384615384
0 0.5240384615384616 0.13942307692307693 0.019230769230769232 0.03365384615384615
0 0.5528846153846154 0.14903846153846154 0.019230769230769232 0.03365384615384615
0 0.5564903846153846 0.11538461538461539 0.016826923076923076 0.03365384615384615
0 0.5877403846153846 0.125 0.019230769230769232 0.04326923076923077
0 0.6550480769230769 0.08173076923076923 0.016826923076923076 0.038461538461538464
0 0.6959134615384616 0.06971153846153846 0.019230769230769232 0.03365384615384615
0 0.6875 0.09975961538461539 0.014423076923076924 0.03365384615384615
0 0.6790865384615384 0.15865384615384615 0.02403846153846154 0.04807692307692308
0 0.6141826923076923 0.234375 0.028846153846153848 0.04807692307692308
0 0.6502403846153846 0.24879807692307693 0.026442307692307692 0.05048076923076923
0 0.47716346153846156 0.32572115384615385 0.038461538461538464 0.08173076923076923
0 0.7091346153846154 0.2800480769230769 0.028846153846153848 0.055288461538461536
0 0.7668269230769231 0.2668269230769231 0.028846153846153848 0.057692307692307696
0 0.7199519230769231 0.16346153846153846 0.019230769230769232 0.04326923076923077
0 0.7067307692307693 0.14543269230769232 0.019230769230769232 0.036057692307692304
0 0.7367788461538461 0.14903846153846154 0.016826923076923076 0.04326923076923077
0 0.7451923076923077 0.11057692307692307 0.014423076923076924 0.038461538461538464
0 0.7475961538461539 0.17307692307692307 0.019230769230769232 0.038461538461538464
0 0.7896634615384616 0.1875 0.019230769230769232 0.038461538461538464
0 0.8028846153846154 0.13221153846153846 0.019230769230769232 0.028846153846153848
0 0.8497596153846154 0.1814903846153846 0.019230769230769232 0.036057692307692304
0 0.8617788461538461 0.22355769230769232 0.019230769230769232 0.04807692307692308