0 0.04567307692307692 0.6358173076923077 0.052884615384615384 0.12259615384615384
0 0.23076923076923078 0.26322115384615385 0.014423076923076924 0.04326923076923077
0 0.24879807692307693 0.265625 0.016826923076923076 0.04807692307692308
0 0.26802884615384615 0.25240384615384615 0.014423076923076924 0.04326923076923077
0 0.32211538461538464 0.2439903846153846 0.019230769230769232 0.040865384615384616
0 0.31971153846153844 0.21033653846153846 0.02403846153846154 0.040865384615384616
0 0.3581730769230769 0.24639423076923078 0.02403846153846154 0.036057692307692304
0 0.3737980769230769 0.26802884615384615 0.021634615384615384 0.05048076923076923
0 0.359375 0.21394230769230768 0.016826923076923076 0.03365384615384615
0 0.37740384615384615 0.1935096153846154 0.014423076923076924 0.04326923076923077
0 0.4182692307692308 0.18028846153846154 0.019230769230769232 0.03365384615384615
0 0.41346153846153844 0.234375 0.019230769230769232 0.040865384615384616
0 0.44471153846153844 0.30649038461538464 0.019230769230769232 0.052884615384615384
0 0.48677884615384615 0.26802884615384615 0.016826923076923076 0.05048076923076923
0 0.49759615384615385 0.203125 0.014423076923076924 0.04326923076923077
0 0.4807692307692308 0.16947115384615385 0.014423076923076924 0.04567307692307692
0 0.4723557692307692 0.15384615384615385 0.01201923076923077 0.028846153846153848
0 0.4987980769230769 0.15264423076923078 0.014423076923076924 0.04326923076923077
0 0.5216346153846154 0.16346153846153846 0.014423076923076924 0.04807692307692308
0 0.46274038461538464 0.16466346153846154 0.01201923076923077 0.03365384615384615
0 0.5384615384615384 0.16947115384615385 0.009615384615384616 0.040865384615384616
0 0.5588942307692307 0.15985576923076922 0.016826923076923076 0.03365384615384615
0 0.5625 0.13822115384615385 0.014423076923076924 0.038461538461538464
0 0.5817307692307693 0.13942307692307693 0.019230769230769232 0.03365384615384615
0 0.5805288461538461 0.20072115384615385 0.016826923076923076 0.04567307692307692
0 0.5600961538461539 0.21995192307692307 0.014423076923076924 0.04326923076923077
0 0.6153846153846154 0.1778846153846154 0.014423076923076924 0.038461538461538464
0 0.6262019230769231 0.2091346153846154 0.016826923076923076 0.04326923076923077
0 0.609375 0.14903846153846154 0.01201923076923077 0.038461538461538464
0 0.6057692307692307 0.1201923076923077 0.009615384615384616 0.028846153846153848
0 0.5889423076923077 0.171875 0.014423076923076924 0.036057692307692304
0 0.6370192307692307 0.12860576923076922 0.014423076923076924 0.03365384615384615
0 0.6646634615384616 0.12379807692307693 0.014423076923076924 0.03365384615384615
0 0.6658653846153846 0.18389423076923078 0.014423076923076924 0.026442307692307692
0 0.6598557692307693 0.16466346153846154 0.01201923076923077 0.028846153846153848
0 0.6911057692307693 0.1658653846153846 0.016826923076923076 0.04326923076923077
0 0.6959134615384616 0.13822115384615385 0.016826923076923076 0.036057692307692304
0 0.7211538461538461 0.15264423076923078 0.019230769230769232 0.040865384615384616
0 0.6923076923076923 0.21394230769230768 0.019230769230769232 0.04326923076923077
0 0.6694711538461539 0.2283653846153846 0.026442307692307692 0.0625
0 0.6021634615384616 0.29927884615384615 0.026442307692307692 0.0625
0 0.5769230769230769 0.3329326923076923 0.02403846153846154 0.06009615384615385
0 0.6033653846153846 0.36778846153846156 0.02403846153846154 0.0625
0 0.6634615384615384 0.40024038461538464 0.028846153846153848 0.0625
0 0.7223557692307693 0.25721153846153844 0.021634615384615384 0.0625
0 0.7463942307692307 0.22956730769230768 0.016826923076923076 0.05048076923076923
0 0.7608173076923077 0.19591346153846154 0.016826923076923076 0.038461538461538464
0 0.7824519230769231 0.20673076923076922 0.014423076923076924 0.04326923076923077
0 0.7776442307692307 0.18028846153846154 0.016826923076923076 0.04326923076923077
0 0.8149038461538461 0.19230769230769232 0.014423076923076924 0.04807692307692308
0 0.8245192307692307 0.22596153846153846 0.019230769230769232 0.04807692307692308
0 0.7992788461538461 0.26322115384615385 0.021634615384615384 0.052884615384615384
0 0.7680288461538461 0.28846153846153844 0.021634615384615384 0.052884615384615384
0 0.7295673076923077 0.40024038461538464 0.028846153846153848 0.0625
0 0.7992788461538461 0.4519230769230769 0.03365384615384615 0.07692307692307693
0 0.8677884615384616 0.5036057692307693 0.028846153846153848 0.08173076923076923
0 0.8822115384615384 0.4170673076923077 0.02403846153846154 0.07692307692307693
0 0.8641826923076923 0.33774038461538464 0.021634615384615384 0.057692307692307696
0 0.8173076923076923 0.30528846153846156 0.019230769230769232 0.057692307692307696
0 0.8737980769230769 0.23197115384615385 0.019230769230769232 0.040865384615384616
0 0.9002403846153846 0.22235576923076922 0.016826923076923076 0.03125
0 0.9026442307692307 0.25841346153846156 0.016826923076923076 0.040865384615384616
0 0.8954326923076923 0.2800480769230769 0.016826923076923076 0.05048076923076923
0 0.9254807692307693 0.3449519230769231 0.02403846153846154 0.05048076923076923
0 0.9399038461538461 0.4074519230769231 0.02403846153846154 0.0673076923076923
0 0.9435096153846154 0.3713942307692308 0.019230769230769232 0.04567307692307692
0 0.9771634615384616 0.36658653846153844 0.019230769230769232 0.052884615384615384
0 0.9711538461538461 0.3076923076923077 0.019230769230769232 0.04807692307692308
0 0.9879807692307693 0.2668269230769231 0.014423076923076924 0.03365384615384615
0 0.9314903846153846 0.2644230769230769 0.016826923076923076 0.038461538461538464
0 0.9519230769230769 0.24158653846153846 0.009615384615384616 0.03365384615384615