0 0.06850961538461539 0.8100961538461539 0.1201923076923077 0.15865384615384615
0 0.2860576923076923 0.7259615384615384 0.09134615384615384 0.15384615384615385
0 0.24519230769230768 0.6237980769230769 0.0673076923076923 0.11538461538461539
0 0.15504807692307693 0.6129807692307693 0.057692307692307696 0.07211538461538461
0 0.06129807692307692 0.640625 0.06971153846153846 0.10817307692307693
0 0.030048076923076924 0.5949519230769231 0.04326923076923077 0.06971153846153846
0 0.07211538461538461 0.5685096153846154 0.04807692307692308 0.06490384615384616
0 0.08052884615384616 0.5192307692307693 0.021634615384615384 0.03365384615384615
0 0.1045673076923077 0.5264423076923077 0.028846153846153848 0.04807692307692308
0 0.15865384615384615 0.5048076923076923 0.028846153846153848 0.057692307692307696
0 0.18028846153846154 0.5516826923076923 0.03365384615384615 0.06009615384615385
0 0.09014423076923077 0.49038461538461536 0.019230769230769232 0.02403846153846154
0 0.23557692307692307 0.5048076923076923 0.019230769230769232 0.028846153846153848
0 0.25841346153846156 0.5048076923076923 0.019230769230769232 0.038461538461538464
0 0.27524038461538464 0.49158653846153844 0.014423076923076924 0.03365384615384615
0 0.2824519230769231 0.5072115384615384 0.016826923076923076 0.02403846153846154
0 0.2980769230769231 0.5144230769230769 0.02403846153846154 0.038461538461538464
0 0.32091346153846156 0.5276442307692307 0.021634615384615384 0.04807692307692308
0 0.3425480769230769 0.5444711538461539 0.028846153846153848 0.04326923076923077
0 0.33774038461538464 0.5072115384615384 0.019230769230769232 0.03365384615384615
0 0.36538461538461536 0.5300480769230769 0.02403846153846154 0.038461538461538464
0 0.38822115384615385 0.5132211538461539 0.019230769230769232 0.03365384615384615
0 0.3858173076923077 0.4831730769230769 0.014423076923076924 0.028846153846153848
0 0.41225961538461536 0.546875 0.026442307692307692 0.0625
0 0.41947115384615385 0.5276442307692307 0.026442307692307692 0.038461538461538464
0 0.4110576923076923 0.49399038461538464 0.014423076923076924 0.03125
0 0.4170673076923077 0.49759615384615385 0.014423076923076924 0.028846153846153848
0 0.4338942307692308 0.4855769230769231 0.014423076923076924 0.02403846153846154
0 0.47115384615384615 0.5757211538461539 0.038461538461538464 0.07451923076923077
0 0.46153846153846156 0.53125 0.028846153846153848 0.038461538461538464
0 0.4723557692307692 0.5072115384615384 0.02403846153846154 0.03365384615384615
0 0.4519230769230769 0.5 0.019230769230769232 0.02403846153846154
0 0.4855769230769231 0.49759615384615385 0.014423076923076924 0.02403846153846154
0 0.5048076923076923 0.49158653846153844 0.019230769230769232 0.021634615384615384
0 0.5 0.5168269230769231 0.019230769230769232 0.028846153846153848
0 0.5192307692307693 0.5697115384615384 0.03365384615384615 0.07211538461538461
0 0.5168269230769231 0.5276442307692307 0.02403846153846154 0.036057692307692304
0 0.5492788461538461 0.515625 0.021634615384615384 0.036057692307692304
0 0.5300480769230769 0.5096153846153846 0.016826923076923076 0.02403846153846154
0 0.5552884615384616 0.6153846153846154 0.04326923076923077 0.09615384615384616
0 0.6069711538461539 0.5625 0.038461538461538464 0.0673076923076923
0 0.6033653846153846 0.5324519230769231 0.028846153846153848 0.038461538461538464
0 0.5865384615384616 0.5108173076923077 0.019230769230769232 0.028846153846153848
0 0.6382211538461539 0.5949519230769231 0.04807692307692308 0.09134615384615384
0 0.6382211538461539 0.5168269230769231 0.026442307692307692 0.052884615384615384
0 0.6766826923076923 0.5408653846153846 0.028846153846153848 0.052884615384615384
0 0.6826923076923077 0.5216346153846154 0.019230769230769232 0.04326923076923077
0 0.7043269230769231 0.5829326923076923 0.04326923076923077 0.0889423076923077
0 0.7608173076923077 0.5300480769230769 0.03125 0.0673076923076923
0 0.734375 0.53125 0.026442307692307692 0.04326923076923077
0 0.7740384615384616 0.5384615384615384 0.028846153846153848 0.04807692307692308
0 0.8257211538461539 0.5372596153846154 0.036057692307692304 0.06490384615384616
0 0.8293269230769231 0.6875 0.07211538461538461 0.12980769230769232
0 0.9170673076923077 0.6334134615384616 0.06490384615384616 0.0985576923076923
0 0.9771634615384616 0.5661057692307693 0.04326923076923077 0.07451923076923077