0 0.18870192307692307 0.22235576923076922 0.09615384615384616 0.15144230769230768
0 0.3317307692307692 0.28725961538461536 0.04807692307692308 0.08653846153846154
0 0.4579326923076923 0.2608173076923077 0.04567307692307692 0.07451923076923077
0 0.4987980769230769 0.2644230769230769 0.04567307692307692 0.07211538461538461
0 0.5745192307692307 0.27403846153846156 0.04326923076923077 0.08173076923076923
0 0.6153846153846154 0.2920673076923077 0.057692307692307696 0.10336538461538461
0 0.6442307692307693 0.2536057692307692 0.04807692307692308 0.07692307692307693
0 0.7331730769230769 0.2403846153846154 0.038461538461538464 0.07211538461538461
0 0.7439903846153846 0.21033653846153846 0.03125 0.04567307692307692
0 0.7716346153846154 0.2692307692307692 0.04326923076923077 0.09134615384615384
0 0.7956730769230769 0.2127403846153846 0.03365384615384615 0.057692307692307696
0 0.8365384615384616 0.22115384615384615 0.028846153846153848 0.057692307692307696
0 0.8677884615384616 0.2283653846153846 0.03365384615384615 0.052884615384615384
0 0.9134615384615384 0.20192307692307693 0.028846153846153848 0.0625
0 0.9387019230769231 0.2608173076923077 0.055288461538461536 0.09134615384615384
0 0.9579326923076923 0.234375 0.04807692307692308 0.0985576923076923
0 0.9867788461538461 0.203125 0.021634615384615384 0.06490384615384616