0 0.09014423076923077 0.24879807692307693 0.016826923076923076 0.028846153846153848
0 0.1935096153846154 0.3557692307692308 0.036057692307692304 0.07692307692307693
0 0.21875 0.33413461538461536 0.04326923076923077 0.08653846153846154
0 0.20673076923076922 0.25841346153846156 0.03365384615384615 0.06009615384615385
0 0.2283653846153846 0.1971153846153846 0.02403846153846154 0.04807692307692308
0 0.27524038461538464 0.15625 0.021634615384615384 0.04807692307692308
0 0.34375 0.19951923076923078 0.019230769230769232 0.04326923076923077
0 0.36177884615384615 0.20673076923076922 0.021634615384615384 0.04326923076923077
0 0.390625 0.19471153846153846 0.019230769230769232 0.04326923076923077
0 0.43509615384615385 0.23798076923076922 0.03365384615384615 0.0625
0 0.43509615384615385 0.17908653846153846 0.02403846153846154 0.057692307692307696
0 0.421875 0.14423076923076922 0.019230769230769232 0.038461538461538464
0 0.39783653846153844 0.13822115384615385 0.021634615384615384 0.038461538461538464
0 0.3798076923076923 0.15144230769230768 0.019230769230769232 0.03365384615384615
0 0.4543269230769231 0.14903846153846154 0.019230769230769232 0.038461538461538464
0 0.4735576923076923 0.20072115384615385 0.02403846153846154 0.0625
0 0.4879807692307692 0.13341346153846154 0.019230769230769232 0.04807692307692308
0 0.47115384615384615 0.12259615384615384 0.014423076923076924 0.03365384615384615
0 0.5072115384615384 0.12379807692307693 0.014423076923076924 0.03125
0 0.5264423076923077 0.15264423076923078 0.014423076923076924 0.04326923076923077
0 0.546875 0.17548076923076922 0.019230769230769232 0.04326923076923077
0 0.5528846153846154 0.15625 0.019230769230769232 0.03365384615384615
0 0.5396634615384616 0.13581730769230768 0.016826923076923076 0.028846153846153848
0 0.53125 0.0625 0.014423076923076924 0.02403846153846154
0 0.546875 0.06009615384615385 0.01201923076923077 0.02403846153846154
0 0.5661057692307693 0.06370192307692307 0.016826923076923076 0.026442307692307692
0 0.5805288461538461 0.15264423076923078 0.019230769230769232 0.036057692307692304
0 0.6274038461538461 0.14543269230769232 0.02403846153846154 0.04807692307692308
0 0.6286057692307693 0.11177884615384616 0.019230769230769232 0.03125
0 0.6622596153846154 0.11177884615384616 0.019230769230769232 0.040865384615384616
0 0.6814903846153846 0.11298076923076923 0.016826923076923076 0.03365384615384615
0 0.6947115384615384 0.09615384615384616 0.019230769230769232 0.028846153846153848
0 0.7307692307692307 0.08533653846153846 0.019230769230769232 0.03125
0 0.6971153846153846 0.15625 0.014423076923076924 0.03365384615384615
0 0.7091346153846154 0.17668269230769232 0.019230769230769232 0.038461538461538464
0 0.6189903846153846 0.2644230769230769 0.028846153846153848 0.057692307692307696
0 0.41586538461538464 0.36177884615384615 0.052884615384615384 0.09615384615384616
0 0.6935096153846154 0.30649038461538464 0.03365384615384615 0.07211538461538461
0 0.7283653846153846 0.2956730769230769 0.02403846153846154 0.04807692307692308
0 0.7524038461538461 0.25841346153846156 0.02403846153846154 0.05048076923076923
0 0.7475961538461539 0.19951923076923078 0.02403846153846154 0.052884615384615384
0 0.7367788461538461 0.15504807692307693 0.016826923076923076 0.03365384615384615
0 0.7487980769230769 0.12740384615384615 0.019230769230769232 0.038461538461538464
0 0.7632211538461539 0.1658653846153846 0.016826923076923076 0.038461538461538464
0 0.78125 0.12740384615384615 0.019230769230769232 0.038461538461538464
0 0.8052884615384616 0.15264423076923078 0.019230769230769232 0.036057692307692304
0 0.7992788461538461 0.20793269230769232 0.016826923076923076 0.036057692307692304
0 0.7355769230769231 0.37259615384615385 0.03365384615384615 0.08173076923076923
0 0.8185096153846154 0.3762019230769231 0.03125 0.07211538461538461
0 0.8641826923076923 0.4387019230769231 0.040865384615384616 0.09134615384615384
0 0.8521634615384616 0.30408653846153844 0.026442307692307692 0.06490384615384616
0 0.8088942307692307 0.2536057692307692 0.026442307692307692 0.04807692307692308
0 0.875 0.18389423076923078 0.028846153846153848 0.06009615384615385
0 0.9242788461538461 0.2956730769230769 0.028846153846153848 0.0625
0 0.9375 0.17067307692307693 0.028846153846153848 0.057692307692307696