0 0.19831730769230768 0.484375 0.04326923076923077 0.08653846153846154
0 0.30408653846153844 0.2403846153846154 0.019230769230769232 0.038461538461538464
0 0.3173076923076923 0.19951923076923078 0.019230769230769232 0.03365384615384615
0 0.34615384615384615 0.15264423076923078 0.014423076923076924 0.028846153846153848
0 0.36177884615384615 0.19110576923076922 0.014423076923076924 0.026442307692307692
0 0.4098557692307692 0.16826923076923078 0.014423076923076924 0.028846153846153848
0 0.421875 0.17307692307692307 0.016826923076923076 0.028846153846153848
0 0.4050480769230769 0.2247596153846154 0.019230769230769232 0.036057692307692304
0 0.4387019230769231 0.21033653846153846 0.021634615384615384 0.04326923076923077
0 0.44350961538461536 0.16105769230769232 0.016826923076923076 0.03365384615384615
0 0.45552884615384615 0.16947115384615385 0.014423076923076924 0.03125
0 0.4723557692307692 0.17668269230769232 0.016826923076923076 0.03125
0 0.46274038461538464 0.140625 0.014423076923076924 0.019230769230769232
0 0.47115384615384615 0.14903846153846154 0.019230769230769232 0.019230769230769232
0 0.4963942307692308 0.13822115384615385 0.014423076923076924 0.019230769230769232
0 0.4963942307692308 0.15985576923076922 0.016826923076923076 0.03125
0 0.5168269230769231 0.14423076923076922 0.014423076923076924 0.019230769230769232
0 0.5288461538461539 0.12740384615384615 0.009615384615384616 0.014423076923076924
0 0.5372596153846154 0.13942307692307693 0.016826923076923076 0.028846153846153848
0 0.5456730769230769 0.18028846153846154 0.019230769230769232 0.03365384615384615
0 0.5480769230769231 0.16466346153846154 0.009615384615384616 0.021634615384615384
0 0.5612980769230769 0.15264423076923078 0.01201923076923077 0.03365384615384615
0 0.5865384615384616 0.14783653846153846 0.009615384615384616 0.02403846153846154
0 0.5877403846153846 0.12139423076923077 0.01201923076923077 0.019230769230769232
0 0.5973557692307693 0.12259615384615384 0.01201923076923077 0.02403846153846154
0 0.5793269230769231 0.18269230769230768 0.014423076923076924 0.038461538461538464
0 0.6262019230769231 0.14182692307692307 0.014423076923076924 0.028846153846153848
0 0.6310096153846154 0.12620192307692307 0.01201923076923077 0.02403846153846154
0 0.6478365384615384 0.14302884615384615 0.01201923076923077 0.028846153846153848
0 0.6598557692307693 0.13221153846153846 0.01201923076923077 0.028846153846153848
0 0.6622596153846154 0.109375 0.01201923076923077 0.019230769230769232
0 0.6814903846153846 0.12860576923076922 0.01201923076923077 0.021634615384615384
0 0.6959134615384616 0.12620192307692307 0.016826923076923076 0.028846153846153848
0 0.6274038461538461 0.18028846153846154 0.014423076923076924 0.02403846153846154
0 0.6274038461538461 0.2091346153846154 0.019230769230769232 0.038461538461538464
0 0.5853365384615384 0.25600961538461536 0.019230769230769232 0.04567307692307692
0 0.6634615384615384 0.18990384615384615 0.019230769230769232 0.03365384615384615
0 0.6754807692307693 0.21875 0.014423076923076924 0.03365384615384615
0 0.6370192307692307 0.26322115384615385 0.02403846153846154 0.04326923076923077
0 0.6598557692307693 0.31490384615384615 0.019230769230769232 0.03365384615384615
0 0.6790865384615384 0.35336538461538464 0.03365384615384615 0.07211538461538461
0 0.6081730769230769 0.31009615384615385 0.028846153846153848 0.0625
0 0.5588942307692307 0.31850961538461536 0.02403846153846154 0.055288461538461536
0 0.4855769230769231 0.3389423076923077 0.02403846153846154 0.04326923076923077
0 0.7223557692307693 0.23918269230769232 0.019230769230769232 0.04567307692307692
0 0.7043269230769231 0.18028846153846154 0.014423076923076924 0.03365384615384615
0 0.7319711538461539 0.18870192307692307 0.014423076923076924 0.036057692307692304
0 0.7644230769230769 0.19230769230769232 0.019230769230769232 0.038461538461538464
0 0.7512019230769231 0.16346153846153846 0.014423076923076924 0.03365384615384615
0 0.7379807692307693 0.15625 0.014423076923076924 0.019230769230769232
0 0.7668269230769231 0.12980769230769232 0.014423076923076924 0.028846153846153848
0 0.7740384615384616 0.16466346153846154 0.009615384615384616 0.021634615384615384
0 0.7896634615384616 0.18629807692307693 0.014423076923076924 0.028846153846153848
0 0.8209134615384616 0.18629807692307693 0.01201923076923077 0.026442307692307692
0 0.8221153846153846 0.20432692307692307 0.009615384615384616 0.03365384615384615
0 0.8449519230769231 0.19831730769230768 0.014423076923076924 0.036057692307692304
0 0.8605769230769231 0.17067307692307693 0.009615384615384616 0.03365384615384615
0 0.8737980769230769 0.15865384615384615 0.01201923076923077 0.02403846153846154
0 0.8762019230769231 0.18269230769230768 0.014423076923076924 0.02403846153846154
0 0.8870192307692307 0.20192307692307693 0.014423076923076924 0.028846153846153848
0 0.9146634615384616 0.17427884615384615 0.01201923076923077 0.028846153846153848
0 0.9338942307692307 0.19591346153846154 0.014423076923076924 0.03365384615384615
0 0.9338942307692307 0.234375 0.016826923076923076 0.040865384615384616
0 0.9134615384615384 0.265625 0.019230769230769232 0.04326923076923077
0 0.8834134615384616 0.23918269230769232 0.016826923076923076 0.04567307692307692
0 0.8305288461538461 0.24639423076923078 0.016826923076923076 0.03365384615384615
0 0.7980769230769231 0.234375 0.019230769230769232 0.038461538461538464
0 0.8088942307692307 0.25721153846153844 0.019230769230769232 0.03365384615384615
0 0.7764423076923077 0.29927884615384615 0.02403846153846154 0.05048076923076923
0 0.8040865384615384 0.36778846153846156 0.028846153846153848 0.052884615384615384
0 0.8461538461538461 0.3762019230769231 0.02403846153846154 0.040865384615384616
0 0.8701923076923077 0.40024038461538464 0.028846153846153848 0.07451923076923077
0 0.8918269230769231 0.31009615384615385 0.02403846153846154 0.052884615384615384
0 0.8665865384615384 0.28846153846153844 0.019230769230769232 0.057692307692307696