0 0.0889423076923077 0.3125 0.02403846153846154 0.04326923076923077
0 0.15384615384615385 0.38341346153846156 0.04807692307692308 0.08173076923076923
0 0.2620192307692308 0.26322115384615385 0.019230769230769232 0.03125
0 0.2776442307692308 0.26322115384615385 0.019230769230769232 0.038461538461538464
0 0.35096153846153844 0.25 0.019230769230769232 0.038461538461538464
0 0.390625 0.2644230769230769 0.021634615384615384 0.038461538461538464
0 0.3701923076923077 0.1935096153846154 0.019230769230769232 0.03365384615384615
0 0.39663461538461536 0.22596153846153846 0.019230769230769232 0.03365384615384615
0 0.39903846153846156 0.19110576923076922 0.009615384615384616 0.028846153846153848
0 0.40865384615384615 0.20192307692307693 0.014423076923076924 0.02403846153846154
0 0.40865384615384615 0.17668269230769232 0.014423076923076924 0.026442307692307692
0 0.4375 0.22596153846153846 0.019230769230769232 0.038461538461538464
0 0.4362980769230769 0.203125 0.019230769230769232 0.03365384615384615
0 0.45072115384615385 0.15384615384615385 0.016826923076923076 0.028846153846153848
0 0.4699519230769231 0.16706730769230768 0.016826923076923076 0.038461538461538464
0 0.49158653846153844 0.19591346153846154 0.019230769230769232 0.036057692307692304
0 0.48197115384615385 0.1814903846153846 0.014423076923076924 0.028846153846153848
0 0.5024038461538461 0.15625 0.014423076923076924 0.02403846153846154
0 0.5228365384615384 0.16706730769230768 0.016826923076923076 0.028846153846153848
0 0.5264423076923077 0.19471153846153846 0.019230769230769232 0.04326923076923077
0 0.5192307692307693 0.13341346153846154 0.009615384615384616 0.028846153846153848
0 0.53125 0.13822115384615385 0.014423076923076924 0.03365384615384615
0 0.5492788461538461 0.16706730769230768 0.019230769230769232 0.03365384615384615
0 0.5661057692307693 0.13701923076923078 0.014423076923076924 0.028846153846153848
0 0.5600961538461539 0.11057692307692307 0.014423076923076924 0.028846153846153848
0 0.5516826923076923 0.078125 0.016826923076923076 0.021634615384615384
0 0.59375 0.07211538461538461 0.014423076923076924 0.019230769230769232
0 0.5853365384615384 0.1658653846153846 0.016826923076923076 0.03365384615384615
0 0.5829326923076923 0.140625 0.01201923076923077 0.02403846153846154
0 0.5889423076923077 0.12139423076923077 0.014423076923076924 0.021634615384615384
0 0.5985576923076923 0.109375 0.014423076923076924 0.02403846153846154
0 0.6201923076923077 0.10336538461538461 0.009615384615384616 0.02403846153846154
0 0.6466346153846154 0.10336538461538461 0.014423076923076924 0.02403846153846154
0 0.6490384615384616 0.13221153846153846 0.009615384615384616 0.028846153846153848
0 0.6550480769230769 0.1201923076923077 0.01201923076923077 0.028846153846153848
0 0.6658653846153846 0.10817307692307693 0.014423076923076924 0.02403846153846154
0 0.7043269230769231 0.1045673076923077 0.014423076923076924 0.026442307692307692
0 0.6141826923076923 0.15144230769230768 0.019230769230769232 0.038461538461538464
0 0.5024038461538461 0.29927884615384615 0.02403846153846154 0.0625
0 0.5168269230769231 0.3269230769230769 0.02403846153846154 0.057692307692307696
0 0.5576923076923077 0.26322115384615385 0.028846153846153848 0.04807692307692308
0 0.6069711538461539 0.21634615384615385 0.021634615384615384 0.038461538461538464
0 0.609375 0.2692307692307692 0.02403846153846154 0.052884615384615384
0 0.6213942307692307 0.29447115384615385 0.028846153846153848 0.052884615384615384
0 0.6742788461538461 0.3137019230769231 0.036057692307692304 0.06971153846153846
0 0.6598557692307693 0.21754807692307693 0.021634615384615384 0.04326923076923077
0 0.6923076923076923 0.18629807692307693 0.019230769230769232 0.040865384615384616
0 0.7524038461538461 0.33413461538461536 0.03365384615384615 0.07692307692307693
0 0.7956730769230769 0.4098557692307692 0.038461538461538464 0.08173076923076923
0 0.7487980769230769 0.22956730769230768 0.021634615384615384 0.05048076923076923
0 0.7475961538461539 0.18389423076923078 0.02403846153846154 0.04567307692307692
0 0.7800480769230769 0.1971153846153846 0.021634615384615384 0.038461538461538464
0 0.7824519230769231 0.15985576923076922 0.019230769230769232 0.036057692307692304
0 0.8052884615384616 0.13341346153846154 0.014423076923076924 0.036057692307692304
0 0.8245192307692307 0.1466346153846154 0.014423076923076924 0.03365384615384615
0 0.8329326923076923 0.13822115384615385 0.016826923076923076 0.03125
0 0.8461538461538461 0.13701923076923078 0.014423076923076924 0.04326923076923077
0 0.8677884615384616 0.1346153846153846 0.014423076923076924 0.03365384615384615
0 0.859375 0.15865384615384615 0.016826923076923076 0.038461538461538464
0 0.8701923076923077 0.19591346153846154 0.019230769230769232 0.040865384615384616
0 0.8846153846153846 0.18870192307692307 0.019230769230769232 0.04567307692307692
0 0.828125 0.20552884615384615 0.02403846153846154 0.04567307692307692
0 0.7980769230769231 0.28846153846153844 0.02403846153846154 0.057692307692307696
0 0.7680288461538461 0.2800480769230769 0.02403846153846154 0.055288461538461536
0 0.8317307692307693 0.31850961538461536 0.028846153846153848 0.06009615384615385
0 0.8100961538461539 0.2668269230769231 0.02403846153846154 0.04807692307692308
0 0.9194711538461539 0.4254807692307692 0.038461538461538464 0.08173076923076923
0 0.9038461538461539 0.31971153846153844 0.03365384615384615 0.07211538461538461
0 0.8689903846153846 0.2704326923076923 0.021634615384615384 0.04326923076923077
0 0.921875 0.27884615384615385 0.021634615384615384 0.04807692307692308
0 0.9278846153846154 0.24158653846153846 0.02403846153846154 0.040865384615384616
0 0.9266826923076923 0.19831730769230768 0.021634615384615384 0.04567307692307692
0 0.9302884615384616 0.16105769230769232 0.019230769230769232 0.03365384615384615
0 0.9038461538461539 0.14783653846153846 0.014423076923076924 0.026442307692307692
0 0.9603365384615384 0.12139423076923077 0.01201923076923077 0.03125