0 0.16346153846153846 0.30288461538461536 0.057692307692307696 0.08653846153846154
0 0.22355769230769232 0.33653846153846156 0.052884615384615384 0.0673076923076923
0 0.28125 0.31009615384615385 0.052884615384615384 0.08173076923076923
0 0.3317307692307692 0.3112980769230769 0.04807692307692308 0.07451923076923077
0 0.4026442307692308 0.29086538461538464 0.057692307692307696 0.09134615384615384
0 0.46274038461538464 0.3125 0.04567307692307692 0.08653846153846154
0 0.515625 0.3245192307692308 0.05048076923076923 0.07211538461538461
0 0.5685096153846154 0.3161057692307692 0.04567307692307692 0.08653846153846154
0 0.5961538461538461 0.34975961538461536 0.04326923076923077 0.07932692307692307
0 0.6478365384615384 0.34615384615384615 0.04807692307692308 0.09134615384615384
0 0.7043269230769231 0.3701923076923077 0.04326923076923077 0.07211538461538461
0 0.4326923076923077 0.6322115384615384 0.0625 0.1201923076923077
0 0.5072115384615384 0.6069711538461539 0.0625 0.10817307692307693
0 0.5793269230769231 0.40384615384615385 0.052884615384615384 0.09615384615384616
0 0.6466346153846154 0.5072115384615384 0.0625 0.12980769230769232
0 0.7127403846153846 0.5564903846153846 0.057692307692307696 0.10817307692307693
0 0.7692307692307693 0.5757211538461539 0.07692307692307693 0.12259615384615384
0 0.8774038461538461 0.5564903846153846 0.08173076923076923 0.12259615384615384
0 0.8533653846153846 0.43028846153846156 0.07692307692307693 0.11057692307692307