0 0.3016826923076923 0.23197115384615385 0.11298076923076923 0.19471153846153846
0 0.18990384615384615 0.15264423076923078 0.052884615384615384 0.10096153846153846
0 0.1658653846153846 0.07932692307692307 0.04326923076923077 0.057692307692307696
0 0.04326923076923077 0.10336538461538461 0.038461538461538464 0.0625
0 0.24759615384615385 0.08533653846153846 0.0625 0.08653846153846154
0 0.34134615384615385 0.05889423076923077 0.04326923076923077 0.07692307692307693
0 0.3329326923076923 0.026442307692307692 0.036057692307692304 0.04807692307692308
0 0.4338942307692308 0.06971153846153846 0.05048076923076923 0.07211538461538461
0 0.5817307692307693 0.24278846153846154 0.17307692307692307 0.36538461538461536
0 0.49158653846153844 0.2127403846153846 0.13701923076923078 0.2644230769230769
0 0.8257211538461539 0.3004807692307692 0.28125 0.42788461538461536
0 0.8269230769230769 0.040865384615384616 0.052884615384615384 0.08173076923076923
0 0.8870192307692307 0.036057692307692304 0.04807692307692308 0.07211538461538461
0 0.6766826923076923 0.04447115384615385 0.055288461538461536 0.0889423076923077
0 0.6105769230769231 0.04447115384615385 0.0673076923076923 0.0889423076923077
0 0.4963942307692308 0.037259615384615384 0.036057692307692304 0.055288461538461536
0 0.4699519230769231 0.027644230769230768 0.03125 0.055288461538461536
0 0.27163461538461536 0.1141826923076923 0.052884615384615384 0.0889423076923077
0 0.13581730769230768 0.0673076923076923 0.026442307692307692 0.04807692307692308