0 0.09495192307692307 0.39663461538461536 0.12980769230769232 0.15865384615384615
0 0.19591346153846154 0.30528846153846156 0.057692307692307696 0.09134615384615384
0 0.2403846153846154 0.3293269230769231 0.038461538461538464 0.08173076923076923
0 0.30528846153846156 0.36177884615384615 0.08173076923076923 0.13942307692307693
0 0.37740384615384615 0.2956730769230769 0.04326923076923077 0.07211538461538461
0 0.4050480769230769 0.30288461538461536 0.04807692307692308 0.07692307692307693
0 0.4423076923076923 0.3317307692307692 0.038461538461538464 0.057692307692307696
0 0.5336538461538461 0.3269230769230769 0.08653846153846154 0.15384615384615385
0 0.6694711538461539 0.41586538461538464 0.09615384615384616 0.1778846153846154
0 0.6911057692307693 0.28966346153846156 0.06971153846153846 0.1201923076923077
0 0.7560096153846154 0.3004807692307692 0.028846153846153848 0.057692307692307696
0 0.8341346153846154 0.4675480769230769 0.0625 0.10817307692307693