0 0.06009615384615385 0.296875 0.028846153846153848 0.052884615384615384
0 0.26802884615384615 0.21995192307692307 0.016826923076923076 0.036057692307692304
0 0.3269230769230769 0.19831730769230768 0.019230769230769232 0.03365384615384615
0 0.3557692307692308 0.2247596153846154 0.019230769230769232 0.036057692307692304
0 0.3701923076923077 0.18629807692307693 0.014423076923076924 0.03125
0 0.3870192307692308 0.19230769230769232 0.014423076923076924 0.03365384615384615
0 0.38822115384615385 0.24278846153846154 0.019230769230769232 0.04326923076923077
0 0.40625 0.23317307692307693 0.019230769230769232 0.03365384615384615
0 0.44471153846153844 0.25721153846153844 0.02403846153846154 0.052884615384615384
0 0.42427884615384615 0.17427884615384615 0.014423076923076924 0.03125
0 0.40384615384615385 0.1622596153846154 0.014423076923076924 0.028846153846153848
0 0.3918269230769231 0.16466346153846154 0.014423076923076924 0.03125
0 0.42788461538461536 0.1466346153846154 0.009615384615384616 0.028846153846153848
0 0.4723557692307692 0.20192307692307693 0.019230769230769232 0.03365384615384615
0 0.46634615384615385 0.13581730769230768 0.014423076923076924 0.028846153846153848
0 0.47836538461538464 0.15144230769230768 0.014423076923076924 0.03365384615384615
0 0.4855769230769231 0.16826923076923078 0.019230769230769232 0.03365384615384615
0 0.4891826923076923 0.13341346153846154 0.01201923076923077 0.026442307692307692
0 0.49759615384615385 0.12980769230769232 0.014423076923076924 0.019230769230769232
0 0.5180288461538461 0.13221153846153846 0.01201923076923077 0.02403846153846154
0 0.5264423076923077 0.12860576923076922 0.014423076923076924 0.03365384615384615
0 0.5384615384615384 0.13581730769230768 0.009615384615384616 0.03125
0 0.5180288461538461 0.17427884615384615 0.021634615384615384 0.038461538461538464
0 0.5024038461538461 0.2091346153846154 0.02403846153846154 0.04326923076923077
0 0.5540865384615384 0.18028846153846154 0.019230769230769232 0.038461538461538464
0 0.5745192307692307 0.11899038461538461 0.014423076923076924 0.026442307692307692
0 0.5853365384615384 0.11899038461538461 0.01201923076923077 0.03365384615384615
0 0.5901442307692307 0.15144230769230768 0.01201923076923077 0.03365384615384615
0 0.6117788461538461 0.10096153846153846 0.01201923076923077 0.019230769230769232
0 0.6057692307692307 0.12259615384615384 0.009615384615384616 0.028846153846153848
0 0.6262019230769231 0.11899038461538461 0.01201923076923077 0.026442307692307692
0 0.6346153846153846 0.11177884615384616 0.009615384615384616 0.02403846153846154
0 0.6370192307692307 0.1466346153846154 0.014423076923076924 0.02403846153846154
0 0.6177884615384616 0.19831730769230768 0.02403846153846154 0.038461538461538464
0 0.6514423076923077 0.13822115384615385 0.014423076923076924 0.03125
0 0.6586538461538461 0.11538461538461539 0.014423076923076924 0.02403846153846154
0 0.6622596153846154 0.09975961538461539 0.01201923076923077 0.021634615384615384
0 0.6814903846153846 0.12620192307692307 0.01201923076923077 0.026442307692307692
0 0.6850961538461539 0.1045673076923077 0.014423076923076924 0.02403846153846154
0 0.7127403846153846 0.109375 0.01201923076923077 0.026442307692307692
0 0.7127403846153846 0.16105769230769232 0.016826923076923076 0.03365384615384615
0 0.6538461538461539 0.1875 0.019230769230769232 0.038461538461538464
0 0.640625 0.2439903846153846 0.021634615384615384 0.05048076923076923
0 0.5709134615384616 0.24879807692307693 0.02403846153846154 0.05048076923076923
0 0.5757211538461539 0.27403846153846156 0.028846153846153848 0.052884615384615384
0 0.671875 0.21634615384615385 0.021634615384615384 0.04326923076923077
0 0.7043269230769231 0.18990384615384615 0.019230769230769232 0.03365384615384615
0 0.7319711538461539 0.13581730769230768 0.014423076923076924 0.028846153846153848
0 0.7439903846153846 0.1622596153846154 0.016826923076923076 0.03125
0 0.7487980769230769 0.20192307692307693 0.016826923076923076 0.04807692307692308
0 0.7151442307692307 0.234375 0.02403846153846154 0.038461538461538464
0 0.6850961538461539 0.25841346153846156 0.02403846153846154 0.04567307692307692
0 0.7403846153846154 0.25600961538461536 0.028846153846153848 0.052884615384615384
0 0.7752403846153846 0.234375 0.019230769230769232 0.036057692307692304
0 0.7620192307692307 0.140625 0.014423076923076924 0.03365384615384615
0 0.7776442307692307 0.13581730769230768 0.01201923076923077 0.028846153846153848
0 0.7980769230769231 0.12620192307692307 0.009615384615384616 0.026442307692307692
0 0.7920673076923077 0.15264423076923078 0.016826923076923076 0.028846153846153848
0 0.8137019230769231 0.140625 0.01201923076923077 0.021634615384615384
0 0.8269230769230769 0.17908653846153846 0.009615384615384616 0.03125
0 0.84375 0.15504807692307693 0.014423076923076924 0.026442307692307692
0 0.8497596153846154 0.14423076923076922 0.01201923076923077 0.028846153846153848
0 0.8533653846153846 0.17548076923076922 0.014423076923076924 0.03365384615384615
0 0.8076923076923077 0.14903846153846154 0.014423076923076924 0.028846153846153848
0 0.8701923076923077 0.17067307692307693 0.019230769230769232 0.038461538461538464
0 0.8930288461538461 0.15504807692307693 0.01201923076923077 0.026442307692307692
0 0.9086538461538461 0.1622596153846154 0.009615384615384616 0.028846153846153848
0 0.8810096153846154 0.23076923076923078 0.016826923076923076 0.038461538461538464
0 0.8449519230769231 0.20432692307692307 0.014423076923076924 0.038461538461538464
0 0.8401442307692307 0.23317307692307693 0.019230769230769232 0.04326923076923077
0 0.7932692307692307 0.21033653846153846 0.019230769230769232 0.036057692307692304
0 0.7932692307692307 0.28125 0.02403846153846154 0.052884615384615384
0 0.8629807692307693 0.24639423076923078 0.02403846153846154 0.05048076923076923
0 0.84375 0.34134615384615385 0.02403846153846154 0.0625
0 0.9387019230769231 0.171875 0.01201923076923077 0.026442307692307692
0 0.9026442307692307 0.19591346153846154 0.01201923076923077 0.02403846153846154
0 0.9350961538461539 0.22355769230769232 0.014423076923076924 0.04326923076923077
0 0.9290865384615384 0.2548076923076923 0.019230769230769232 0.04807692307692308
0 0.9375 0.19951923076923078 0.014423076923076924 0.03365384615384615
0 0.9375 0.30408653846153844 0.019230769230769232 0.052884615384615384
0 0.9266826923076923 0.375 0.03125 0.0625
0 0.9014423076923077 0.21875 0.014423076923076924 0.02403846153846154
0 0.7536057692307693 0.13341346153846154 0.01201923076923077 0.026442307692307692