0 0.2668269230769231 0.2548076923076923 0.02403846153846154 0.057692307692307696
0 0.30649038461538464 0.23197115384615385 0.019230769230769232 0.05048076923076923
0 0.34375 0.22716346153846154 0.03365384615384615 0.06009615384615385
0 0.4074519230769231 0.19951923076923078 0.014423076923076924 0.04326923076923077
0 0.43509615384615385 0.23798076923076922 0.02403846153846154 0.04326923076923077
0 0.43990384615384615 0.17668269230769232 0.019230769230769232 0.03365384615384615
0 0.45072115384615385 0.14302884615384615 0.016826923076923076 0.03125
0 0.47596153846153844 0.17668269230769232 0.019230769230769232 0.04326923076923077
0 0.5384615384615384 0.17307692307692307 0.019230769230769232 0.038461538461538464
0 0.5516826923076923 0.1875 0.016826923076923076 0.038461538461538464
0 0.6057692307692307 0.13822115384615385 0.019230769230769232 0.040865384615384616
0 0.6213942307692307 0.12620192307692307 0.01201923076923077 0.03365384615384615
0 0.6586538461538461 0.16706730769230768 0.019230769230769232 0.040865384615384616
0 0.6586538461538461 0.22355769230769232 0.019230769230769232 0.052884615384615384
0 0.6081730769230769 0.21875 0.02403846153846154 0.04807692307692308
0 0.6237980769230769 0.26322115384615385 0.021634615384615384 0.04567307692307692
0 0.6189903846153846 0.3233173076923077 0.03125 0.07451923076923077
0 0.6574519230769231 0.296875 0.026442307692307692 0.05048076923076923
0 0.6742788461538461 0.37259615384615385 0.03365384615384615 0.0625
0 0.7259615384615384 0.21754807692307693 0.028846153846153848 0.06009615384615385
0 0.8016826923076923 0.25240384615384615 0.026442307692307692 0.052884615384615384
0 0.8641826923076923 0.26802884615384615 0.02403846153846154 0.055288461538461536
0 0.9194711538461539 0.24519230769230768 0.019230769230769232 0.04326923076923077