0 0.06129807692307692 0.30288461538461536 0.021634615384615384 0.052884615384615384
0 0.28846153846153844 0.23317307692307693 0.019230769230769232 0.038461538461538464
0 0.3076923076923077 0.23317307692307693 0.014423076923076924 0.03365384615384615
0 0.34975961538461536 0.18028846153846154 0.016826923076923076 0.03365384615384615
0 0.3713942307692308 0.19831730769230768 0.019230769230769232 0.036057692307692304
0 0.359375 0.21995192307692307 0.021634615384615384 0.036057692307692304
0 0.3641826923076923 0.24519230769230768 0.019230769230769232 0.038461538461538464
0 0.38341346153846156 0.24519230769230768 0.019230769230769232 0.038461538461538464
0 0.41586538461538464 0.1875 0.019230769230769232 0.038461538461538464
0 0.4266826923076923 0.20432692307692307 0.019230769230769232 0.03365384615384615
0 0.42908653846153844 0.23076923076923078 0.021634615384615384 0.038461538461538464
0 0.44711538461538464 0.21875 0.019230769230769232 0.04326923076923077
0 0.4170673076923077 0.140625 0.016826923076923076 0.038461538461538464
0 0.4495192307692308 0.17307692307692307 0.02403846153846154 0.038461538461538464
0 0.49038461538461536 0.21995192307692307 0.019230769230769232 0.040865384615384616
0 0.484375 0.18269230769230768 0.019230769230769232 0.03365384615384615
0 0.47596153846153844 0.13701923076923078 0.014423076923076924 0.028846153846153848
0 0.49158653846153844 0.1466346153846154 0.01201923076923077 0.03365384615384615
0 0.5120192307692307 0.12139423076923077 0.014423076923076924 0.02403846153846154
0 0.5228365384615384 0.13581730769230768 0.01201923076923077 0.028846153846153848
0 0.5096153846153846 0.1466346153846154 0.009615384615384616 0.02403846153846154
0 0.5120192307692307 0.17668269230769232 0.014423076923076924 0.036057692307692304
0 0.5252403846153846 0.16466346153846154 0.016826923076923076 0.036057692307692304
0 0.5600961538461539 0.17908653846153846 0.014423076923076924 0.036057692307692304
0 0.5576923076923077 0.15504807692307693 0.009615384615384616 0.026442307692307692
0 0.5504807692307693 0.14302884615384615 0.014423076923076924 0.026442307692307692
0 0.5576923076923077 0.1201923076923077 0.009615384615384616 0.028846153846153848
0 0.578125 0.125 0.01201923076923077 0.03365384615384615
0 0.5841346153846154 0.1141826923076923 0.014423076923076924 0.028846153846153848
0 0.5889423076923077 0.17307692307692307 0.014423076923076924 0.03365384615384615
0 0.5913461538461539 0.15144230769230768 0.014423076923076924 0.03365384615384615
0 0.6081730769230769 0.12139423076923077 0.014423076923076924 0.028846153846153848
0 0.6225961538461539 0.14423076923076922 0.014423076923076924 0.028846153846153848
0 0.6322115384615384 0.12860576923076922 0.014423076923076924 0.03365384615384615
0 0.6165865384615384 0.11057692307692307 0.01201923076923077 0.028846153846153848
0 0.6334134615384616 0.10817307692307693 0.01201923076923077 0.02403846153846154
0 0.6610576923076923 0.13942307692307693 0.014423076923076924 0.03365384615384615
0 0.6634615384615384 0.11177884615384616 0.009615384615384616 0.02403846153846154
0 0.671875 0.10576923076923077 0.01201923076923077 0.028846153846153848
0 0.6887019230769231 0.11899038461538461 0.01201923076923077 0.028846153846153848
0 0.6899038461538461 0.10096153846153846 0.014423076923076924 0.028846153846153848
0 0.7115384615384616 0.10216346153846154 0.009615384615384616 0.026442307692307692
0 0.5685096153846154 0.23557692307692307 0.026442307692307692 0.057692307692307696
0 0.4963942307692308 0.2848557692307692 0.03365384615384615 0.06490384615384616
0 0.5432692307692307 0.29447115384615385 0.028846153846153848 0.07211538461538461
0 0.609375 0.234375 0.028846153846153848 0.05048076923076923
0 0.6358173076923077 0.21634615384615385 0.021634615384615384 0.04807692307692308
0 0.6189903846153846 0.2980769230769231 0.038461538461538464 0.057692307692307696
0 0.6742788461538461 0.2439903846153846 0.02403846153846154 0.06009615384615385
0 0.6670673076923077 0.17668269230769232 0.019230769230769232 0.036057692307692304
0 0.7055288461538461 0.15625 0.016826923076923076 0.03365384615384615
0 0.7151442307692307 0.1875 0.016826923076923076 0.038461538461538464
0 0.7091346153846154 0.22716346153846154 0.02403846153846154 0.04807692307692308
0 0.7247596153846154 0.28365384615384615 0.028846153846153848 0.0625
0 0.6923076923076923 0.30408653846153844 0.028846153846153848 0.055288461538461536
0 0.7283653846153846 0.13942307692307693 0.014423076923076924 0.028846153846153848
0 0.75 0.16466346153846154 0.019230769230769232 0.038461538461538464
0 0.7548076923076923 0.1935096153846154 0.019230769230769232 0.04326923076923077
0 0.7548076923076923 0.13701923076923078 0.019230769230769232 0.028846153846153848
0 0.8016826923076923 0.15504807692307693 0.016826923076923076 0.03365384615384615
0 0.7956730769230769 0.140625 0.014423076923076924 0.028846153846153848
0 0.8028846153846154 0.22596153846153846 0.019230769230769232 0.04807692307692308
0 0.7788461538461539 0.23677884615384615 0.02403846153846154 0.04567307692307692
0 0.7848557692307693 0.3173076923076923 0.026442307692307692 0.057692307692307696
0 0.7560096153846154 0.3713942307692308 0.036057692307692304 0.06971153846153846
0 0.84375 0.3713942307692308 0.03365384615384615 0.07211538461538461
0 0.8365384615384616 0.30649038461538464 0.028846153846153848 0.06009615384615385
0 0.8257211538461539 0.2536057692307692 0.021634615384615384 0.04807692307692308
0 0.8677884615384616 0.25721153846153844 0.02403846153846154 0.0625
0 0.890625 0.22956730769230768 0.02403846153846154 0.04807692307692308
0 0.9399038461538461 0.21394230769230768 0.014423076923076924 0.04807692307692308
0 0.9266826923076923 0.2824519230769231 0.019230769230769232 0.04807692307692308
0 0.9206730769230769 0.32211538461538464 0.02403846153846154 0.057692307692307696
0 0.9110576923076923 0.42427884615384615 0.038461538461538464 0.07692307692307693