0 0.054086538461538464 0.3449519230769231 0.019230769230769232 0.036057692307692304
0 0.39663461538461536 0.1971153846153846 0.019230769230769232 0.028846153846153848
0 0.5180288461538461 0.0733173076923077 0.016826923076923076 0.02403846153846154
0 0.5060096153846154 0.14903846153846154 0.014423076923076924 0.03365384615384615
0 0.4423076923076923 0.2536057692307692 0.019230769230769232 0.040865384615384616
0 0.4723557692307692 0.21995192307692307 0.021634615384615384 0.04807692307692308
0 0.5925480769230769 0.125 0.016826923076923076 0.028846153846153848
0 0.49038461538461536 0.27524038461538464 0.028846153846153848 0.052884615384615384
0 0.5372596153846154 0.2776442307692308 0.02403846153846154 0.057692307692307696
0 0.6598557692307693 0.2403846153846154 0.02403846153846154 0.057692307692307696
0 0.7235576923076923 0.18028846153846154 0.019230769230769232 0.03365384615384615