0 0.2548076923076923 0.22355769230769232 0.019230769230769232 0.04326923076923077
0 0.28365384615384615 0.2536057692307692 0.014423076923076924 0.038461538461538464
0 0.30288461538461536 0.27163461538461536 0.019230769230769232 0.04326923076923077
0 0.31850961538461536 0.23798076923076922 0.026442307692307692 0.04807692307692308
0 0.35216346153846156 0.19591346153846154 0.02403846153846154 0.038461538461538464
0 0.3894230769230769 0.1814903846153846 0.028846153846153848 0.05048076923076923
0 0.39302884615384615 0.21754807692307693 0.028846153846153848 0.05048076923076923
0 0.5012019230769231 0.18028846153846154 0.028846153846153848 0.0625
0 0.5060096153846154 0.27283653846153844 0.028846153846153848 0.05048076923076923
0 0.5877403846153846 0.296875 0.02403846153846154 0.055288461538461536
0 0.6177884615384616 0.30408653846153844 0.03365384615384615 0.0673076923076923