0 0.31009615384615385 0.5829326923076923 0.04326923076923077 0.04326923076923077
0 0.3894230769230769 0.5649038461538461 0.038461538461538464 0.052884615384615384
0 0.4050480769230769 0.5072115384615384 0.028846153846153848 0.052884615384615384
0 0.421875 0.5733173076923077 0.02403846153846154 0.04326923076923077
0 0.44711538461538464 0.5769230769230769 0.028846153846153848 0.052884615384615384
0 0.48197115384615385 0.5588942307692307 0.021634615384615384 0.036057692307692304
0 0.49759615384615385 0.5528846153846154 0.014423076923076924 0.03365384615384615
0 0.5360576923076923 0.5360576923076923 0.03365384615384615 0.057692307692307696
0 0.5456730769230769 0.5637019230769231 0.02403846153846154 0.052884615384615384
0 0.5625 0.5600961538461539 0.02403846153846154 0.038461538461538464
0 0.5709134615384616 0.5564903846153846 0.021634615384615384 0.028846153846153848
0 0.6057692307692307 0.5552884615384616 0.028846153846153848 0.04326923076923077
0 0.6586538461538461 0.5612980769230769 0.028846153846153848 0.038461538461538464
0 0.6826923076923077 0.5516826923076923 0.038461538461538464 0.04567307692307692
0 0.71875 0.5649038461538461 0.02403846153846154 0.04326923076923077
0 0.7644230769230769 0.5625 0.019230769230769232 0.03365384615384615
0 0.7920673076923077 0.5600961538461539 0.02403846153846154 0.03365384615384615
0 0.8329326923076923 0.5661057692307693 0.026442307692307692 0.04326923076923077
0 0.8521634615384616 0.5733173076923077 0.026442307692307692 0.055288461538461536
0 0.875 0.5757211538461539 0.028846153846153848 0.052884615384615384
0 0.8762019230769231 0.5504807692307693 0.02403846153846154 0.028846153846153848
0 0.9254807692307693 0.5949519230769231 0.04326923076923077 0.06490384615384616
0 0.9651442307692307 0.6069711538461539 0.055288461538461536 0.06490384615384616
0 0.9122596153846154 0.5432692307692307 0.02403846153846154 0.03365384615384615
0 0.9362980769230769 0.5432692307692307 0.021634615384615384 0.028846153846153848