0 0.8425480769230769 0.3713942307692308 0.038461538461538464 0.07932692307692307
0 0.625 0.4795673076923077 0.028846153846153848 0.052884615384615384
0 0.6358173076923077 0.45552884615384615 0.02403846153846154 0.04807692307692308
0 0.5721153846153846 0.47475961538461536 0.028846153846153848 0.057692307692307696
0 0.5444711538461539 0.49038461538461536 0.03125 0.0625
0 0.5048076923076923 0.4987980769230769 0.03365384615384615 0.06971153846153846
0 0.5180288461538461 0.4639423076923077 0.021634615384615384 0.04807692307692308
0 0.4963942307692308 0.4519230769230769 0.016826923076923076 0.04326923076923077
0 0.46875 0.4579326923076923 0.02403846153846154 0.04807692307692308
0 0.44711538461538464 0.49759615384615385 0.038461538461538464 0.0673076923076923
0 0.42427884615384615 0.4807692307692308 0.02403846153846154 0.052884615384615384
0 0.39903846153846156 0.5216346153846154 0.038461538461538464 0.07692307692307693
0 0.3449519230769231 0.5180288461538461 0.04567307692307692 0.09375
0 0.2776442307692308 0.5168269230769231 0.052884615384615384 0.10096153846153846
0 0.3016826923076923 0.46274038461538464 0.026442307692307692 0.055288461538461536
0 0.2512019230769231 0.4795673076923077 0.026442307692307692 0.057692307692307696
0 0.22956730769230768 0.4579326923076923 0.021634615384615384 0.057692307692307696
0 0.24158653846153846 0.4362980769230769 0.021634615384615384 0.038461538461538464
0 0.21754807692307693 0.4230769230769231 0.019230769230769232 0.038461538461538464
0 0.19591346153846154 0.4110576923076923 0.021634615384615384 0.052884615384615384
0 0.20072115384615385 0.49278846153846156 0.03365384615384615 0.0625
0 0.15865384615384615 0.4699519230769231 0.028846153846153848 0.05048076923076923
0 0.12860576923076922 0.5060096153846154 0.04807692307692308 0.09134615384615384
0 0.051682692307692304 0.5300480769230769 0.052884615384615384 0.10336538461538461
0 0.09254807692307693 0.4879807692307692 0.026442307692307692 0.0625
0 0.109375 0.4495192307692308 0.021634615384615384 0.04326923076923077
0 0.12379807692307693 0.41586538461538464 0.019230769230769232 0.03365384615384615
0 0.15144230769230768 0.4050480769230769 0.014423076923076924 0.028846153846153848
0 0.17307692307692307 0.3737980769230769 0.019230769230769232 0.03365384615384615
0 0.14182692307692307 0.38100961538461536 0.014423076923076924 0.026442307692307692
0 0.13581730769230768 0.36177884615384615 0.014423076923076924 0.02403846153846154
0 0.10817307692307693 0.3858173076923077 0.014423076923076924 0.026442307692307692
0 0.109375 0.359375 0.014423076923076924 0.028846153846153848
0 0.0733173076923077 0.45072115384615385 0.028846153846153848 0.04567307692307692
0 0.030048076923076924 0.4651442307692308 0.038461538461538464 0.052884615384615384
0 0.019230769230769232 0.40865384615384615 0.019230769230769232 0.038461538461538464
0 0.009615384615384616 0.44350961538461536 0.019230769230769232 0.06009615384615385
0 0.01201923076923077 0.3762019230769231 0.019230769230769232 0.05048076923076923
0 0.03485576923076923 0.36899038461538464 0.019230769230769232 0.038461538461538464
0 0.046875 0.3918269230769231 0.016826923076923076 0.038461538461538464
0 0.05889423076923077 0.41346153846153844 0.026442307692307692 0.04326923076923077
0 0.06850961538461539 0.3641826923076923 0.021634615384615384 0.052884615384615384