0 0.2980769230769231 0.1658653846153846 0.019230769230769232 0.03365384615384615
0 0.35697115384615385 0.15384615384615385 0.019230769230769232 0.038461538461538464
0 0.4074519230769231 0.23677884615384615 0.03125 0.0625
0 0.4387019230769231 0.171875 0.026442307692307692 0.057692307692307696
0 0.4879807692307692 0.18269230769230768 0.028846153846153848 0.057692307692307696
0 0.5444711538461539 0.19471153846153846 0.02403846153846154 0.03365384615384615
0 0.6442307692307693 0.16346153846153846 0.02403846153846154 0.057692307692307696
0 0.6935096153846154 0.20673076923076922 0.021634615384615384 0.04807692307692308
0 0.6213942307692307 0.19591346153846154 0.021634615384615384 0.05048076923076923
0 0.7548076923076923 0.2764423076923077 0.019230769230769232 0.052884615384615384
0 0.78125 0.2764423076923077 0.02403846153846154 0.04326923076923077
0 0.84375 0.2548076923076923 0.02403846153846154 0.04807692307692308
0 0.859375 0.2932692307692308 0.028846153846153848 0.07692307692307693
0 0.9206730769230769 0.25600961538461536 0.03365384615384615 0.0625
0 0.9495192307692307 0.33413461538461536 0.04326923076923077 0.08173076923076923