0 0.1045673076923077 0.2776442307692308 0.0625 0.06971153846153846
0 0.14543269230769232 0.25841346153846156 0.04326923076923077 0.057692307692307696
0 0.04567307692307692 0.31009615384615385 0.052884615384615384 0.07211538461538461
0 0.2668269230769231 0.3016826923076923 0.0625 0.08173076923076923
0 0.3425480769230769 0.26322115384615385 0.06490384615384616 0.0985576923076923
0 0.34134615384615385 0.17067307692307693 0.038461538461538464 0.057692307692307696
0 0.4230769230769231 0.18028846153846154 0.038461538461538464 0.057692307692307696
0 0.47115384615384615 0.25600961538461536 0.04326923076923077 0.05048076923076923
0 0.4411057692307692 0.23197115384615385 0.03365384615384615 0.055288461538461536
0 0.5180288461538461 0.28725961538461536 0.055288461538461536 0.0889423076923077
0 0.5168269230769231 0.2283653846153846 0.052884615384615384 0.0673076923076923
0 0.5444711538461539 0.16466346153846154 0.04326923076923077 0.0673076923076923
0 0.6057692307692307 0.20072115384615385 0.04326923076923077 0.06009615384615385
0 0.671875 0.24879807692307693 0.04567307692307692 0.06971153846153846
0 0.734375 0.27283653846153844 0.06490384615384616 0.0985576923076923
0 0.9567307692307693 0.16105769230769232 0.057692307692307696 0.11057692307692307
0 0.6634615384615384 0.20072115384615385 0.03365384615384615 0.052884615384615384