0 0.1814903846153846 0.46033653846153844 0.05048076923076923 0.08653846153846154
0 0.2608173076923077 0.25961538461538464 0.014423076923076924 0.028846153846153848
0 0.27403846153846156 0.2644230769230769 0.014423076923076924 0.028846153846153848
0 0.3245192307692308 0.24278846153846154 0.014423076923076924 0.03365384615384615
0 0.33774038461538464 0.24759615384615385 0.014423076923076924 0.02403846153846154
0 0.3545673076923077 0.25600961538461536 0.016826923076923076 0.03125
0 0.36658653846153844 0.28846153846153844 0.019230769230769232 0.038461538461538464
0 0.39783653846153844 0.29086538461538464 0.019230769230769232 0.04326923076923077
0 0.3317307692307692 0.2091346153846154 0.009615384615384616 0.02403846153846154
0 0.3449519230769231 0.2091346153846154 0.014423076923076924 0.03365384615384615
0 0.359375 0.2247596153846154 0.016826923076923076 0.026442307692307692
0 0.4026442307692308 0.21634615384615385 0.016826923076923076 0.03365384615384615
0 0.3858173076923077 0.18990384615384615 0.01201923076923077 0.02403846153846154
0 0.36778846153846156 0.18870192307692307 0.014423076923076924 0.028846153846153848
0 0.4170673076923077 0.18870192307692307 0.014423076923076924 0.028846153846153848
0 0.4519230769230769 0.1875 0.014423076923076924 0.028846153846153848
0 0.47475961538461536 0.22716346153846154 0.019230769230769232 0.040865384615384616
0 0.4567307692307692 0.21754807692307693 0.019230769230769232 0.03125
0 0.4651442307692308 0.14783653846153846 0.01201923076923077 0.019230769230769232
0 0.49038461538461536 0.12740384615384615 0.009615384615384616 0.02403846153846154
0 0.48197115384615385 0.17067307692307693 0.016826923076923076 0.02403846153846154
0 0.5168269230769231 0.17908653846153846 0.014423076923076924 0.03125
0 0.5348557692307693 0.20432692307692307 0.019230769230769232 0.04326923076923077
0 0.5228365384615384 0.15745192307692307 0.01201923076923077 0.02403846153846154
0 0.5564903846153846 0.1622596153846154 0.01201923076923077 0.026442307692307692
0 0.5721153846153846 0.14423076923076922 0.009615384615384616 0.019230769230769232
0 0.5877403846153846 0.1622596153846154 0.016826923076923076 0.028846153846153848
0 0.6153846153846154 0.1466346153846154 0.014423076923076924 0.02403846153846154
0 0.6045673076923077 0.13581730769230768 0.01201923076923077 0.026442307692307692
0 0.5733173076923077 0.1141826923076923 0.01201923076923077 0.02403846153846154
0 0.6165865384615384 0.11298076923076923 0.01201923076923077 0.02403846153846154
0 0.6033653846153846 0.1141826923076923 0.014423076923076924 0.016826923076923076
0 0.6454326923076923 0.13581730769230768 0.01201923076923077 0.026442307692307692
0 0.6550480769230769 0.11658653846153846 0.01201923076923077 0.021634615384615384
0 0.6850961538461539 0.12259615384615384 0.014423076923076924 0.03365384615384615
0 0.5120192307692307 0.2980769230769231 0.02403846153846154 0.04807692307692308
0 0.5564903846153846 0.29447115384615385 0.02403846153846154 0.04807692307692308
0 0.5576923076923077 0.24639423076923078 0.019230769230769232 0.04326923076923077
0 0.6117788461538461 0.3473557692307692 0.03125 0.05048076923076923
0 0.6310096153846154 0.24278846153846154 0.019230769230769232 0.04326923076923077
0 0.6850961538461539 0.25240384615384615 0.02403846153846154 0.04326923076923077
0 0.7259615384615384 0.2932692307692308 0.019230769230769232 0.04326923076923077
0 0.7740384615384616 0.27524038461538464 0.019230769230769232 0.04807692307692308
0 0.8581730769230769 0.30288461538461536 0.019230769230769232 0.04807692307692308
0 0.6622596153846154 0.19591346153846154 0.016826923076923076 0.03125
0 0.6670673076923077 0.17548076923076922 0.014423076923076924 0.02403846153846154
0 0.6983173076923077 0.14423076923076922 0.01201923076923077 0.019230769230769232
0 0.7175480769230769 0.14903846153846154 0.01201923076923077 0.019230769230769232
0 0.7247596153846154 0.16947115384615385 0.016826923076923076 0.03365384615384615
0 0.7055288461538461 0.1935096153846154 0.016826923076923076 0.028846153846153848
0 0.7199519230769231 0.21875 0.019230769230769232 0.03365384615384615
0 0.7391826923076923 0.19831730769230768 0.016826923076923076 0.036057692307692304
0 0.7692307692307693 0.22716346153846154 0.019230769230769232 0.036057692307692304
0 0.7776442307692307 0.203125 0.014423076923076924 0.040865384615384616
0 0.7776442307692307 0.15985576923076922 0.01201923076923077 0.026442307692307692
0 0.7596153846153846 0.13822115384615385 0.019230769230769232 0.03365384615384615
0 0.7331730769230769 0.1141826923076923 0.014423076923076924 0.02403846153846154
0 0.7728365384615384 0.11658653846153846 0.014423076923076924 0.026442307692307692
0 0.7884615384615384 0.13341346153846154 0.009615384615384616 0.026442307692307692
0 0.8064903846153846 0.16826923076923078 0.01201923076923077 0.028846153846153848
0 0.8449519230769231 0.20673076923076922 0.01201923076923077 0.038461538461538464
0 0.8461538461538461 0.1502403846153846 0.009615384615384616 0.026442307692307692
0 0.8653846153846154 0.14903846153846154 0.009615384615384616 0.038461538461538464
0 0.8942307692307693 0.16947115384615385 0.014423076923076924 0.036057692307692304
0 0.9266826923076923 0.25240384615384615 0.016826923076923076 0.04807692307692308
0 0.9134615384615384 0.21875 0.019230769230769232 0.03365384615384615
0 0.9326923076923077 0.22355769230769232 0.019230769230769232 0.03365384615384615
0 0.8533653846153846 0.19471153846153846 0.02403846153846154 0.038461538461538464
0 0.8533653846153846 0.265625 0.02403846153846154 0.04807692307692308
0 0.9014423076923077 0.15384615384615385 0.014423076923076924 0.028846153846153848
0 0.6298076923076923 0.203125 0.019230769230769232 0.04326923076923077