0 0.41346153846153844 0.21754807692307693 0.019230769230769232 0.03365384615384615
0 0.45072115384615385 0.24278846153846154 0.021634615384615384 0.03365384615384615
0 0.4639423076923077 0.17668269230769232 0.014423076923076924 0.03365384615384615
0 0.48677884615384615 0.18389423076923078 0.014423076923076924 0.028846153846153848
0 0.5576923076923077 0.1814903846153846 0.019230769230769232 0.028846153846153848
0 0.5661057692307693 0.19110576923076922 0.019230769230769232 0.03365384615384615
0 0.6430288461538461 0.13701923076923078 0.016826923076923076 0.03365384615384615
0 0.625 0.14543269230769232 0.019230769230769232 0.028846153846153848
0 0.47596153846153844 0.10697115384615384 0.019230769230769232 0.02403846153846154
0 0.6814903846153846 0.18269230769230768 0.019230769230769232 0.038461538461538464
0 0.6850961538461539 0.2283653846153846 0.02403846153846154 0.04326923076923077
0 0.7295673076923077 0.23317307692307693 0.02403846153846154 0.04326923076923077
0 0.6382211538461539 0.23076923076923078 0.021634615384615384 0.038461538461538464
0 0.6899038461538461 0.28846153846153844 0.02403846153846154 0.04326923076923077
0 0.6262019230769231 0.2860576923076923 0.019230769230769232 0.038461538461538464
0 0.6430288461538461 0.3329326923076923 0.03125 0.055288461538461536
0 0.9471153846153846 0.24879807692307693 0.02403846153846154 0.04326923076923077