0 0.5012019230769231 0.8870192307692307 0.12259615384615384 0.19230769230769232
0 0.7223557692307693 0.7487980769230769 0.07932692307692307 0.15384615384615385
0 0.8653846153846154 0.6995192307692307 0.0673076923076923 0.1201923076923077
0 0.7644230769230769 0.671875 0.0625 0.09375
0 0.5985576923076923 0.7091346153846154 0.0625 0.10096153846153846
0 0.5336538461538461 0.6838942307692307 0.057692307692307696 0.10336538461538461
0 0.42427884615384615 0.7680288461538461 0.07211538461538461 0.1201923076923077
0 0.3918269230769231 0.6370192307692307 0.07211538461538461 0.09615384615384616
0 0.29086538461538464 0.7127403846153846 0.09615384615384616 0.12740384615384615
0 0.31009615384615385 0.9314903846153846 0.14903846153846154 0.13221153846153846
0 0.2091346153846154 0.8689903846153846 0.1201923076923077 0.15144230769230768
0 0.036057692307692304 0.8125 0.0673076923076923 0.23076923076923078
0 0.0673076923076923 0.6658653846153846 0.0673076923076923 0.11057692307692307
0 0.21754807692307693 0.6646634615384616 0.06009615384615385 0.08413461538461539