0 0.17307692307692307 0.4891826923076923 0.04807692307692308 0.08653846153846154
0 0.27884615384615385 0.26802884615384615 0.019230769230769232 0.040865384615384616
0 0.3605769230769231 0.19951923076923078 0.019230769230769232 0.04326923076923077
0 0.40865384615384615 0.2247596153846154 0.02403846153846154 0.038461538461538464
0 0.38341346153846156 0.25961538461538464 0.026442307692307692 0.04807692307692308
0 0.4567307692307692 0.2247596153846154 0.028846153846153848 0.04326923076923077
0 0.4206730769230769 0.1658653846153846 0.014423076923076924 0.028846153846153848
0 0.515625 0.1310096153846154 0.014423076923076924 0.03365384615384615
0 0.5408653846153846 0.1310096153846154 0.014423076923076924 0.028846153846153848
0 0.5649038461538461 0.109375 0.014423076923076924 0.028846153846153848
0 0.5685096153846154 0.13581730769230768 0.01201923076923077 0.028846153846153848
0 0.5853365384615384 0.125 0.01201923076923077 0.028846153846153848
0 0.5649038461538461 0.18629807692307693 0.019230769230769232 0.03365384615384615
0 0.6153846153846154 0.15745192307692307 0.014423076923076924 0.038461538461538464
0 0.6574519230769231 0.11298076923076923 0.014423076923076924 0.03365384615384615
0 0.703125 0.09615384615384616 0.016826923076923076 0.028846153846153848
0 0.7235576923076923 0.08533653846153846 0.014423076923076924 0.03365384615384615
0 0.703125 0.15865384615384615 0.021634615384615384 0.04807692307692308
0 0.6923076923076923 0.16466346153846154 0.019230769230769232 0.04326923076923077
0 0.6574519230769231 0.17908653846153846 0.019230769230769232 0.040865384615384616
0 0.6598557692307693 0.2247596153846154 0.026442307692307692 0.055288461538461536
0 0.6105769230769231 0.26322115384615385 0.03365384615384615 0.052884615384615384
0 0.5516826923076923 0.2548076923076923 0.026442307692307692 0.04807692307692308
0 0.5444711538461539 0.33533653846153844 0.026442307692307692 0.06009615384615385
0 0.4891826923076923 0.3161057692307692 0.028846153846153848 0.06009615384615385
0 0.6574519230769231 0.33052884615384615 0.036057692307692304 0.07451923076923077
0 0.71875 0.2800480769230769 0.02403846153846154 0.06490384615384616
0 0.7451923076923077 0.140625 0.028846153846153848 0.05048076923076923
0 0.7680288461538461 0.22596153846153846 0.02403846153846154 0.052884615384615384
0 0.7728365384615384 0.2860576923076923 0.028846153846153848 0.0625
0 0.7548076923076923 0.3269230769230769 0.028846153846153848 0.08653846153846154
0 0.7944711538461539 0.3737980769230769 0.04326923076923077 0.08173076923076923
0 0.8918269230769231 0.3701923076923077 0.04326923076923077 0.07692307692307693
0 0.890625 0.32211538461538464 0.03365384615384615 0.0625
0 0.8377403846153846 0.29447115384615385 0.028846153846153848 0.06490384615384616
0 0.8125 0.2403846153846154 0.028846153846153848 0.052884615384615384
0 0.8064903846153846 0.12740384615384615 0.016826923076923076 0.03365384615384615
0 0.8317307692307693 0.14302884615384615 0.009615384615384616 0.03125
0 0.8413461538461539 0.125 0.014423076923076924 0.028846153846153848
0 0.8653846153846154 0.13942307692307693 0.014423076923076924 0.028846153846153848
0 0.9038461538461539 0.14783653846153846 0.014423076923076924 0.03365384615384615
0 0.9290865384615384 0.16105769230769232 0.01201923076923077 0.02403846153846154