0 0.17548076923076922 0.4326923076923077 0.0625 0.125
0 0.055288461538461536 0.5432692307692307 0.03365384615384615 0.0625
0 0.11538461538461539 0.5348557692307693 0.019230769230769232 0.057692307692307696
0 0.2536057692307692 0.546875 0.028846153846153848 0.06009615384615385
0 0.24639423076923078 0.5108173076923077 0.028846153846153848 0.040865384615384616
0 0.27884615384615385 0.6069711538461539 0.0625 0.07692307692307693
0 0.3389423076923077 0.5721153846153846 0.04326923076923077 0.07692307692307693
0 0.3173076923076923 0.5420673076923077 0.028846153846153848 0.04807692307692308
0 0.3016826923076923 0.5252403846153846 0.021634615384615384 0.036057692307692304
0 0.33533653846153844 0.5060096153846154 0.026442307692307692 0.04326923076923077
0 0.3798076923076923 0.5108173076923077 0.02403846153846154 0.040865384615384616
0 0.39903846153846156 0.5096153846153846 0.019230769230769232 0.04807692307692308
0 0.4110576923076923 0.5252403846153846 0.02403846153846154 0.04807692307692308
0 0.4326923076923077 0.5600961538461539 0.038461538461538464 0.0625
0 0.5252403846153846 0.5588942307692307 0.036057692307692304 0.06009615384615385
0 0.5985576923076923 0.5348557692307693 0.02403846153846154 0.05048076923076923
0 0.6454326923076923 0.5456730769230769 0.028846153846153848 0.052884615384615384
0 0.6129807692307693 0.6778846153846154 0.07211538461538461 0.11057692307692307
0 0.6838942307692307 0.6430288461538461 0.0625 0.10336538461538461
0 0.6995192307692307 0.5492788461538461 0.03365384615384615 0.06490384615384616
0 0.7608173076923077 0.5793269230769231 0.04326923076923077 0.08173076923076923
0 0.7932692307692307 0.5745192307692307 0.028846153846153848 0.0625
0 0.7620192307692307 0.5516826923076923 0.03365384615384615 0.057692307692307696
0 0.9567307692307693 0.3942307692307692 0.0673076923076923 0.1346153846153846