0 0.056490384615384616 0.6165865384615384 0.06490384615384616 0.04807692307692308
0 0.04927884615384615 0.5745192307692307 0.040865384615384616 0.038461538461538464
0 0.10216346153846154 0.5649038461538461 0.057692307692307696 0.04326923076923077
0 0.24519230769230768 0.5540865384615384 0.038461538461538464 0.03365384615384615
0 0.3245192307692308 0.5925480769230769 0.0625 0.04326923076923077
0 0.33533653846153844 0.5528846153846154 0.038461538461538464 0.028846153846153848
0 0.43509615384615385 0.5588942307692307 0.052884615384615384 0.03365384615384615
0 0.5192307692307693 0.5540865384615384 0.052884615384615384 0.03365384615384615
0 0.45913461538461536 0.6742788461538461 0.11057692307692307 0.09375
0 0.40625 0.7944711538461539 0.20673076923076922 0.18269230769230768
0 0.7259615384615384 0.6069711538461539 0.09615384615384616 0.08173076923076923
0 0.6286057692307693 0.5697115384615384 0.06490384615384616 0.052884615384615384
0 0.6742788461538461 0.5444711538461539 0.04326923076923077 0.040865384615384616
0 0.7259615384615384 0.5516826923076923 0.04807692307692308 0.038461538461538464
0 0.8401442307692307 0.546875 0.055288461538461536 0.04326923076923077
0 0.9254807692307693 0.5997596153846154 0.08173076923076923 0.07211538461538461
0 0.8713942307692307 0.7223557692307693 0.16826923076923078 0.14182692307692307