0 0.078125 0.25 0.021634615384615384 0.04807692307692308
0 0.13701923076923078 0.24639423076923078 0.02403846153846154 0.04567307692307692
0 0.3161057692307692 0.14423076923076922 0.021634615384615384 0.038461538461538464
0 0.4110576923076923 0.22235576923076922 0.02403846153846154 0.04326923076923077
0 0.453125 0.22235576923076922 0.02403846153846154 0.05048076923076923
0 0.5637019230769231 0.1622596153846154 0.021634615384615384 0.038461538461538464
0 0.5625 0.18990384615384615 0.019230769230769232 0.04326923076923077
0 0.6225961538461539 0.21875 0.02403846153846154 0.04807692307692308
0 0.6262019230769231 0.25961538461538464 0.028846153846153848 0.052884615384615384
0 0.6670673076923077 0.171875 0.021634615384615384 0.04567307692307692
0 0.6766826923076923 0.21995192307692307 0.028846153846153848 0.05048076923076923
0 0.9375 0.234375 0.019230769230769232 0.052884615384615384