0 0.9423076923076923 0.546875 0.09615384615384616 0.14423076923076922
0 0.7572115384615384 0.3401442307692308 0.03365384615384615 0.06490384615384616
0 0.6850961538461539 0.44471153846153844 0.028846153846153848 0.0625
0 0.6286057692307693 0.5 0.055288461538461536 0.09134615384615384
0 0.5516826923076923 0.5769230769230769 0.08653846153846154 0.14423076923076922
0 0.5588942307692307 0.47115384615384615 0.04326923076923077 0.07692307692307693
0 0.5300480769230769 0.45552884615384615 0.036057692307692304 0.07451923076923077
0 0.5108173076923077 0.4206730769230769 0.02403846153846154 0.04326923076923077
0 0.4807692307692308 0.43028846153846156 0.028846153846153848 0.04807692307692308
0 0.45913461538461536 0.36538461538461536 0.02403846153846154 0.03365384615384615
0 0.4411057692307692 0.41947115384615385 0.026442307692307692 0.04326923076923077
0 0.43509615384615385 0.4579326923076923 0.038461538461538464 0.0625
0 0.45913461538461536 0.5444711538461539 0.07211538461538461 0.13221153846153846
0 0.4014423076923077 0.5204326923076923 0.052884615384615384 0.11057692307692307
0 0.4026442307692308 0.44711538461538464 0.03365384615384615 0.057692307692307696
0 0.38461538461538464 0.4206730769230769 0.019230769230769232 0.04326923076923077
0 0.40625 0.41346153846153844 0.019230769230769232 0.038461538461538464
0 0.3317307692307692 0.4891826923076923 0.04807692307692308 0.07451923076923077
0 0.30649038461538464 0.4567307692307692 0.03365384615384615 0.057692307692307696
0 0.3269230769230769 0.43149038461538464 0.02403846153846154 0.040865384615384616
0 0.2824519230769231 0.40625 0.02403846153846154 0.03365384615384615
0 0.2932692307692308 0.36899038461538464 0.028846153846153848 0.040865384615384616
0 0.25841346153846156 0.4375 0.028846153846153848 0.04807692307692308
0 0.2283653846153846 0.44350961538461536 0.028846153846153848 0.04807692307692308
0 0.23918269230769232 0.6274038461538461 0.125 0.22115384615384615
0 0.3112980769230769 0.8545673076923077 0.17307692307692307 0.2860576923076923
0 0.13822115384615385 0.5300480769230769 0.06490384615384616 0.12980769230769232
0 0.08413461538461539 0.6310096153846154 0.10096153846153846 0.14903846153846154
0 0.0829326923076923 0.5108173076923077 0.07451923076923077 0.1201923076923077
0 0.15144230769230768 0.4495192307692308 0.04807692307692308 0.07211538461538461
0 0.18990384615384615 0.421875 0.03365384615384615 0.04807692307692308
0 0.15625 0.3737980769230769 0.03365384615384615 0.052884615384615384
0 0.16105769230769232 0.4266826923076923 0.03365384615384615 0.04807692307692308
0 0.08413461538461539 0.38221153846153844 0.038461538461538464 0.052884615384615384
0 0.019230769230769232 0.3245192307692308 0.03365384615384615 0.052884615384615384