0 0.20673076923076922 0.34975961538461536 0.038461538461538464 0.0673076923076923
0 0.18870192307692307 0.24639423076923078 0.021634615384615384 0.04326923076923077
0 0.21153846153846154 0.24158653846153846 0.019230769230769232 0.04567307692307692
0 0.3401442307692308 0.2127403846153846 0.019230769230769232 0.038461538461538464
0 0.4230769230769231 0.21875 0.019230769230769232 0.04326923076923077
0 0.4567307692307692 0.1971153846153846 0.019230769230769232 0.04326923076923077
0 0.4807692307692308 0.2283653846153846 0.019230769230769232 0.04807692307692308
0 0.49158653846153844 0.17908653846153846 0.021634615384615384 0.036057692307692304
0 0.5456730769230769 0.18870192307692307 0.02403846153846154 0.04567307692307692
0 0.5889423076923077 0.1622596153846154 0.019230769230769232 0.036057692307692304
0 0.6189903846153846 0.1346153846153846 0.016826923076923076 0.028846153846153848
0 0.6129807692307693 0.234375 0.02403846153846154 0.05048076923076923
0 0.7211538461538461 0.2848557692307692 0.028846153846153848 0.06009615384615385
0 0.8389423076923077 0.34134615384615385 0.02403846153846154 0.057692307692307696
0 0.8317307692307693 0.2247596153846154 0.019230769230769232 0.04567307692307692
0 0.921875 0.2824519230769231 0.021634615384615384 0.040865384615384616
0 0.8858173076923077 0.11778846153846154 0.014423076923076924 0.03365384615384615
0 0.9302884615384616 0.15504807692307693 0.014423076923076924 0.03365384615384615