0 0.140625 0.734375 0.12740384615384615 0.15384615384615385
0 0.11778846153846154 0.6790865384615384 0.1201923076923077 0.14423076923076922
0 0.051682692307692304 0.6526442307692307 0.0889423076923077 0.12740384615384615
0 0.040865384615384616 0.5588942307692307 0.052884615384615384 0.06971153846153846
0 0.03485576923076923 0.4987980769230769 0.026442307692307692 0.05048076923076923
0 0.06971153846153846 0.5072115384615384 0.02403846153846154 0.04807692307692308
0 0.0985576923076923 0.5192307692307693 0.03365384615384615 0.04807692307692308
0 0.12740384615384615 0.5348557692307693 0.03365384615384615 0.05048076923076923
0 0.17427884615384615 0.5108173076923077 0.03125 0.038461538461538464
0 0.203125 0.5168269230769231 0.021634615384615384 0.04326923076923077
0 0.21394230769230768 0.5456730769230769 0.038461538461538464 0.04326923076923077
0 0.2247596153846154 0.609375 0.07932692307692307 0.11298076923076923
0 0.33533653846153844 0.7896634615384616 0.14423076923076922 0.20432692307692307
0 0.5012019230769231 0.875 0.15384615384615385 0.2403846153846154
0 0.6021634615384616 0.703125 0.1201923076923077 0.17067307692307693
0 0.5 0.6610576923076923 0.11538461538461539 0.14423076923076922
0 0.42788461538461536 0.6802884615384616 0.07692307692307693 0.10576923076923077
0 0.42908653846153844 0.6057692307692307 0.0673076923076923 0.07692307692307693
0 0.35336538461538464 0.5829326923076923 0.052884615384615384 0.07692307692307693
0 0.2920673076923077 0.5360576923076923 0.038461538461538464 0.0625
0 0.25841346153846156 0.5588942307692307 0.038461538461538464 0.052884615384615384
0 0.23918269230769232 0.5300480769230769 0.02403846153846154 0.04326923076923077
0 0.24278846153846154 0.5120192307692307 0.02403846153846154 0.03365384615384615
0 0.34134615384615385 0.515625 0.019230769230769232 0.03365384615384615
0 0.3762019230769231 0.5516826923076923 0.03365384615384615 0.05048076923076923
0 0.39783653846153844 0.5336538461538461 0.02403846153846154 0.038461538461538464
0 0.41947115384615385 0.5420673076923077 0.028846153846153848 0.04807692307692308
0 0.4723557692307692 0.5540865384615384 0.028846153846153848 0.04807692307692308
0 0.5144230769230769 0.5853365384615384 0.038461538461538464 0.04326923076923077
0 0.6850961538461539 0.671875 0.08173076923076923 0.1201923076923077
0 0.8125 0.7692307692307693 0.14423076923076922 0.21153846153846154
0 0.7848557692307693 0.6286057692307693 0.06009615384615385 0.07692307692307693
0 0.8653846153846154 0.6430288461538461 0.08173076923076923 0.125
0 0.9723557692307693 0.6538461538461539 0.04326923076923077 0.09615384615384616
0 0.96875 0.6129807692307693 0.03365384615384615 0.052884615384615384
0 0.9326923076923077 0.5745192307692307 0.038461538461538464 0.057692307692307696
0 0.8557692307692307 0.5612980769230769 0.019230769230769232 0.040865384615384616
0 0.796875 0.5853365384615384 0.03365384615384615 0.04326923076923077
0 0.8137019230769231 0.5576923076923077 0.028846153846153848 0.04807692307692308
0 0.7536057692307693 0.5588942307692307 0.02403846153846154 0.038461538461538464
0 0.7139423076923077 0.5805288461538461 0.04326923076923077 0.0625
0 0.7151442307692307 0.5384615384615384 0.026442307692307692 0.038461538461538464
0 0.6826923076923077 0.5300480769230769 0.019230769230769232 0.038461538461538464
0 0.6887019230769231 0.5564903846153846 0.02403846153846154 0.03125
0 0.65625 0.578125 0.038461538461538464 0.04807692307692308
0 0.6274038461538461 0.6117788461538461 0.04326923076923077 0.06009615384615385
0 0.59375 0.5973557692307693 0.04326923076923077 0.06009615384615385
0 0.5673076923076923 0.5552884615384616 0.03365384615384615 0.04326923076923077
0 0.5204326923076923 0.5516826923076923 0.026442307692307692 0.038461538461538464
0 0.5408653846153846 0.5432692307692307 0.02403846153846154 0.028846153846153848
0 0.5204326923076923 0.5240384615384616 0.021634615384615384 0.03365384615384615
0 0.4987980769230769 0.5300480769230769 0.019230769230769232 0.03125
0 0.546875 0.5240384615384616 0.02403846153846154 0.028846153846153848
0 0.5637019230769231 0.5240384615384616 0.021634615384615384 0.028846153846153848
0 0.5865384615384616 0.5372596153846154 0.019230769230769232 0.028846153846153848
0 0.6310096153846154 0.5456730769230769 0.026442307692307692 0.03365384615384615
0 0.6201923076923077 0.5288461538461539 0.019230769230769232 0.03365384615384615
0 0.6538461538461539 0.5384615384615384 0.019230769230769232 0.03365384615384615