0 0.0829326923076923 0.4206730769230769 0.14903846153846154 0.1971153846153846
0 0.09615384615384616 0.2776442307692308 0.07692307692307693 0.10576923076923077
0 0.07692307692307693 0.17427884615384615 0.04807692307692308 0.06009615384615385
0 0.16706730769230768 0.17307692307692307 0.038461538461538464 0.0673076923076923
0 0.21033653846153846 0.16706730769230768 0.057692307692307696 0.07932692307692307
0 0.38822115384615385 0.3329326923076923 0.09615384615384616 0.12259615384615384
0 0.36538461538461536 0.2247596153846154 0.057692307692307696 0.08653846153846154
0 0.29927884615384615 0.18509615384615385 0.04326923076923077 0.0625
0 0.32091346153846156 0.1466346153846154 0.04807692307692308 0.0625
0 0.36899038461538464 0.09495192307692307 0.04326923076923077 0.07211538461538461
0 0.44471153846153844 0.20072115384615385 0.04326923076923077 0.07451923076923077
0 0.4483173076923077 0.1466346153846154 0.03365384615384615 0.052884615384615384
0 0.47716346153846156 0.15985576923076922 0.026442307692307692 0.04567307692307692
0 0.49399038461538464 0.14182692307692307 0.02403846153846154 0.038461538461538464
0 0.5300480769230769 0.16105769230769232 0.028846153846153848 0.04807692307692308
0 0.5552884615384616 0.2247596153846154 0.0625 0.08173076923076923
0 0.6298076923076923 0.2247596153846154 0.052884615384615384 0.06490384615384616
0 0.6021634615384616 0.17548076923076922 0.03365384615384615 0.057692307692307696
0 0.5721153846153846 0.15504807692307693 0.02403846153846154 0.04807692307692308
0 0.6201923076923077 0.13701923076923078 0.028846153846153848 0.04326923076923077
0 0.6514423076923077 0.16706730769230768 0.03365384615384615 0.04567307692307692
0 0.7127403846153846 0.15504807692307693 0.03365384615384615 0.04807692307692308
0 0.7572115384615384 0.19591346153846154 0.04326923076923077 0.06490384615384616
0 0.7944711538461539 0.171875 0.036057692307692304 0.06009615384615385
0 0.7644230769230769 0.15625 0.028846153846153848 0.052884615384615384
0 0.7067307692307693 0.5721153846153846 0.22115384615384615 0.3173076923076923
0 0.7668269230769231 0.43028846153846156 0.12980769230769232 0.20192307692307693
0 0.8269230769230769 0.29447115384615385 0.08653846153846154 0.1346153846153846
0 0.9170673076923077 0.2536057692307692 0.07451923076923077 0.10096153846153846
0 0.9651442307692307 0.21153846153846154 0.055288461538461536 0.0673076923076923
0 0.9362980769230769 0.1935096153846154 0.04326923076923077 0.07451923076923077