0 0.04927884615384615 0.4026442307692308 0.028846153846153848 0.0673076923076923
0 0.2548076923076923 0.28365384615384615 0.019230769230769232 0.028846153846153848
0 0.28846153846153844 0.25961538461538464 0.014423076923076924 0.028846153846153848
0 0.29447115384615385 0.25721153846153844 0.019230769230769232 0.03365384615384615
0 0.3125 0.22115384615384615 0.014423076923076924 0.028846153846153848
0 0.3485576923076923 0.21514423076923078 0.014423076923076924 0.03125
0 0.34375 0.265625 0.014423076923076924 0.03365384615384615
0 0.3701923076923077 0.2127403846153846 0.014423076923076924 0.03125
0 0.38100961538461536 0.19951923076923078 0.014423076923076924 0.02403846153846154
0 0.4098557692307692 0.171875 0.014423076923076924 0.026442307692307692
0 0.42788461538461536 0.17067307692307693 0.014423076923076924 0.02403846153846154
0 0.4375 0.20192307692307693 0.019230769230769232 0.038461538461538464
0 0.40384615384615385 0.28966346153846156 0.019230769230769232 0.05048076923076923
0 0.4254807692307692 0.21634615384615385 0.014423076923076924 0.028846153846153848
0 0.4519230769230769 0.140625 0.009615384615384616 0.021634615384615384
0 0.45552884615384615 0.1658653846153846 0.016826923076923076 0.03365384615384615
0 0.4699519230769231 0.18870192307692307 0.014423076923076924 0.03125
0 0.4579326923076923 0.21754807692307693 0.016826923076923076 0.040865384615384616
0 0.4831730769230769 0.2247596153846154 0.019230769230769232 0.036057692307692304
0 0.4735576923076923 0.15384615384615385 0.014423076923076924 0.028846153846153848
0 0.48677884615384615 0.13221153846153846 0.009615384615384616 0.02403846153846154
0 0.4987980769230769 0.14423076923076922 0.009615384615384616 0.019230769230769232
0 0.5336538461538461 0.13822115384615385 0.019230769230769232 0.03365384615384615
0 0.5396634615384616 0.16346153846153846 0.019230769230769232 0.028846153846153848
0 0.5492788461538461 0.19230769230769232 0.019230769230769232 0.038461538461538464
0 0.49158653846153844 0.19471153846153846 0.019230769230769232 0.038461538461538464
0 0.47716346153846156 0.3016826923076923 0.021634615384615384 0.05048076923076923
0 0.5697115384615384 0.109375 0.014423076923076924 0.02403846153846154
0 0.5829326923076923 0.15264423076923078 0.014423076923076924 0.028846153846153848
0 0.5853365384615384 0.12860576923076922 0.01201923076923077 0.016826923076923076
0 0.59375 0.1045673076923077 0.014423076923076924 0.02403846153846154
0 0.609375 0.11298076923076923 0.01201923076923077 0.02403846153846154
0 0.6274038461538461 0.09615384615384616 0.009615384615384616 0.019230769230769232
0 0.6382211538461539 0.10216346153846154 0.01201923076923077 0.021634615384615384
0 0.6502403846153846 0.10817307692307693 0.01201923076923077 0.02403846153846154
0 0.625 0.13822115384615385 0.009615384615384616 0.03125
0 0.6153846153846154 0.19471153846153846 0.019230769230769232 0.04326923076923077
0 0.609375 0.25 0.019230769230769232 0.04807692307692308
0 0.5673076923076923 0.24759615384615385 0.019230769230769232 0.04326923076923077
0 0.5612980769230769 0.28846153846153844 0.021634615384615384 0.04807692307692308
0 0.6105769230769231 0.3245192307692308 0.028846153846153848 0.052884615384615384
0 0.6766826923076923 0.32211538461538464 0.03125 0.057692307692307696
0 0.6634615384615384 0.20673076923076922 0.019230769230769232 0.04807692307692308
0 0.6526442307692307 0.17908653846153846 0.016826923076923076 0.03125
0 0.6706730769230769 0.12139423076923077 0.014423076923076924 0.02403846153846154
0 0.6778846153846154 0.14543269230769232 0.014423076923076924 0.03125
0 0.7019230769230769 0.09495192307692307 0.014423076923076924 0.03125
0 0.7079326923076923 0.140625 0.014423076923076924 0.03125
0 0.7043269230769231 0.17548076923076922 0.014423076923076924 0.03365384615384615
0 0.7067307692307693 0.22596153846153846 0.019230769230769232 0.03365384615384615
0 0.71875 0.2932692307692308 0.02403846153846154 0.04807692307692308
0 0.78125 0.2848557692307692 0.02403846153846154 0.04807692307692308
0 0.7752403846153846 0.21634615384615385 0.019230769230769232 0.038461538461538464
0 0.7475961538461539 0.1814903846153846 0.014423076923076924 0.03125
0 0.7355769230769231 0.15384615384615385 0.014423076923076924 0.028846153846153848
0 0.7367788461538461 0.11899038461538461 0.01201923076923077 0.026442307692307692
0 0.7463942307692307 0.13221153846153846 0.01201923076923077 0.028846153846153848
0 0.7463942307692307 0.11658653846153846 0.01201923076923077 0.019230769230769232
0 0.7620192307692307 0.15625 0.014423076923076924 0.028846153846153848
0 0.7704326923076923 0.125 0.014423076923076924 0.028846153846153848
0 0.7872596153846154 0.11899038461538461 0.01201923076923077 0.026442307692307692
0 0.7956730769230769 0.12980769230769232 0.014423076923076924 0.028846153846153848
0 0.7980769230769231 0.17427884615384615 0.019230769230769232 0.03365384615384615
0 0.8100961538461539 0.1622596153846154 0.014423076923076924 0.03125
0 0.8112980769230769 0.12980769230769232 0.01201923076923077 0.028846153846153848
0 0.828125 0.13822115384615385 0.014423076923076924 0.03365384615384615
0 0.8425480769230769 0.17307692307692307 0.014423076923076924 0.038461538461538464
0 0.8533653846153846 0.15144230769230768 0.014423076923076924 0.03365384615384615
0 0.8629807692307693 0.14302884615384615 0.014423076923076924 0.026442307692307692
0 0.8701923076923077 0.12379807692307693 0.009615384615384616 0.021634615384615384
0 0.8978365384615384 0.12980769230769232 0.01201923076923077 0.028846153846153848
0 0.8870192307692307 0.15985576923076922 0.014423076923076924 0.028846153846153848
0 0.8846153846153846 0.1935096153846154 0.019230769230769232 0.03365384615384615
0 0.8701923076923077 0.22115384615384615 0.019230769230769232 0.038461538461538464
0 0.9302884615384616 0.15384615384615385 0.014423076923076924 0.028846153846153848
0 0.9254807692307693 0.18990384615384615 0.014423076923076924 0.03365384615384615
0 0.9206730769230769 0.2776442307692308 0.019230769230769232 0.055288461538461536
0 0.6899038461538461 0.25 0.02403846153846154 0.052884615384615384
0 0.3894230769230769 0.22355769230769232 0.019230769230769232 0.03365384615384615
0 0.5108173076923077 0.16706730769230768 0.016826923076923076 0.03125