0 0.07091346153846154 0.46274038461538464 0.07692307692307693 0.11057692307692307
0 0.019230769230769232 0.45913461538461536 0.038461538461538464 0.09134615384615384
0 0.03485576923076923 0.3798076923076923 0.055288461538461536 0.07692307692307693
0 0.18870192307692307 0.3858173076923077 0.04807692307692308 0.07451923076923077
0 0.2932692307692308 0.4387019230769231 0.04807692307692308 0.07692307692307693
0 0.36899038461538464 0.4651442307692308 0.07451923076923077 0.10817307692307693
0 0.27403846153846156 0.3858173076923077 0.028846153846153848 0.05048076923076923
0 0.2932692307692308 0.40024038461538464 0.028846153846153848 0.040865384615384616
0 0.31971153846153844 0.375 0.02403846153846154 0.04807692307692308
0 0.39663461538461536 0.38822115384615385 0.028846153846153848 0.055288461538461536
0 0.39783653846153844 0.3557692307692308 0.03125 0.04807692307692308
0 0.45552884615384615 0.4050480769230769 0.040865384615384616 0.0673076923076923
0 0.5637019230769231 0.44350961538461536 0.04807692307692308 0.10096153846153846
0 0.5528846153846154 0.37259615384615385 0.04326923076923077 0.07692307692307693
0 0.5132211538461539 0.39663461538461536 0.038461538461538464 0.0625
0 0.4879807692307692 0.3737980769230769 0.03365384615384615 0.052884615384615384
0 0.5673076923076923 0.2668269230769231 0.028846153846153848 0.052884615384615384
0 0.6177884615384616 0.40865384615384615 0.0625 0.10096153846153846
0 0.6622596153846154 0.3701923076923077 0.03125 0.0673076923076923
0 0.7439903846153846 0.3942307692307692 0.04807692307692308 0.07692307692307693
0 0.8052884615384616 0.2764423076923077 0.03365384615384615 0.057692307692307696
0 0.890625 0.32091346153846156 0.052884615384615384 0.0889423076923077