0 0.1658653846153846 0.265625 0.02403846153846154 0.052884615384615384
0 0.27163461538461536 0.25721153846153844 0.019230769230769232 0.03365384615384615
0 0.2824519230769231 0.25 0.019230769230769232 0.03365384615384615
0 0.3173076923076923 0.24639423076923078 0.019230769230769232 0.038461538461538464
0 0.33653846153846156 0.21514423076923078 0.019230769230769232 0.038461538461538464
0 0.3581730769230769 0.2668269230769231 0.02403846153846154 0.04326923076923077
0 0.38100961538461536 0.29927884615384615 0.028846153846153848 0.04567307692307692
0 0.3954326923076923 0.19230769230769232 0.021634615384615384 0.04807692307692308
0 0.41466346153846156 0.21875 0.019230769230769232 0.038461538461538464
0 0.47836538461538464 0.22355769230769232 0.019230769230769232 0.04326923076923077
0 0.4651442307692308 0.15745192307692307 0.016826923076923076 0.03365384615384615
0 0.4579326923076923 0.13822115384615385 0.01201923076923077 0.02403846153846154
0 0.4795673076923077 0.12860576923076922 0.014423076923076924 0.03125
0 0.515625 0.19831730769230768 0.019230769230769232 0.040865384615384616
0 0.5324519230769231 0.17908653846153846 0.019230769230769232 0.028846153846153848
0 0.5264423076923077 0.14182692307692307 0.014423076923076924 0.03365384615384615
0 0.5600961538461539 0.13581730769230768 0.014423076923076924 0.03365384615384615
0 0.5853365384615384 0.15264423076923078 0.016826923076923076 0.03365384615384615
0 0.6129807692307693 0.1466346153846154 0.014423076923076924 0.03365384615384615
0 0.6105769230769231 0.125 0.009615384615384616 0.028846153846153848
0 0.5817307692307693 0.09615384615384616 0.014423076923076924 0.028846153846153848
0 0.49158653846153844 0.296875 0.026442307692307692 0.057692307692307696
0 0.5456730769230769 0.296875 0.028846153846153848 0.057692307692307696
0 0.5853365384615384 0.21514423076923078 0.021634615384615384 0.04567307692307692
0 0.5985576923076923 0.20793269230769232 0.02403846153846154 0.04326923076923077
0 0.640625 0.17307692307692307 0.021634615384615384 0.04326923076923077
0 0.6514423076923077 0.20432692307692307 0.02403846153846154 0.052884615384615384
0 0.6466346153846154 0.2548076923076923 0.02403846153846154 0.04807692307692308
0 0.609375 0.2704326923076923 0.026442307692307692 0.055288461538461536
0 0.6334134615384616 0.36778846153846156 0.036057692307692304 0.08173076923076923
0 0.7235576923076923 0.25721153846153844 0.02403846153846154 0.057692307692307696
0 0.7043269230769231 0.20793269230769232 0.02403846153846154 0.04326923076923077
0 0.6778846153846154 0.16346153846153846 0.019230769230769232 0.03365384615384615
0 0.71875 0.1466346153846154 0.02403846153846154 0.038461538461538464
0 0.7295673076923077 0.18990384615384615 0.021634615384615384 0.04326923076923077
0 0.7475961538461539 0.22355769230769232 0.02403846153846154 0.04326923076923077
0 0.7680288461538461 0.19951923076923078 0.016826923076923076 0.04326923076923077
0 0.7980769230769231 0.22716346153846154 0.028846153846153848 0.06009615384615385
0 0.8064903846153846 0.2764423076923077 0.028846153846153848 0.052884615384615384
0 0.7572115384615384 0.35096153846153844 0.03365384615384615 0.0625
0 0.8521634615384616 0.3004807692307692 0.026442307692307692 0.0625
0 0.8569711538461539 0.24879807692307693 0.02403846153846154 0.057692307692307696
0 0.9026442307692307 0.25961538461538464 0.02403846153846154 0.057692307692307696
0 0.875 0.1935096153846154 0.019230769230769232 0.038461538461538464
0 0.8605769230769231 0.14903846153846154 0.019230769230769232 0.03365384615384615
0 0.8365384615384616 0.18028846153846154 0.019230769230769232 0.038461538461538464
0 0.8185096153846154 0.21153846153846154 0.019230769230769232 0.04807692307692308
0 0.7980769230769231 0.17307692307692307 0.019230769230769232 0.03365384615384615
0 0.8161057692307693 0.15504807692307693 0.019230769230769232 0.036057692307692304
0 0.7920673076923077 0.13701923076923078 0.016826923076923076 0.038461538461538464
0 0.7788461538461539 0.1502403846153846 0.019230769230769232 0.036057692307692304
0 0.7632211538461539 0.16105769230769232 0.016826923076923076 0.03365384615384615
0 0.7560096153846154 0.125 0.016826923076923076 0.03365384615384615