0 0.3329326923076923 0.29927884615384615 0.021634615384615384 0.040865384615384616
0 0.3449519230769231 0.23317307692307693 0.01201923076923077 0.04326923076923077
0 0.35697115384615385 0.22596153846153846 0.021634615384615384 0.038461538461538464
0 0.41586538461538464 0.2980769230769231 0.02403846153846154 0.038461538461538464
0 0.3942307692307692 0.22235576923076922 0.009615384615384616 0.03365384615384615
0 0.40865384615384615 0.2127403846153846 0.019230769230769232 0.038461538461538464
0 0.42788461538461536 0.24158653846153846 0.019230769230769232 0.03365384615384615
0 0.4579326923076923 0.2091346153846154 0.019230769230769232 0.03365384615384615
0 0.47716346153846156 0.17427884615384615 0.021634615384615384 0.03365384615384615
0 0.4699519230769231 0.26802884615384615 0.021634615384615384 0.03365384615384615
0 0.49399038461538464 0.22355769230769232 0.021634615384615384 0.03365384615384615
0 0.5228365384615384 0.1622596153846154 0.02403846153846154 0.03365384615384615
0 0.5420673076923077 0.17307692307692307 0.014423076923076924 0.038461538461538464
0 0.5576923076923077 0.15985576923076922 0.02403846153846154 0.03125
0 0.53125 0.203125 0.02403846153846154 0.038461538461538464
0 0.5769230769230769 0.18028846153846154 0.019230769230769232 0.03365384615384615
0 0.5961538461538461 0.16706730769230768 0.019230769230769232 0.036057692307692304
0 0.5637019230769231 0.26322115384615385 0.026442307692307692 0.04326923076923077
0 0.6021634615384616 0.2644230769230769 0.026442307692307692 0.04807692307692308
0 0.5709134615384616 0.31850961538461536 0.02403846153846154 0.05048076923076923
0 0.6538461538461539 0.31009615384615385 0.028846153846153848 0.0625
0 0.6538461538461539 0.20552884615384615 0.019230769230769232 0.04326923076923077
0 0.6682692307692307 0.21754807692307693 0.02403846153846154 0.04807692307692308
0 0.6947115384615384 0.16947115384615385 0.014423076923076924 0.03125
0 0.7728365384615384 0.14302884615384615 0.019230769230769232 0.03125
0 0.7355769230769231 0.17067307692307693 0.019230769230769232 0.03365384615384615
0 0.7403846153846154 0.19831730769230768 0.019230769230769232 0.04807692307692308
0 0.7115384615384616 0.23918269230769232 0.019230769230769232 0.04567307692307692
0 0.7379807692307693 0.2644230769230769 0.028846153846153848 0.057692307692307696
0 0.7728365384615384 0.23798076923076922 0.019230769230769232 0.04807692307692308
0 0.78125 0.203125 0.02403846153846154 0.040865384615384616
0 0.7992788461538461 0.1502403846153846 0.014423076923076924 0.03365384615384615
0 0.828125 0.17067307692307693 0.019230769230769232 0.03365384615384615
0 0.7668269230769231 0.36177884615384615 0.03365384615384615 0.07211538461538461
0 0.7836538461538461 0.3004807692307692 0.02403846153846154 0.052884615384615384
0 0.8149038461538461 0.25600961538461536 0.02403846153846154 0.0625
0 0.8317307692307693 0.22716346153846154 0.02403846153846154 0.05048076923076923
0 0.8629807692307693 0.15625 0.014423076923076924 0.03365384615384615
0 0.8882211538461539 0.20793269230769232 0.019230769230769232 0.036057692307692304
0 0.8533653846153846 0.20552884615384615 0.02403846153846154 0.036057692307692304
0 0.8725961538461539 0.2704326923076923 0.02403846153846154 0.052884615384615384
0 0.8473557692307693 0.3173076923076923 0.02403846153846154 0.04807692307692308
0 0.9206730769230769 0.2692307692307692 0.03365384615384615 0.052884615384615384
0 0.7692307692307693 0.1875 0.019230769230769232 0.038461538461538464
0 0.6153846153846154 0.11298076923076923 0.019230769230769232 0.02403846153846154
0 0.6057692307692307 0.23557692307692307 0.028846153846153848 0.04326923076923077