0 0.35336538461538464 0.4483173076923077 0.03365384615384615 0.055288461538461536
0 0.4723557692307692 0.6117788461538461 0.057692307692307696 0.09375
0 0.6057692307692307 0.6045673076923077 0.057692307692307696 0.10096153846153846
0 0.4050480769230769 0.7427884615384616 0.10817307692307693 0.14903846153846154
0 0.21153846153846154 0.6983173076923077 0.08653846153846154 0.12259615384615384
0 0.0985576923076923 0.6814903846153846 0.07211538461538461 0.0985576923076923
0 0.04807692307692308 0.6454326923076923 0.057692307692307696 0.08413461538461539
0 0.014423076923076924 0.5841346153846154 0.028846153846153848 0.0625
0 0.13221153846153846 0.5685096153846154 0.03365384615384615 0.057692307692307696
0 0.1971153846153846 0.5576923076923077 0.028846153846153848 0.057692307692307696
0 0.25 0.5841346153846154 0.04326923076923077 0.0625