0 0.06009615384615385 0.4963942307692308 0.04326923076923077 0.07932692307692307
0 0.28725961538461536 0.23197115384615385 0.016826923076923076 0.03365384615384615
0 0.28725961538461536 0.2620192307692308 0.016826923076923076 0.038461538461538464
0 0.30288461538461536 0.26322115384615385 0.019230769230769232 0.038461538461538464
0 0.35336538461538464 0.25961538461538464 0.02403846153846154 0.038461538461538464
0 0.34134615384615385 0.20793269230769232 0.019230769230769232 0.03365384615384615
0 0.3557692307692308 0.20793269230769232 0.019230769230769232 0.038461538461538464
0 0.36899038461538464 0.21995192307692307 0.016826923076923076 0.038461538461538464
0 0.39903846153846156 0.2776442307692308 0.019230769230769232 0.04326923076923077
0 0.3894230769230769 0.27283653846153844 0.019230769230769232 0.05048076923076923
0 0.41225961538461536 0.21153846153846154 0.019230769230769232 0.038461538461538464
0 0.39903846153846156 0.1778846153846154 0.019230769230769232 0.03365384615384615
0 0.3858173076923077 0.18269230769230768 0.016826923076923076 0.038461538461538464
0 0.4230769230769231 0.1875 0.019230769230769232 0.038461538461538464
0 0.4543269230769231 0.17548076923076922 0.014423076923076924 0.03365384615384615
0 0.4675480769230769 0.22115384615384615 0.021634615384615384 0.04807692307692308
0 0.49399038461538464 0.21995192307692307 0.02403846153846154 0.040865384615384616
0 0.47115384615384615 0.15504807692307693 0.019230769230769232 0.03365384615384615
0 0.47475961538461536 0.1346153846153846 0.014423076923076924 0.028846153846153848
0 0.5024038461538461 0.15504807692307693 0.014423076923076924 0.03365384615384615
0 0.49278846153846156 0.125 0.014423076923076924 0.019230769230769232
0 0.4855769230769231 0.1778846153846154 0.019230769230769232 0.038461538461538464
0 0.5228365384615384 0.17908653846153846 0.016826923076923076 0.036057692307692304
0 0.5384615384615384 0.19230769230769232 0.02403846153846154 0.04326923076923077
0 0.5492788461538461 0.15504807692307693 0.016826923076923076 0.03365384615384615
0 0.5733173076923077 0.13822115384615385 0.01201923076923077 0.03125
0 0.5745192307692307 0.109375 0.014423076923076924 0.03125
0 0.5793269230769231 0.16105769230769232 0.014423076923076924 0.03365384615384615
0 0.5997596153846154 0.11538461538461539 0.014423076923076924 0.03365384615384615
0 0.6057692307692307 0.13221153846153846 0.019230769230769232 0.02403846153846154
0 0.6262019230769231 0.1141826923076923 0.01201923076923077 0.028846153846153848
0 0.6322115384615384 0.1346153846153846 0.014423076923076924 0.028846153846153848
0 0.6586538461538461 0.11778846153846154 0.019230769230769232 0.03365384615384615
0 0.6959134615384616 0.11298076923076923 0.01201923076923077 0.028846153846153848
0 0.7019230769230769 0.13942307692307693 0.019230769230769232 0.038461538461538464
0 0.7235576923076923 0.13822115384615385 0.014423076923076924 0.038461538461538464
0 0.6850961538461539 0.16826923076923078 0.019230769230769232 0.028846153846153848
0 0.6706730769230769 0.19951923076923078 0.019230769230769232 0.038461538461538464
0 0.6370192307692307 0.1971153846153846 0.02403846153846154 0.04807692307692308
0 0.5901442307692307 0.21875 0.02403846153846154 0.052884615384615384
0 0.5913461538461539 0.28125 0.028846153846153848 0.052884615384615384
0 0.5216346153846154 0.28966346153846156 0.02403846153846154 0.04807692307692308
0 0.6201923076923077 0.2548076923076923 0.028846153846153848 0.057692307692307696
0 0.6490384615384616 0.2980769230769231 0.038461538461538464 0.057692307692307696
0 0.6947115384615384 0.24639423076923078 0.03365384615384615 0.055288461538461536
0 0.71875 0.21033653846153846 0.02403846153846154 0.04326923076923077
0 0.7211538461538461 0.17427884615384615 0.019230769230769232 0.036057692307692304
0 0.7379807692307693 0.16706730769230768 0.014423076923076924 0.036057692307692304
0 0.7620192307692307 0.18389423076923078 0.02403846153846154 0.04326923076923077
0 0.7860576923076923 0.19591346153846154 0.02403846153846154 0.04567307692307692
0 0.7788461538461539 0.15625 0.019230769230769232 0.03365384615384615
0 0.765625 0.13942307692307693 0.014423076923076924 0.028846153846153848
0 0.765625 0.11057692307692307 0.014423076923076924 0.028846153846153848
0 0.7800480769230769 0.1201923076923077 0.014423076923076924 0.03365384615384615
0 0.7908653846153846 0.13581730769230768 0.014423076923076924 0.03365384615384615
0 0.8125 0.15745192307692307 0.019230769230769232 0.03365384615384615
0 0.828125 0.12139423076923077 0.019230769230769232 0.028846153846153848
0 0.8305288461538461 0.14302884615384615 0.016826923076923076 0.03125
0 0.8473557692307693 0.14302884615384615 0.016826923076923076 0.03125
0 0.8581730769230769 0.17307692307692307 0.014423076923076924 0.03365384615384615
0 0.8641826923076923 0.15384615384615385 0.016826923076923076 0.03365384615384615
0 0.8485576923076923 0.20552884615384615 0.019230769230769232 0.04326923076923077
0 0.7704326923076923 0.2512019230769231 0.026442307692307692 0.05048076923076923
0 0.7403846153846154 0.28125 0.028846153846153848 0.0625
0 0.7872596153846154 0.296875 0.03125 0.052884615384615384
0 0.8617788461538461 0.28725961538461536 0.028846153846153848 0.055288461538461536
0 0.8810096153846154 0.22716346153846154 0.026442307692307692 0.05048076923076923
0 0.9110576923076923 0.20552884615384615 0.02403846153846154 0.04326923076923077
0 0.9086538461538461 0.1658653846153846 0.014423076923076924 0.03365384615384615
0 0.9134615384615384 0.14783653846153846 0.019230769230769232 0.026442307692307692
0 0.9459134615384616 0.23197115384615385 0.02403846153846154 0.040865384615384616
0 0.9399038461538461 0.27524038461538464 0.02403846153846154 0.052884615384615384