0 0.16826923076923078 0.5769230769230769 0.14423076923076922 0.19230769230769232
0 0.09134615384615384 0.4230769230769231 0.10576923076923077 0.14423076923076922
0 0.3786057692307692 0.6995192307692307 0.14423076923076922 0.21634615384615385
0 0.2920673076923077 0.34134615384615385 0.06490384615384616 0.09615384615384616
0 0.40865384615384615 0.3737980769230769 0.09615384615384616 0.1201923076923077
0 0.5252403846153846 0.3329326923076923 0.04326923076923077 0.07451923076923077
0 0.6153846153846154 0.3485576923076923 0.0673076923076923 0.09134615384615384
0 0.6778846153846154 0.4098557692307692 0.09615384615384616 0.1346153846153846
0 0.7403846153846154 0.15384615384615385 0.08173076923076923 0.1201923076923077
0 0.8762019230769231 0.36177884615384615 0.07211538461538461 0.11778846153846154
0 0.9290865384615384 0.4795673076923077 0.08413461538461539 0.13942307692307693