0 0.18629807692307693 0.6502403846153846 0.0889423076923077 0.18028846153846154
0 0.19951923076923078 0.4987980769230769 0.07692307692307693 0.16105769230769232
0 0.40865384615384615 0.6141826923076923 0.11057692307692307 0.1778846153846154
0 0.41586538461538464 0.46875 0.08173076923076923 0.12980769230769232
0 0.4423076923076923 0.4050480769230769 0.057692307692307696 0.10096153846153846
0 0.4411057692307692 0.34375 0.052884615384615384 0.09134615384615384
0 0.4699519230769231 0.2608173076923077 0.052884615384615384 0.09134615384615384
0 0.3293269230769231 0.34615384615384615 0.0625 0.09615384615384616
0 0.2512019230769231 0.4050480769230769 0.07211538461538461 0.09615384615384616
0 0.09254807692307693 0.49038461538461536 0.07451923076923077 0.11538461538461539
0 0.038461538461538464 0.234375 0.057692307692307696 0.07692307692307693
0 0.02283653846153846 0.32572115384615385 0.04567307692307692 0.12259615384615384
0 0.1502403846153846 0.3545673076923077 0.055288461538461536 0.09615384615384616
0 0.18509615384615385 0.22355769230769232 0.052884615384615384 0.08653846153846154
0 0.31009615384615385 0.23918269230769232 0.04807692307692308 0.08653846153846154
0 0.3473557692307692 0.15985576923076922 0.04326923076923077 0.06009615384615385
0 0.5889423076923077 0.49158653846153844 0.09134615384615384 0.14182692307692307
0 0.6105769230769231 0.41346153846153844 0.0673076923076923 0.10576923076923077
0 0.5793269230769231 0.3605769230769231 0.0625 0.10576923076923077
0 0.7019230769230769 0.3581730769230769 0.0625 0.10096153846153846
0 0.7439903846153846 0.4206730769230769 0.0673076923076923 0.1201923076923077
0 0.7860576923076923 0.4831730769230769 0.07211538461538461 0.12980769230769232
0 0.7175480769230769 0.65625 0.10576923076923077 0.1875
0 0.8918269230769231 0.6358173076923077 0.10576923076923077 0.1778846153846154
0 0.8894230769230769 0.42427884615384615 0.057692307692307696 0.10817307692307693
0 0.9771634615384616 0.3641826923076923 0.04326923076923077 0.09615384615384616
0 0.8485576923076923 0.3737980769230769 0.052884615384615384 0.10817307692307693
0 0.8161057692307693 0.23317307692307693 0.04807692307692308 0.07211538461538461
0 0.9338942307692307 0.2704326923076923 0.04326923076923077 0.07932692307692307
0 0.8954326923076923 0.18629807692307693 0.040865384615384616 0.08173076923076923
0 0.8605769230769231 0.12139423076923077 0.038461538461538464 0.0673076923076923
0 0.7512019230769231 0.1045673076923077 0.038461538461538464 0.0625
0 0.14302884615384615 0.11658653846153846 0.052884615384615384 0.07692307692307693
0 0.20072115384615385 0.140625 0.04807692307692308 0.07451923076923077
0 0.18870192307692307 0.055288461538461536 0.036057692307692304 0.0625
0 0.12860576923076922 0.015625 0.03125 0.03125
0 0.24519230769230768 0.09014423076923077 0.038461538461538464 0.07932692307692307
0 0.2668269230769231 0.046875 0.03365384615384615 0.057692307692307696
0 0.37740384615384615 0.04927884615384615 0.03365384615384615 0.07451923076923077
0 0.3954326923076923 0.026442307692307692 0.03125 0.04807692307692308
0 0.4795673076923077 0.11899038461538461 0.05048076923076923 0.07932692307692307
0 0.36778846153846156 0.11538461538461539 0.038461538461538464 0.057692307692307696
0 0.4699519230769231 0.056490384615384616 0.04326923076923077 0.057692307692307696
0 0.47115384615384615 0.025240384615384616 0.038461538461538464 0.05048076923076923
0 0.5733173076923077 0.10336538461538461 0.038461538461538464 0.0625
0 0.5564903846153846 0.16947115384615385 0.05048076923076923 0.06490384615384616
0 0.5805288461538461 0.24879807692307693 0.052884615384615384 0.09134615384615384
0 0.6670673076923077 0.1658653846153846 0.040865384615384616 0.07211538461538461
0 0.6658653846153846 0.10336538461538461 0.03365384615384615 0.0625
0 0.6394230769230769 0.04447115384615385 0.028846153846153848 0.057692307692307696
0 0.5637019230769231 0.026442307692307692 0.03365384615384615 0.04807692307692308
0 0.5528846153846154 0.07572115384615384 0.028846153846153848 0.05048076923076923
0 0.7331730769230769 0.06490384615384616 0.03365384615384615 0.052884615384615384