0 0.055288461538461536 0.4050480769230769 0.057692307692307696 0.09134615384615384
0 0.09134615384615384 0.3786057692307692 0.04326923076923077 0.10096153846153846
0 0.1466346153846154 0.37740384615384615 0.04326923076923077 0.08173076923076923
0 0.18028846153846154 0.34975961538461536 0.03365384615384615 0.057692307692307696
0 0.23918269230769232 0.3713942307692308 0.04567307692307692 0.08173076923076923
0 0.2800480769230769 0.35216346153846156 0.028846153846153848 0.06490384615384616
0 0.3173076923076923 0.34615384615384615 0.028846153846153848 0.052884615384615384
0 0.3485576923076923 0.3269230769230769 0.02403846153846154 0.038461538461538464
0 0.3629807692307692 0.3449519230769231 0.02403846153846154 0.055288461538461536
0 0.38461538461538464 0.34375 0.02403846153846154 0.057692307692307696
0 0.40384615384615385 0.3293269230769231 0.02403846153846154 0.052884615384615384
0 0.4411057692307692 0.33653846153846156 0.038461538461538464 0.07211538461538461
0 0.47475961538461536 0.33413461538461536 0.021634615384615384 0.038461538461538464
0 0.49278846153846156 0.32091346153846156 0.02403846153846154 0.04807692307692308
0 0.5060096153846154 0.3449519230769231 0.02403846153846154 0.055288461538461536
0 0.5108173076923077 0.3125 0.021634615384615384 0.04807692307692308
0 0.5288461538461539 0.3329326923076923 0.019230769230769232 0.040865384615384616
0 0.5456730769230769 0.3918269230769231 0.0625 0.10576923076923077
0 0.5408653846153846 0.32091346153846156 0.02403846153846154 0.038461538461538464
0 0.5769230769230769 0.33653846153846156 0.028846153846153848 0.0673076923076923
0 0.6045673076923077 0.31850961538461536 0.021634615384615384 0.04807692307692308
0 0.6286057692307693 0.3269230769230769 0.02403846153846154 0.04807692307692308
0 0.6454326923076923 0.28966346153846156 0.019230769230769232 0.038461538461538464
0 0.6814903846153846 0.27524038461538464 0.021634615384615384 0.036057692307692304
0 0.6959134615384616 0.26802884615384615 0.026442307692307692 0.04567307692307692
0 0.7103365384615384 0.3329326923076923 0.03125 0.06971153846153846
0 0.6670673076923077 0.38100961538461536 0.055288461538461536 0.1201923076923077
0 0.6141826923076923 0.4543269230769231 0.0889423076923077 0.14903846153846154
0 0.6346153846153846 0.6310096153846154 0.1346153846153846 0.2620192307692308
0 0.40384615384615385 0.4567307692307692 0.08653846153846154 0.14423076923076922
0 0.1971153846153846 0.4831730769230769 0.125 0.21634615384615385
0 0.7295673076923077 0.3858173076923077 0.04326923076923077 0.08653846153846154
0 0.7319711538461539 0.32211538461538464 0.021634615384615384 0.038461538461538464
0 0.7932692307692307 0.484375 0.09615384615384616 0.16826923076923078
0 0.8088942307692307 0.39783653846153844 0.0625 0.0889423076923077
0 0.8088942307692307 0.3317307692307692 0.03125 0.0673076923076923
0 0.8449519230769231 0.36177884615384615 0.02403846153846154 0.0625
0 0.8762019230769231 0.3545673076923077 0.04807692307692308 0.10817307692307693
0 0.9086538461538461 0.3545673076923077 0.028846153846153848 0.07451923076923077
0 0.9230769230769231 0.3629807692307692 0.028846153846153848 0.0625