0 0.06129807692307692 0.3557692307692308 0.04326923076923077 0.07692307692307693
0 0.10817307692307693 0.3401442307692308 0.038461538461538464 0.07692307692307693
0 0.13942307692307693 0.35096153846153844 0.057692307692307696 0.07692307692307693
0 0.19951923076923078 0.36658653846153844 0.0625 0.0889423076923077
0 0.27884615384615385 0.42908653846153844 0.0673076923076923 0.0985576923076923
0 0.31009615384615385 0.4807692307692308 0.0625 0.10576923076923077
0 0.43990384615384615 0.4338942307692308 0.07211538461538461 0.11538461538461539
0 0.4987980769230769 0.4735576923076923 0.06971153846153846 0.12980769230769232
0 0.6430288461538461 0.5180288461538461 0.07451923076923077 0.15384615384615385
0 0.7764423076923077 0.7199519230769231 0.10576923076923077 0.17067307692307693
0 0.9014423076923077 0.5192307692307693 0.08173076923076923 0.125
0 0.8581730769230769 0.4543269230769231 0.0625 0.10096153846153846
0 0.8197115384615384 0.4098557692307692 0.052884615384615384 0.10096153846153846
0 0.6550480769230769 0.37259615384615385 0.06490384615384616 0.09134615384615384
0 0.5516826923076923 0.3629807692307692 0.052884615384615384 0.09134615384615384
0 0.46153846153846156 0.35096153846153844 0.04807692307692308 0.0673076923076923
0 0.4170673076923077 0.34615384615384615 0.055288461538461536 0.08173076923076923
0 0.34615384615384615 0.29447115384615385 0.052884615384615384 0.08653846153846154
0 0.2848557692307692 0.27163461538461536 0.04567307692307692 0.07692307692307693
0 0.23197115384615385 0.2764423076923077 0.04567307692307692 0.0673076923076923
0 0.49278846153846156 0.14783653846153846 0.052884615384615384 0.08653846153846154
0 0.4987980769230769 0.23317307692307693 0.028846153846153848 0.07211538461538461
0 0.5889423076923077 0.24158653846153846 0.04326923076923077 0.06971153846153846
0 0.6045673076923077 0.22596153846153846 0.026442307692307692 0.0673076923076923
0 0.7055288461538461 0.12860576923076922 0.036057692307692304 0.07692307692307693
0 0.7019230769230769 0.28125 0.04807692307692308 0.07692307692307693
0 0.7584134615384616 0.2800480769230769 0.04326923076923077 0.08173076923076923
0 0.7475961538461539 0.23317307692307693 0.038461538461538464 0.057692307692307696
0 0.8125 0.23798076923076922 0.04326923076923077 0.07211538461538461
0 0.8653846153846154 0.27163461538461536 0.04326923076923077 0.09134615384615384