0 0.11778846153846154 0.5276442307692307 0.04326923076923077 0.06971153846153846
0 0.21875 0.3425480769230769 0.014423076923076924 0.036057692307692304
0 0.25 0.3629807692307692 0.019230769230769232 0.04807692307692308
0 0.2848557692307692 0.3605769230769231 0.019230769230769232 0.04807692307692308
0 0.2776442307692308 0.3137019230769231 0.019230769230769232 0.03365384615384615
0 0.33052884615384615 0.34975961538461536 0.02403846153846154 0.04807692307692308
0 0.37259615384615385 0.3401442307692308 0.019230769230769232 0.036057692307692304
0 0.4026442307692308 0.3401442307692308 0.016826923076923076 0.036057692307692304
0 0.3449519230769231 0.29927884615384615 0.019230769230769232 0.036057692307692304
0 0.40024038461538464 0.30528846153846156 0.016826923076923076 0.02403846153846154
0 0.44350961538461536 0.35216346153846156 0.021634615384615384 0.038461538461538464
0 0.38461538461538464 0.265625 0.014423076923076924 0.03365384615384615
0 0.4206730769230769 0.25721153846153844 0.014423076923076924 0.02403846153846154
0 0.45552884615384615 0.2824519230769231 0.016826923076923076 0.028846153846153848
0 0.4495192307692308 0.25721153846153844 0.014423076923076924 0.02403846153846154
0 0.46274038461538464 0.23557692307692307 0.01201923076923077 0.019230769230769232
0 0.4579326923076923 0.25240384615384615 0.01201923076923077 0.02403846153846154
0 0.5 0.32572115384615385 0.02403846153846154 0.036057692307692304
0 0.4651442307692308 0.31490384615384615 0.021634615384615384 0.03365384615384615
0 0.5168269230769231 0.28365384615384615 0.02403846153846154 0.028846153846153848
0 0.5 0.27283653846153844 0.014423076923076924 0.026442307692307692
0 0.546875 0.2512019230769231 0.014423076923076924 0.03365384615384615
0 0.5673076923076923 0.2800480769230769 0.019230769230769232 0.036057692307692304
0 0.5793269230769231 0.2692307692307692 0.014423076923076924 0.03365384615384615
0 0.5552884615384616 0.22235576923076922 0.014423076923076924 0.02403846153846154
0 0.5733173076923077 0.21394230769230768 0.016826923076923076 0.03365384615384615
0 0.6069711538461539 0.20552884615384615 0.014423076923076924 0.028846153846153848
0 0.6237980769230769 0.21875 0.014423076923076924 0.02403846153846154
0 0.6394230769230769 0.22596153846153846 0.019230769230769232 0.028846153846153848
0 0.6394230769230769 0.25600961538461536 0.019230769230769232 0.026442307692307692
0 0.5997596153846154 0.2536057692307692 0.014423076923076924 0.02403846153846154
0 0.6670673076923077 0.21514423076923078 0.014423076923076924 0.026442307692307692
0 0.6983173076923077 0.22115384615384615 0.016826923076923076 0.03365384615384615
0 0.6742788461538461 0.23197115384615385 0.01201923076923077 0.028846153846153848
0 0.7043269230769231 0.25721153846153844 0.02403846153846154 0.038461538461538464
0 0.6682692307692307 0.28365384615384615 0.019230769230769232 0.03365384615384615
0 0.6334134615384616 0.3112980769230769 0.019230769230769232 0.036057692307692304
0 0.5985576923076923 0.33413461538461536 0.02403846153846154 0.052884615384615384
0 0.5288461538461539 0.3798076923076923 0.028846153846153848 0.04807692307692308
0 0.45913461538461536 0.4230769230769231 0.03365384615384615 0.057692307692307696
0 0.5240384615384616 0.4387019230769231 0.038461538461538464 0.055288461538461536
0 0.5865384615384616 0.45072115384615385 0.03365384615384615 0.0673076923076923
0 0.5901442307692307 0.38822115384615385 0.02403846153846154 0.05048076923076923
0 0.6382211538461539 0.3641826923076923 0.019230769230769232 0.040865384615384616
0 0.6586538461538461 0.3737980769230769 0.02403846153846154 0.052884615384615384
0 0.6358173076923077 0.47836538461538464 0.03125 0.07211538461538461
0 0.6983173076923077 0.5456730769230769 0.040865384615384616 0.08173076923076923
0 0.7199519230769231 0.41586538461538464 0.028846153846153848 0.057692307692307696
0 0.6887019230769231 0.3701923076923077 0.02403846153846154 0.038461538461538464
0 0.6826923076923077 0.31850961538461536 0.019230769230769232 0.04807692307692308
0 0.7115384615384616 0.29927884615384615 0.019230769230769232 0.040865384615384616
0 0.7331730769230769 0.25 0.014423076923076924 0.028846153846153848
0 0.7596153846153846 0.23557692307692307 0.014423076923076924 0.03365384615384615
0 0.7824519230769231 0.2439903846153846 0.014423076923076924 0.038461538461538464
0 0.7692307692307693 0.2824519230769231 0.019230769230769232 0.036057692307692304
0 0.7596153846153846 0.2644230769230769 0.014423076923076924 0.02403846153846154
0 0.8088942307692307 0.24759615384615385 0.016826923076923076 0.038461538461538464
0 0.8197115384615384 0.3016826923076923 0.02403846153846154 0.03365384615384615
0 0.8401442307692307 0.25721153846153844 0.01201923076923077 0.03365384615384615
0 0.8569711538461539 0.2824519230769231 0.014423076923076924 0.04326923076923077
0 0.8665865384615384 0.27403846153846156 0.01201923076923077 0.038461538461538464
0 0.8798076923076923 0.2620192307692308 0.009615384615384616 0.03365384615384615
0 0.8966346153846154 0.2800480769230769 0.019230769230769232 0.04326923076923077
0 0.9326923076923077 0.30408653846153844 0.019230769230769232 0.040865384615384616
0 0.9387019230769231 0.2824519230769231 0.016826923076923076 0.028846153846153848
0 0.8485576923076923 0.3269230769230769 0.02403846153846154 0.038461538461538464
0 0.8774038461538461 0.3173076923076923 0.019230769230769232 0.03365384615384615
0 0.9098557692307693 0.3389423076923077 0.019230769230769232 0.04326923076923077
0 0.9314903846153846 0.3641826923076923 0.019230769230769232 0.05048076923076923
0 0.8112980769230769 0.3605769230769231 0.02403846153846154 0.0625
0 0.8221153846153846 0.3329326923076923 0.019230769230769232 0.026442307692307692
0 0.8629807692307693 0.3762019230769231 0.02403846153846154 0.04807692307692308
0 0.7740384615384616 0.4387019230769231 0.03365384615384615 0.06009615384615385
0 0.8269230769230769 0.5192307692307693 0.03365384615384615 0.07692307692307693
0 0.8497596153846154 0.46875 0.03365384615384615 0.052884615384615384
0 0.9146634615384616 0.4879807692307692 0.038461538461538464 0.07211538461538461
0 0.9122596153846154 0.4423076923076923 0.021634615384615384 0.038461538461538464
0 0.42788461538461536 0.31490384615384615 0.019230769230769232 0.04326923076923077
0 0.5144230769230769 0.25600961538461536 0.014423076923076924 0.026442307692307692