0 0.055288461538461536 0.5240384615384616 0.10096153846153846 0.14903846153846154
0 0.10576923076923077 0.3870192307692308 0.038461538461538464 0.0625
0 0.22235576923076922 0.27163461538461536 0.04326923076923077 0.057692307692307696
0 0.20793269230769232 0.46033653846153844 0.09375 0.10576923076923077
0 0.375 0.4495192307692308 0.07692307692307693 0.12980769230769232
0 0.4375 0.3581730769230769 0.057692307692307696 0.07692307692307693
0 0.3641826923076923 0.3317307692307692 0.038461538461538464 0.0625
0 0.6274038461538461 0.3641826923076923 0.04326923076923077 0.06009615384615385
0 0.6526442307692307 0.328125 0.036057692307692304 0.05048076923076923
0 0.71875 0.2956730769230769 0.038461538461538464 0.0625
0 0.7764423076923077 0.4411057692307692 0.10096153846153846 0.17067307692307693
0 0.7776442307692307 0.3605769230769231 0.07451923076923077 0.09615384615384616
0 0.8521634615384616 0.31971153846153844 0.05048076923076923 0.07211538461538461
0 0.9170673076923077 0.3557692307692308 0.06490384615384616 0.07692307692307693
0 0.9699519230769231 0.33533653846153844 0.055288461538461536 0.08413461538461539