0 0.078125 0.44591346153846156 0.04567307692307692 0.10336538461538461
0 0.28365384615384615 0.24879807692307693 0.019230769230769232 0.028846153846153848
0 0.3329326923076923 0.2127403846153846 0.021634615384615384 0.038461538461538464
0 0.38822115384615385 0.20072115384615385 0.019230769230769232 0.036057692307692304
0 0.36658653846153844 0.21875 0.021634615384615384 0.04326923076923077
0 0.4026442307692308 0.23197115384615385 0.021634615384615384 0.038461538461538464
0 0.41225961538461536 0.19831730769230768 0.019230769230769232 0.03365384615384615
0 0.41947115384615385 0.15504807692307693 0.016826923076923076 0.03365384615384615
0 0.453125 0.14302884615384615 0.016826923076923076 0.028846153846153848
0 0.46634615384615385 0.15384615384615385 0.014423076923076924 0.03365384615384615
0 0.484375 0.15504807692307693 0.014423076923076924 0.028846153846153848
0 0.49399038461538464 0.16105769230769232 0.014423076923076924 0.03365384615384615
0 0.5336538461538461 0.15865384615384615 0.019230769230769232 0.038461538461538464
0 0.5576923076923077 0.18509615384615385 0.019230769230769232 0.038461538461538464
0 0.5829326923076923 0.10576923076923077 0.01201923076923077 0.028846153846153848
0 0.6189903846153846 0.11778846153846154 0.01201923076923077 0.028846153846153848
0 0.65625 0.109375 0.014423076923076924 0.026442307692307692
0 0.47115384615384615 0.18990384615384615 0.019230769230769232 0.038461538461538464
0 0.4423076923076923 0.2127403846153846 0.019230769230769232 0.036057692307692304
0 0.5973557692307693 0.22596153846153846 0.02403846153846154 0.038461538461538464
0 0.6358173076923077 0.22235576923076922 0.028846153846153848 0.05048076923076923
0 0.6646634615384616 0.23918269230769232 0.026442307692307692 0.05048076923076923
0 0.6995192307692307 0.1935096153846154 0.02403846153846154 0.040865384615384616
0 0.7331730769230769 0.14903846153846154 0.014423076923076924 0.038461538461538464
0 0.8040865384615384 0.28725961538461536 0.02403846153846154 0.0673076923076923
0 0.8990384615384616 0.33052884615384615 0.028846153846153848 0.06490384615384616
0 0.9146634615384616 0.27884615384615385 0.026442307692307692 0.04807692307692308
0 0.8930288461538461 0.23918269230769232 0.019230769230769232 0.04326923076923077
0 0.9206730769230769 0.234375 0.019230769230769232 0.036057692307692304
0 0.9002403846153846 0.20072115384615385 0.014423076923076924 0.038461538461538464
0 0.9459134615384616 0.19831730769230768 0.01201923076923077 0.03125
0 0.9447115384615384 0.1622596153846154 0.014423076923076924 0.03125