0 0.12259615384615384 0.5733173076923077 0.15865384615384615 0.27163461538461536
0 0.4014423076923077 0.4579326923076923 0.09134615384615384 0.13701923076923078
0 0.3798076923076923 0.25721153846153844 0.03365384615384615 0.04807692307692308
0 0.32211538461538464 0.375 0.04326923076923077 0.0673076923076923
0 0.23798076923076922 0.35336538461538464 0.04326923076923077 0.057692307692307696
0 0.1201923076923077 0.3557692307692308 0.04807692307692308 0.0625
0 0.5060096153846154 0.37259615384615385 0.03365384615384615 0.052884615384615384
0 0.5793269230769231 0.36658653846153844 0.03365384615384615 0.055288461538461536
0 0.6225961538461539 0.38221153846153844 0.038461538461538464 0.052884615384615384
0 0.6165865384615384 0.6574519230769231 0.1466346153846154 0.2403846153846154
0 0.8040865384615384 0.4735576923076923 0.07211538461538461 0.11057692307692307
0 0.921875 0.41225961538461536 0.07211538461538461 0.125