0 0.09615384615384616 0.5793269230769231 0.08653846153846154 0.14423076923076922
0 0.040865384615384616 0.45913461538461536 0.04326923076923077 0.08173076923076923
0 0.16706730769230768 0.5036057692307693 0.06971153846153846 0.11298076923076923
0 0.19951923076923078 0.4543269230769231 0.04326923076923077 0.08653846153846154
0 0.17427884615384615 0.40024038461538464 0.028846153846153848 0.04807692307692308
0 0.23557692307692307 0.3918269230769231 0.028846153846153848 0.0673076923076923
0 0.3701923076923077 0.4266826923076923 0.038461538461538464 0.06971153846153846
0 0.38100961538461536 0.39903846153846156 0.028846153846153848 0.057692307692307696
0 0.44591346153846156 0.41947115384615385 0.03365384615384615 0.06490384615384616
0 0.49038461538461536 0.4074519230769231 0.028846153846153848 0.0625
0 0.5264423076923077 0.40625 0.03365384615384615 0.0625
0 0.5721153846153846 0.42908653846153844 0.038461538461538464 0.08413461538461539
0 0.609375 0.390625 0.028846153846153848 0.06490384615384616
0 0.6730769230769231 0.43149038461538464 0.038461538461538464 0.07211538461538461
0 0.8100961538461539 0.5276442307692307 0.0625 0.11778846153846154
0 0.9254807692307693 0.5961538461538461 0.10096153846153846 0.18269230769230768
0 0.7944711538461539 0.4495192307692308 0.055288461538461536 0.09615384615384616
0 0.7836538461538461 0.3894230769230769 0.028846153846153848 0.057692307692307696
0 0.8810096153846154 0.4110576923076923 0.028846153846153848 0.057692307692307696
0 0.9086538461538461 0.43149038461538464 0.04807692307692308 0.07932692307692307