0 0.21153846153846154 0.8413461538461539 0.15384615384615385 0.24519230769230768
0 0.13822115384615385 0.6538461538461539 0.07932692307692307 0.10576923076923077
0 0.1346153846153846 0.5901442307692307 0.0673076923076923 0.08653846153846154
0 0.10817307692307693 0.546875 0.052884615384615384 0.057692307692307696
0 0.11778846153846154 0.5060096153846154 0.03365384615384615 0.055288461538461536
0 0.08413461538461539 0.5036057692307693 0.04326923076923077 0.055288461538461536
0 0.039663461538461536 0.5733173076923077 0.0625 0.09134615384615384
0 0.016826923076923076 0.5084134615384616 0.03365384615384615 0.052884615384615384
0 0.2403846153846154 0.49759615384615385 0.03365384615384615 0.04326923076923077
0 0.21514423076923078 0.4879807692307692 0.026442307692307692 0.03365384615384615
0 0.22235576923076922 0.46875 0.03365384615384615 0.038461538461538464
0 0.2776442307692308 0.4723557692307692 0.03365384615384615 0.04567307692307692
0 0.3076923076923077 0.4951923076923077 0.03365384615384615 0.038461538461538464
0 0.3137019230769231 0.46153846153846156 0.028846153846153848 0.038461538461538464
0 0.34134615384615385 0.5072115384615384 0.038461538461538464 0.0625
0 0.3641826923076923 0.4951923076923077 0.021634615384615384 0.04807692307692308
0 0.34375 0.47115384615384615 0.02403846153846154 0.03365384615384615
0 0.38100961538461536 0.48197115384615385 0.026442307692307692 0.04326923076923077
0 0.40384615384615385 0.46875 0.028846153846153848 0.04326923076923077
0 0.42788461538461536 0.5012019230769231 0.04326923076923077 0.06009615384615385
0 0.4495192307692308 0.5336538461538461 0.052884615384615384 0.0673076923076923
0 0.44350961538461536 0.47475961538461536 0.02403846153846154 0.04326923076923077
0 0.4543269230769231 0.4567307692307692 0.02403846153846154 0.038461538461538464
0 0.3173076923076923 0.39903846153846156 0.019230769230769232 0.03365384615384615
0 0.49278846153846156 0.5 0.038461538461538464 0.057692307692307696
0 0.5 0.4567307692307692 0.02403846153846154 0.028846153846153848
0 0.5408653846153846 0.45552884615384615 0.02403846153846154 0.04326923076923077
0 0.5612980769230769 0.4795673076923077 0.02403846153846154 0.055288461538461536
0 0.5360576923076923 0.5456730769230769 0.04807692307692308 0.07211538461538461
0 0.640625 0.5925480769230769 0.0673076923076923 0.09615384615384616
0 0.6286057692307693 0.5336538461538461 0.05048076923076923 0.0673076923076923
0 0.5853365384615384 0.4879807692307692 0.038461538461538464 0.052884615384615384
0 0.6117788461538461 0.46875 0.026442307692307692 0.04326923076923077
0 0.5877403846153846 0.44471153846153844 0.02403846153846154 0.03365384615384615
0 0.640625 0.45552884615384615 0.02403846153846154 0.040865384615384616
0 0.6454326923076923 0.49038461538461536 0.03365384615384615 0.04807692307692308
0 0.6646634615384616 0.4567307692307692 0.026442307692307692 0.04807692307692308
0 0.7055288461538461 0.5048076923076923 0.04807692307692308 0.0673076923076923
0 0.7091346153846154 0.46153846153846156 0.028846153846153848 0.04807692307692308
0 0.7427884615384616 0.46875 0.03365384615384615 0.04326923076923077
0 0.7860576923076923 0.4795673076923077 0.02403846153846154 0.055288461538461536
0 0.8040865384615384 0.4963942307692308 0.036057692307692304 0.057692307692307696
0 0.8161057692307693 0.5516826923076923 0.0625 0.08173076923076923
0 0.8497596153846154 0.6899038461538461 0.11538461538461539 0.21634615384615385
0 0.9290865384615384 0.6730769230769231 0.0889423076923077 0.16826923076923078
0 0.8846153846153846 0.5564903846153846 0.0673076923076923 0.09375
0 0.8425480769230769 0.49278846153846156 0.04326923076923077 0.0625
0 0.8629807692307693 0.45552884615384615 0.03365384615384615 0.055288461538461536
0 0.9627403846153846 0.5240384615384616 0.057692307692307696 0.10096153846153846
0 0.9771634615384616 0.45913461538461536 0.04326923076923077 0.0625