0 0.13581730769230768 0.5588942307692307 0.04807692307692308 0.09134615384615384
0 0.23197115384615385 0.34134615384615385 0.016826923076923076 0.038461538461538464
0 0.2620192307692308 0.34975961538461536 0.02403846153846154 0.038461538461538464
0 0.2800480769230769 0.3786057692307692 0.019230769230769232 0.040865384615384616
0 0.28725961538461536 0.31009615384615385 0.016826923076923076 0.03365384615384615
0 0.3293269230769231 0.37740384615384615 0.02403846153846154 0.052884615384615384
0 0.35336538461538464 0.3233173076923077 0.014423076923076924 0.03365384615384615
0 0.35336538461538464 0.2980769230769231 0.019230769230769232 0.028846153846153848
0 0.3858173076923077 0.3425480769230769 0.021634615384615384 0.038461538461538464
0 0.4098557692307692 0.33774038461538464 0.021634615384615384 0.040865384615384616
0 0.4074519230769231 0.3016826923076923 0.016826923076923076 0.03365384615384615
0 0.3954326923076923 0.25841346153846156 0.016826923076923076 0.036057692307692304
0 0.4254807692307692 0.26322115384615385 0.014423076923076924 0.026442307692307692
0 0.4362980769230769 0.27524038461538464 0.016826923076923076 0.03125
0 0.4362980769230769 0.3125 0.019230769230769232 0.038461538461538464
0 0.44711538461538464 0.34134615384615385 0.02403846153846154 0.04326923076923077
0 0.4723557692307692 0.3112980769230769 0.016826923076923076 0.038461538461538464
0 0.5 0.328125 0.02403846153846154 0.040865384615384616
0 0.5216346153846154 0.2800480769230769 0.014423076923076924 0.038461538461538464
0 0.4987980769230769 0.2692307692307692 0.016826923076923076 0.038461538461538464
0 0.47716346153846156 0.26802884615384615 0.019230769230769232 0.036057692307692304
0 0.46634615384615385 0.2439903846153846 0.019230769230769232 0.03125
0 0.5204326923076923 0.24759615384615385 0.019230769230769232 0.03365384615384615
0 0.5408653846153846 0.25 0.014423076923076924 0.038461538461538464
0 0.5540865384615384 0.2860576923076923 0.016826923076923076 0.03365384615384615
0 0.5733173076923077 0.2548076923076923 0.014423076923076924 0.028846153846153848
0 0.5673076923076923 0.21995192307692307 0.009615384615384616 0.026442307692307692
0 0.5841346153846154 0.23798076923076922 0.014423076923076924 0.03365384615384615
0 0.5985576923076923 0.25841346153846156 0.014423076923076924 0.036057692307692304
0 0.6009615384615384 0.2283653846153846 0.009615384615384616 0.028846153846153848
0 0.6081730769230769 0.2091346153846154 0.014423076923076924 0.02403846153846154
0 0.6262019230769231 0.21754807692307693 0.016826923076923076 0.028846153846153848
0 0.6394230769230769 0.22596153846153846 0.019230769230769232 0.038461538461538464
0 0.6430288461538461 0.24879807692307693 0.01201923076923077 0.028846153846153848
0 0.6706730769230769 0.23076923076923078 0.014423076923076924 0.02403846153846154
0 0.6706730769230769 0.2091346153846154 0.014423076923076924 0.028846153846153848
0 0.6875 0.23317307692307693 0.014423076923076924 0.03365384615384615
0 0.5396634615384616 0.3557692307692308 0.028846153846153848 0.04807692307692308
0 0.49278846153846156 0.3894230769230769 0.03365384615384615 0.057692307692307696
0 0.5432692307692307 0.4098557692307692 0.028846153846153848 0.06009615384615385
0 0.5853365384615384 0.45072115384615385 0.03365384615384615 0.0625
0 0.6009615384615384 0.38100961538461536 0.028846153846153848 0.057692307692307696
0 0.5985576923076923 0.33533653846153844 0.02403846153846154 0.04567307692307692
0 0.6430288461538461 0.30528846153846156 0.02403846153846154 0.052884615384615384
0 0.6478365384615384 0.3557692307692308 0.021634615384615384 0.04326923076923077
0 0.6634615384615384 0.3870192307692308 0.028846153846153848 0.0673076923076923
0 0.6370192307692307 0.47596153846153844 0.03365384615384615 0.07692307692307693
0 0.6995192307692307 0.5480769230769231 0.04326923076923077 0.0673076923076923
0 0.6862980769230769 0.36658653846153844 0.026442307692307692 0.057692307692307696
0 0.6694711538461539 0.28125 0.02403846153846154 0.04326923076923077
0 0.6947115384615384 0.30288461538461536 0.02403846153846154 0.038461538461538464
0 0.7079326923076923 0.30528846153846156 0.019230769230769232 0.04326923076923077
0 0.7055288461538461 0.2512019230769231 0.014423076923076924 0.038461538461538464
0 0.7355769230769231 0.25240384615384615 0.019230769230769232 0.038461538461538464
0 0.7487980769230769 0.23197115384615385 0.01201923076923077 0.028846153846153848
0 0.7680288461538461 0.27884615384615385 0.016826923076923076 0.038461538461538464
0 0.7800480769230769 0.24519230769230768 0.016826923076923076 0.028846153846153848
0 0.7800480769230769 0.2704326923076923 0.014423076923076924 0.036057692307692304
0 0.8149038461538461 0.30528846153846156 0.019230769230769232 0.03365384615384615
0 0.8149038461538461 0.27283653846153844 0.014423076923076924 0.03125
0 0.8088942307692307 0.24519230769230768 0.016826923076923076 0.028846153846153848
0 0.8088942307692307 0.359375 0.02403846153846154 0.052884615384615384
0 0.7271634615384616 0.40384615384615385 0.028846153846153848 0.052884615384615384
0 0.7908653846153846 0.4375 0.03365384615384615 0.0673076923076923
0 0.8305288461538461 0.5108173076923077 0.036057692307692304 0.0673076923076923
0 0.8449519230769231 0.43990384615384615 0.028846153846153848 0.0625
0 0.8581730769230769 0.3762019230769231 0.02403846153846154 0.052884615384615384
0 0.9206730769230769 0.4723557692307692 0.03365384615384615 0.057692307692307696
0 0.9110576923076923 0.3942307692307692 0.02403846153846154 0.04807692307692308
0 0.9314903846153846 0.3581730769230769 0.019230769230769232 0.04326923076923077
0 0.9254807692307693 0.31490384615384615 0.019230769230769232 0.038461538461538464
0 0.9387019230769231 0.27403846153846156 0.016826923076923076 0.028846153846153848
0 0.9122596153846154 0.30288461538461536 0.016826923076923076 0.038461538461538464
0 0.8894230769230769 0.3269230769230769 0.019230769230769232 0.038461538461538464
0 0.8677884615384616 0.3401442307692308 0.019230769230769232 0.04567307692307692
0 0.8425480769230769 0.3161057692307692 0.021634615384615384 0.040865384615384616
0 0.8557692307692307 0.2776442307692308 0.019230769230769232 0.036057692307692304
0 0.8425480769230769 0.25961538461538464 0.016826923076923076 0.038461538461538464
0 0.875 0.25841346153846156 0.019230769230769232 0.038461538461538464
0 0.8942307692307693 0.27403846153846156 0.014423076923076924 0.038461538461538464