0 0.10576923076923077 0.4206730769230769 0.04807692307692308 0.07211538461538461
0 0.15384615384615385 0.3942307692307692 0.028846153846153848 0.04807692307692308
0 0.23197115384615385 0.4098557692307692 0.036057692307692304 0.057692307692307696
0 0.27283653846153844 0.4026442307692308 0.028846153846153848 0.04807692307692308
0 0.3858173076923077 0.45552884615384615 0.04807692307692308 0.07932692307692307
0 0.40625 0.4050480769230769 0.028846153846153848 0.04807692307692308
0 0.546875 0.4326923076923077 0.038461538461538464 0.0625
0 0.5264423076923077 0.4254807692307692 0.019230769230769232 0.038461538461538464
0 0.515625 0.4074519230769231 0.021634615384615384 0.038461538461538464
0 0.5925480769230769 0.4098557692307692 0.021634615384615384 0.038461538461538464
0 0.6430288461538461 0.42788461538461536 0.019230769230769232 0.038461538461538464
0 0.6754807692307693 0.42427884615384615 0.019230769230769232 0.028846153846153848
0 0.7259615384615384 0.45552884615384615 0.03365384615384615 0.04807692307692308
0 0.7259615384615384 0.5336538461538461 0.057692307692307696 0.11538461538461539
0 0.8786057692307693 0.5144230769230769 0.057692307692307696 0.11538461538461539
0 0.8677884615384616 0.4375 0.02403846153846154 0.038461538461538464
0 0.9194711538461539 0.46033653846153844 0.021634615384615384 0.04567307692307692