0 0.028846153846153848 0.34375 0.04807692307692308 0.08173076923076923
0 0.12139423076923077 0.4723557692307692 0.10817307692307693 0.17067307692307693
0 0.14302884615384615 0.33413461538461536 0.038461538461538464 0.0673076923076923
0 0.19230769230769232 0.34134615384615385 0.038461538461538464 0.08173076923076923
0 0.21634615384615385 0.32211538461538464 0.028846153846153848 0.057692307692307696
0 0.25841346153846156 0.31850961538461536 0.04326923076923077 0.07932692307692307
0 0.28725961538461536 0.3317307692307692 0.02403846153846154 0.0625
0 0.22956730769230768 0.4182692307692308 0.057692307692307696 0.125
0 0.34975961538461536 0.47836538461538464 0.125 0.2548076923076923
0 0.35096153846153844 0.32091346153846156 0.028846153846153848 0.05048076923076923
0 0.3942307692307692 0.3389423076923077 0.038461538461538464 0.07692307692307693
0 0.4338942307692308 0.31009615384615385 0.028846153846153848 0.052884615384615384
0 0.6153846153846154 0.21875 0.028846153846153848 0.057692307692307696
0 0.6622596153846154 0.3269230769230769 0.052884615384615384 0.08653846153846154
0 0.9302884615384616 0.5060096153846154 0.09615384615384616 0.19230769230769232
0 0.9555288461538461 0.39783653846153844 0.07932692307692307 0.14182692307692307
0 0.9194711538461539 0.31850961538461536 0.038461538461538464 0.07451923076923077
0 0.90625 0.3737980769230769 0.04326923076923077 0.09375