0 0.24278846153846154 0.46634615384615385 0.0625 0.11538461538461539
0 0.2932692307692308 0.6646634615384616 0.09615384615384616 0.1778846153846154
0 0.24759615384615385 0.6358173076923077 0.0673076923076923 0.11298076923076923
0 0.4675480769230769 0.6526442307692307 0.0673076923076923 0.14903846153846154
0 0.5036057692307693 0.6129807692307693 0.04326923076923077 0.08653846153846154
0 0.5564903846153846 0.6153846153846154 0.055288461538461536 0.07692307692307693
0 0.6286057692307693 0.6394230769230769 0.055288461538461536 0.11538461538461539
0 0.6706730769230769 0.6394230769230769 0.0625 0.13942307692307693
0 0.7367788461538461 0.6430288461538461 0.10336538461538461 0.19230769230769232
0 0.8485576923076923 0.6189903846153846 0.07211538461538461 0.0985576923076923
0 0.9194711538461539 0.6141826923076923 0.040865384615384616 0.0889423076923077
0 0.9603365384615384 0.6514423076923077 0.07451923076923077 0.1201923076923077