0 0.15264423076923078 0.3918269230769231 0.052884615384615384 0.10096153846153846
0 0.3389423076923077 0.18028846153846154 0.019230769230769232 0.038461538461538464
0 0.38221153846153844 0.19110576923076922 0.019230769230769232 0.03365384615384615
0 0.39302884615384615 0.21033653846153846 0.019230769230769232 0.04326923076923077
0 0.41947115384615385 0.21394230769230768 0.021634615384615384 0.03365384615384615
0 0.4519230769230769 0.22716346153846154 0.019230769230769232 0.03365384615384615
0 0.38822115384615385 0.16105769230769232 0.014423076923076924 0.028846153846153848
0 0.47716346153846156 0.16346153846153846 0.016826923076923076 0.038461538461538464
0 0.44711538461538464 0.17427884615384615 0.014423076923076924 0.021634615384615384
0 0.5192307692307693 0.19110576923076922 0.02403846153846154 0.038461538461538464
0 0.5492788461538461 0.1935096153846154 0.019230769230769232 0.038461538461538464
0 0.578125 0.125 0.016826923076923076 0.028846153846153848
0 0.6237980769230769 0.25600961538461536 0.03125 0.052884615384615384
0 0.7908653846153846 0.21153846153846154 0.02403846153846154 0.038461538461538464
0 0.8653846153846154 0.1201923076923077 0.019230769230769232 0.038461538461538464
0 0.8185096153846154 0.2620192307692308 0.021634615384615384 0.052884615384615384
0 0.9290865384615384 0.2668269230769231 0.019230769230769232 0.03365384615384615