0 0.08052884615384616 0.47716346153846156 0.04567307692307692 0.07451923076923077
0 0.11899038461538461 0.41225961538461536 0.03365384615384615 0.055288461538461536
0 0.1502403846153846 0.49158653846153844 0.036057692307692304 0.0625
0 0.1658653846153846 0.4254807692307692 0.028846153846153848 0.057692307692307696
0 0.19831730769230768 0.4831730769230769 0.036057692307692304 0.0673076923076923
0 0.25600961538461536 0.4879807692307692 0.036057692307692304 0.0625
0 0.2283653846153846 0.4266826923076923 0.028846153846153848 0.052884615384615384
0 0.20072115384615385 0.3942307692307692 0.03125 0.052884615384615384
0 0.2283653846153846 0.36778846153846156 0.02403846153846154 0.052884615384615384
0 0.2644230769230769 0.3870192307692308 0.02403846153846154 0.04807692307692308
0 0.2776442307692308 0.42908653846153844 0.028846153846153848 0.055288461538461536
0 0.2848557692307692 0.37740384615384615 0.02403846153846154 0.04807692307692308
0 0.3137019230769231 0.3894230769230769 0.02403846153846154 0.04807692307692308
0 0.29927884615384615 0.47475961538461536 0.028846153846153848 0.06971153846153846
0 0.3557692307692308 0.4795673076923077 0.038461538461538464 0.07451923076923077
0 0.33533653846153844 0.4326923076923077 0.028846153846153848 0.057692307692307696
0 0.35216346153846156 0.3786057692307692 0.026442307692307692 0.05048076923076923
0 0.3317307692307692 0.3581730769230769 0.028846153846153848 0.052884615384615384
0 0.3786057692307692 0.3425480769230769 0.028846153846153848 0.04326923076923077
0 0.38221153846153844 0.39783653846153844 0.028846153846153848 0.052884615384615384
0 0.3870192307692308 0.45072115384615385 0.02403846153846154 0.04807692307692308
0 0.41586538461538464 0.48197115384615385 0.03365384615384615 0.0625
0 0.44591346153846156 0.4110576923076923 0.028846153846153848 0.0625
0 0.43149038461538464 0.3894230769230769 0.026442307692307692 0.04326923076923077
0 0.41346153846153844 0.3581730769230769 0.028846153846153848 0.052884615384615384
0 0.44591346153846156 0.35096153846153844 0.021634615384615384 0.04807692307692308
0 0.47115384615384615 0.3737980769230769 0.02403846153846154 0.052884615384615384
0 0.4951923076923077 0.47475961538461536 0.03365384615384615 0.07692307692307693
0 0.5 0.3942307692307692 0.028846153846153848 0.052884615384615384
0 0.5 0.35216346153846156 0.019230769230769232 0.04326923076923077
0 0.5216346153846154 0.38461538461538464 0.02403846153846154 0.04807692307692308
0 0.5348557692307693 0.41586538461538464 0.021634615384615384 0.052884615384615384
0 0.5576923076923077 0.4735576923076923 0.038461538461538464 0.0673076923076923
0 0.5757211538461539 0.41225961538461536 0.02403846153846154 0.0625
0 0.5793269230769231 0.3737980769230769 0.02403846153846154 0.040865384615384616
0 0.5456730769230769 0.3581730769230769 0.02403846153846154 0.04326923076923077
0 0.6069711538461539 0.3581730769230769 0.026442307692307692 0.052884615384615384
0 0.6021634615384616 0.4026442307692308 0.028846153846153848 0.057692307692307696
0 0.6153846153846154 0.49158653846153844 0.028846153846153848 0.0625
0 0.6658653846153846 0.4735576923076923 0.03365384615384615 0.0625
0 0.7079326923076923 0.46634615384615385 0.036057692307692304 0.057692307692307696
0 0.7391826923076923 0.4338942307692308 0.03365384615384615 0.06009615384615385
0 0.7127403846153846 0.41346153846153844 0.028846153846153848 0.052884615384615384
0 0.6862980769230769 0.41947115384615385 0.02403846153846154 0.057692307692307696
0 0.6370192307692307 0.4254807692307692 0.03365384615384615 0.057692307692307696
0 0.6610576923076923 0.4074519230769231 0.02403846153846154 0.052884615384615384
0 0.6358173076923077 0.3870192307692308 0.021634615384615384 0.04326923076923077