0 0.11298076923076923 0.39663461538461536 0.03365384615384615 0.07692307692307693
0 0.32091346153846156 0.2247596153846154 0.021634615384615384 0.038461538461538464
0 0.328125 0.19230769230769232 0.019230769230769232 0.038461538461538464
0 0.35096153846153844 0.19230769230769232 0.019230769230769232 0.03365384615384615
0 0.42427884615384615 0.16706730769230768 0.014423076923076924 0.03125
0 0.41947115384615385 0.19951923076923078 0.016826923076923076 0.03365384615384615
0 0.4411057692307692 0.13942307692307693 0.01201923076923077 0.019230769230769232
0 0.453125 0.17307692307692307 0.014423076923076924 0.028846153846153848
0 0.45072115384615385 0.20673076923076922 0.019230769230769232 0.03365384615384615
0 0.46634615384615385 0.13942307692307693 0.019230769230769232 0.038461538461538464
0 0.47596153846153844 0.1875 0.019230769230769232 0.03365384615384615
0 0.484375 0.2283653846153846 0.02403846153846154 0.04326923076923077
0 0.49399038461538464 0.12379807692307693 0.014423076923076924 0.02403846153846154
0 0.5048076923076923 0.1141826923076923 0.009615384615384616 0.02403846153846154
0 0.5168269230769231 0.15384615384615385 0.02403846153846154 0.03365384615384615
0 0.5408653846153846 0.17668269230769232 0.02403846153846154 0.03125
0 0.5384615384615384 0.14783653846153846 0.019230769230769232 0.03365384615384615
0 0.5552884615384616 0.15985576923076922 0.02403846153846154 0.036057692307692304
0 0.5480769230769231 0.11899038461538461 0.014423076923076924 0.02403846153846154
0 0.5829326923076923 0.109375 0.014423076923076924 0.02403846153846154
0 0.5793269230769231 0.13221153846153846 0.014423076923076924 0.028846153846153848
0 0.5913461538461539 0.15745192307692307 0.019230769230769232 0.03125
0 0.6045673076923077 0.12980769230769232 0.016826923076923076 0.038461538461538464
0 0.6057692307692307 0.09495192307692307 0.009615384615384616 0.021634615384615384
0 0.640625 0.09375 0.01201923076923077 0.02403846153846154
0 0.6298076923076923 0.13822115384615385 0.019230769230769232 0.028846153846153848
0 0.6634615384615384 0.09375 0.009615384615384616 0.019230769230769232
0 0.6586538461538461 0.109375 0.014423076923076924 0.021634615384615384
0 0.6574519230769231 0.13221153846153846 0.016826923076923076 0.028846153846153848
0 0.6778846153846154 0.11778846153846154 0.009615384615384616 0.02403846153846154
0 0.7055288461538461 0.11778846153846154 0.014423076923076924 0.02403846153846154
0 0.6394230769230769 0.19230769230769232 0.019230769230769232 0.038461538461538464
0 0.7596153846153846 0.11538461538461539 0.009615384615384616 0.028846153846153848
0 0.7704326923076923 0.12620192307692307 0.014423076923076924 0.026442307692307692
0 0.7872596153846154 0.12980769230769232 0.01201923076923077 0.028846153846153848
0 0.5252403846153846 0.265625 0.021634615384615384 0.05048076923076923
0 0.578125 0.24278846153846154 0.021634615384615384 0.04326923076923077
0 0.5564903846153846 0.28846153846153844 0.02403846153846154 0.052884615384615384
0 0.8509615384615384 0.14783653846153846 0.009615384615384616 0.03365384615384615
0 0.8858173076923077 0.1346153846153846 0.01201923076923077 0.028846153846153848
0 0.8786057692307693 0.14783653846153846 0.01201923076923077 0.03365384615384615
0 0.9170673076923077 0.15985576923076922 0.014423076923076924 0.03365384615384615
0 0.9447115384615384 0.16706730769230768 0.014423076923076924 0.03125
0 0.8725961538461539 0.16826923076923078 0.014423076923076924 0.03365384615384615
0 0.9074519230769231 0.1778846153846154 0.014423076923076924 0.038461538461538464
0 0.953125 0.20192307692307693 0.014423076923076924 0.038461538461538464
0 0.9338942307692307 0.234375 0.021634615384615384 0.04567307692307692
0 0.9278846153846154 0.27884615384615385 0.019230769230769232 0.04807692307692308
0 0.9158653846153846 0.3269230769230769 0.02403846153846154 0.057692307692307696
0 0.6286057692307693 0.2800480769230769 0.028846153846153848 0.0625
0 0.6310096153846154 0.2439903846153846 0.019230769230769232 0.038461538461538464
0 0.7175480769230769 0.15144230769230768 0.016826923076923076 0.03365384615384615
0 0.7043269230769231 0.16826923076923078 0.014423076923076924 0.028846153846153848
0 0.6850961538461539 0.1622596153846154 0.014423076923076924 0.036057692307692304
0 0.6706730769230769 0.19831730769230768 0.02403846153846154 0.04807692307692308
0 0.6730769230769231 0.25 0.019230769230769232 0.04807692307692308
0 0.7331730769230769 0.21153846153846154 0.02403846153846154 0.04807692307692308
0 0.7608173076923077 0.14423076923076922 0.014423076923076924 0.03365384615384615
0 0.7512019230769231 0.16466346153846154 0.014423076923076924 0.03365384615384615
0 0.7764423076923077 0.18028846153846154 0.014423076923076924 0.038461538461538464
0 0.7956730769230769 0.15985576923076922 0.014423076923076924 0.03365384615384615
0 0.8317307692307693 0.16466346153846154 0.009615384615384616 0.036057692307692304
0 0.8918269230769231 0.21634615384615385 0.019230769230769232 0.04807692307692308
0 0.8605769230769231 0.18629807692307693 0.019230769230769232 0.040865384615384616
0 0.8341346153846154 0.20552884615384615 0.014423076923076924 0.036057692307692304
0 0.8161057692307693 0.1875 0.01201923076923077 0.038461538461538464
0 0.796875 0.21033653846153846 0.016826923076923076 0.05048076923076923
0 0.8185096153846154 0.23677884615384615 0.021634615384615384 0.040865384615384616
0 0.8701923076923077 0.2608173076923077 0.019230769230769232 0.057692307692307696
0 0.8521634615384616 0.2980769230769231 0.02403846153846154 0.057692307692307696
0 0.8425480769230769 0.34975961538461536 0.028846153846153848 0.0673076923076923
0 0.8004807692307693 0.2824519230769231 0.02403846153846154 0.0625
0 0.7536057692307693 0.375 0.03125 0.07692307692307693
0 0.6983173076923077 0.3016826923076923 0.028846153846153848 0.0625
0 0.48197115384615385 0.15504807692307693 0.014423076923076924 0.028846153846153848
0 0.53125 0.12860576923076922 0.014423076923076924 0.021634615384615384