0 0.1346153846153846 0.2403846153846154 0.019230769230769232 0.052884615384615384
0 0.1466346153846154 0.25841346153846156 0.02403846153846154 0.057692307692307696
0 0.16826923076923078 0.25240384615384615 0.019230769230769232 0.04807692307692308
0 0.22235576923076922 0.20432692307692307 0.02403846153846154 0.052884615384615384
0 0.2439903846153846 0.24278846153846154 0.02403846153846154 0.04326923076923077
0 0.2800480769230769 0.20552884615384615 0.019230769230769232 0.04326923076923077
0 0.30408653846153844 0.19591346153846154 0.016826923076923076 0.038461538461538464
0 0.31850961538461536 0.18028846153846154 0.019230769230769232 0.04326923076923077
0 0.33533653846153844 0.3004807692307692 0.03365384615384615 0.07211538461538461
0 0.46033653846153844 0.16466346153846154 0.02403846153846154 0.057692307692307696
0 0.5480769230769231 0.3233173076923077 0.04807692307692308 0.10336538461538461
0 0.5913461538461539 0.25 0.038461538461538464 0.0673076923076923
0 0.6069711538461539 0.16706730769230768 0.021634615384615384 0.04326923076923077