0 0.09735576923076923 0.3641826923076923 0.07211538461538461 0.0985576923076923
0 0.036057692307692304 0.5120192307692307 0.03365384615384615 0.057692307692307696
0 0.17548076923076922 0.5204326923076923 0.04326923076923077 0.07451923076923077
0 0.18389423076923078 0.49158653846153844 0.03365384615384615 0.04807692307692308
0 0.21995192307692307 0.5216346153846154 0.026442307692307692 0.052884615384615384
0 0.23677884615384615 0.4879807692307692 0.021634615384615384 0.038461538461538464
0 0.27283653846153844 0.4807692307692308 0.026442307692307692 0.04807692307692308
0 0.27163461538461536 0.5697115384615384 0.04807692307692308 0.07211538461538461
0 0.30408653846153844 0.5072115384615384 0.028846153846153848 0.0625
0 0.35336538461538464 0.5504807692307693 0.04326923076923077 0.08173076923076923
0 0.31971153846153844 0.4639423076923077 0.02403846153846154 0.03365384615384615
0 0.3545673076923077 0.48677884615384615 0.021634615384615384 0.03125
0 0.3641826923076923 0.4495192307692308 0.019230769230769232 0.03365384615384615
0 0.4074519230769231 0.46033653846153844 0.016826923076923076 0.036057692307692304
0 0.41225961538461536 0.5432692307692307 0.03365384615384615 0.0673076923076923
0 0.39663461538461536 0.5132211538461539 0.02403846153846154 0.055288461538461536
0 0.43990384615384615 0.47475961538461536 0.019230769230769232 0.03125
0 0.46033653846153844 0.4567307692307692 0.021634615384615384 0.038461538461538464
0 0.44350961538461536 0.4519230769230769 0.014423076923076924 0.019230769230769232
0 0.46634615384615385 0.5024038461538461 0.038461538461538464 0.052884615384615384
0 0.4879807692307692 0.5649038461538461 0.04326923076923077 0.08653846153846154
0 0.5396634615384616 0.49038461538461536 0.026442307692307692 0.0625
0 0.5084134615384616 0.4651442307692308 0.019230769230769232 0.038461538461538464
0 0.53125 0.44591346153846156 0.019230769230769232 0.026442307692307692
0 0.5721153846153846 0.5120192307692307 0.038461538461538464 0.07211538461538461
0 0.5865384615384616 0.4639423076923077 0.019230769230769232 0.04326923076923077
0 0.6225961538461539 0.47836538461538464 0.02403846153846154 0.052884615384615384
0 0.6430288461538461 0.4579326923076923 0.019230769230769232 0.03125
0 0.5685096153846154 0.46634615384615385 0.016826923076923076 0.028846153846153848
0 0.6670673076923077 0.46274038461538464 0.021634615384615384 0.052884615384615384
0 0.6850961538461539 0.45913461538461536 0.014423076923076924 0.04326923076923077
0 0.7007211538461539 0.453125 0.016826923076923076 0.03365384615384615
0 0.5865384615384616 0.65625 0.057692307692307696 0.10096153846153846
0 0.65625 0.5661057692307693 0.03365384615384615 0.055288461538461536
0 0.6850961538461539 0.5516826923076923 0.028846153846153848 0.055288461538461536
0 0.7379807692307693 0.4963942307692308 0.02403846153846154 0.04326923076923077
0 0.7439903846153846 0.4735576923076923 0.02403846153846154 0.04326923076923077
0 0.7752403846153846 0.6622596153846154 0.0673076923076923 0.10576923076923077
0 0.7427884615384616 0.5901442307692307 0.03365384615384615 0.06971153846153846
0 0.7716346153846154 0.5444711538461539 0.03365384615384615 0.06490384615384616
0 0.7980769230769231 0.5036057692307693 0.028846153846153848 0.057692307692307696
0 0.8112980769230769 0.4831730769230769 0.021634615384615384 0.038461538461538464
0 0.9170673076923077 0.5625 0.06971153846153846 0.125
0 0.8677884615384616 0.5180288461538461 0.052884615384615384 0.09375
0 0.8521634615384616 0.4495192307692308 0.02403846153846154 0.03365384615384615
0 0.8822115384615384 0.46875 0.02403846153846154 0.04326923076923077
0 0.9399038461538461 0.4699519230769231 0.02403846153846154 0.04567307692307692
0 0.9831730769230769 0.5072115384615384 0.028846153846153848 0.07692307692307693
0 0.9771634615384616 0.4639423076923077 0.036057692307692304 0.0673076923076923