0 0.026442307692307692 0.5889423076923077 0.052884615384615384 0.08653846153846154
0 0.06370192307692307 0.5625 0.05048076923076923 0.07692307692307693
0 0.18028846153846154 0.6009615384615384 0.08173076923076923 0.10576923076923077
0 0.21754807692307693 0.5372596153846154 0.057692307692307696 0.07211538461538461
0 0.16105769230769232 0.5408653846153846 0.0625 0.07211538461538461
0 0.2980769230769231 0.546875 0.052884615384615384 0.06490384615384616
0 0.33533653846153844 0.5817307692307693 0.055288461538461536 0.08173076923076923
0 0.39663461538461536 0.5841346153846154 0.10096153846153846 0.14903846153846154
0 0.43028846153846156 0.5480769230769231 0.04326923076923077 0.0673076923076923
0 0.5132211538461539 0.5673076923076923 0.052884615384615384 0.0673076923076923
0 0.5612980769230769 0.4675480769230769 0.04326923076923077 0.06009615384615385
0 0.6177884615384616 0.6622596153846154 0.15384615384615385 0.15865384615384615
0 0.6911057692307693 0.5709134615384616 0.0625 0.0673076923076923
0 0.7139423076923077 0.5504807692307693 0.0625 0.08173076923076923
0 0.8305288461538461 0.53125 0.057692307692307696 0.07211538461538461
0 0.8882211538461539 0.5360576923076923 0.05048076923076923 0.07211538461538461
0 0.9411057692307693 0.5685096153846154 0.08173076923076923 0.11057692307692307
0 0.8966346153846154 0.4855769230769231 0.052884615384615384 0.0673076923076923
0 0.9759615384615384 0.4831730769230769 0.038461538461538464 0.052884615384615384