0 0.08533653846153846 0.5444711538461539 0.04567307692307692 0.11057692307692307
0 0.21033653846153846 0.25841346153846156 0.019230769230769232 0.040865384615384616
0 0.21754807692307693 0.2764423076923077 0.021634615384615384 0.04326923076923077
0 0.265625 0.234375 0.019230769230769232 0.04326923076923077
0 0.2980769230769231 0.20432692307692307 0.019230769230769232 0.03365384615384615
0 0.29447115384615385 0.234375 0.019230769230769232 0.04326923076923077
0 0.3233173076923077 0.22355769230769232 0.019230769230769232 0.04807692307692308
0 0.33413461538461536 0.2247596153846154 0.014423076923076924 0.040865384615384616
0 0.35216346153846156 0.2644230769230769 0.021634615384615384 0.052884615384615384
0 0.35336538461538464 0.19591346153846154 0.019230769230769232 0.036057692307692304
0 0.38822115384615385 0.23197115384615385 0.019230769230769232 0.040865384615384616
0 0.38221153846153844 0.18629807692307693 0.019230769230769232 0.038461538461538464
0 0.4110576923076923 0.17067307692307693 0.014423076923076924 0.03365384615384615
0 0.4230769230769231 0.18629807692307693 0.019230769230769232 0.036057692307692304
0 0.42908653846153844 0.28725961538461536 0.019230769230769232 0.038461538461538464
0 0.46634615384615385 0.23197115384615385 0.019230769230769232 0.04326923076923077
0 0.46634615384615385 0.171875 0.019230769230769232 0.036057692307692304
0 0.4879807692307692 0.19951923076923078 0.014423076923076924 0.03365384615384615
0 0.48197115384615385 0.14783653846153846 0.014423076923076924 0.03365384615384615
0 0.44711538461538464 0.15865384615384615 0.014423076923076924 0.028846153846153848
0 0.5120192307692307 0.1622596153846154 0.019230769230769232 0.04807692307692308
0 0.5228365384615384 0.15625 0.014423076923076924 0.03365384615384615
0 0.5228365384615384 0.22355769230769232 0.016826923076923076 0.04807692307692308
0 0.5480769230769231 0.1346153846153846 0.014423076923076924 0.038461538461538464
0 0.5528846153846154 0.1466346153846154 0.014423076923076924 0.03365384615384615
0 0.5697115384615384 0.1310096153846154 0.014423076923076924 0.03365384615384615
0 0.5925480769230769 0.12259615384615384 0.014423076923076924 0.028846153846153848
0 0.5997596153846154 0.14543269230769232 0.014423076923076924 0.028846153846153848
0 0.6057692307692307 0.17427884615384615 0.014423076923076924 0.03365384615384615
0 0.6009615384615384 0.2091346153846154 0.019230769230769232 0.04326923076923077
0 0.5769230769230769 0.21033653846153846 0.009615384615384616 0.026442307692307692
0 0.5769230769230769 0.16826923076923078 0.019230769230769232 0.03365384615384615
0 0.6274038461538461 0.12139423076923077 0.014423076923076924 0.03365384615384615
0 0.6538461538461539 0.13221153846153846 0.019230769230769232 0.038461538461538464
0 0.6538461538461539 0.17067307692307693 0.014423076923076924 0.03365384615384615
0 0.6862980769230769 0.13341346153846154 0.01201923076923077 0.03125
0 0.6826923076923077 0.1502403846153846 0.019230769230769232 0.040865384615384616
0 0.7055288461538461 0.15144230769230768 0.014423076923076924 0.038461538461538464
0 0.7668269230769231 0.17307692307692307 0.014423076923076924 0.028846153846153848
0 0.7572115384615384 0.19230769230769232 0.014423076923076924 0.038461538461538464
0 0.7752403846153846 0.19831730769230768 0.016826923076923076 0.040865384615384616
0 0.8088942307692307 0.18509615384615385 0.014423076923076924 0.04326923076923077
0 0.8185096153846154 0.22115384615384615 0.016826923076923076 0.038461538461538464
0 0.8305288461538461 0.20552884615384615 0.016826923076923076 0.036057692307692304
0 0.7403846153846154 0.22355769230769232 0.019230769230769232 0.04326923076923077
0 0.6911057692307693 0.2091346153846154 0.016826923076923076 0.04326923076923077
0 0.6538461538461539 0.24278846153846154 0.019230769230769232 0.052884615384615384
0 0.6069711538461539 0.28125 0.02403846153846154 0.057692307692307696
0 0.5697115384615384 0.3245192307692308 0.02403846153846154 0.052884615384615384
0 0.5997596153846154 0.375 0.02403846153846154 0.057692307692307696
0 0.6550480769230769 0.38341346153846156 0.026442307692307692 0.0625
0 0.7247596153846154 0.3894230769230769 0.026442307692307692 0.057692307692307696
0 0.7139423076923077 0.27283653846153844 0.02403846153846154 0.04567307692307692
0 0.7475961538461539 0.29086538461538464 0.02403846153846154 0.038461538461538464
0 0.7932692307692307 0.24639423076923078 0.019230769230769232 0.04567307692307692
0 0.7980769230769231 0.30288461538461536 0.02403846153846154 0.04807692307692308
0 0.8653846153846154 0.22716346153846154 0.014423076923076924 0.036057692307692304
0 0.8774038461538461 0.23076923076923078 0.014423076923076924 0.028846153846153848
0 0.8990384615384616 0.22355769230769232 0.019230769230769232 0.03365384615384615
0 0.9026442307692307 0.25240384615384615 0.016826923076923076 0.038461538461538464
0 0.9314903846153846 0.25721153846153844 0.016826923076923076 0.03365384615384615
0 0.9543269230769231 0.24158653846153846 0.014423076923076924 0.036057692307692304
0 0.9819711538461539 0.25240384615384615 0.01201923076923077 0.04326923076923077
0 0.8725961538461539 0.28725961538461536 0.019230769230769232 0.04567307692307692
0 0.890625 0.28365384615384615 0.016826923076923076 0.038461538461538464
0 0.9278846153846154 0.31971153846153844 0.019230769230769232 0.04807692307692308
0 0.9771634615384616 0.30649038461538464 0.016826923076923076 0.04807692307692308
0 0.9759615384615384 0.3557692307692308 0.019230769230769232 0.057692307692307696
0 0.953125 0.36658653846153844 0.019230769230769232 0.04326923076923077
0 0.8569711538461539 0.3485576923076923 0.021634615384615384 0.057692307692307696
0 0.8822115384615384 0.4074519230769231 0.02403846153846154 0.0625
0 0.9555288461538461 0.4266826923076923 0.02403846153846154 0.057692307692307696
0 0.7920673076923077 0.453125 0.03365384615384615 0.07932692307692307
0 0.8629807692307693 0.515625 0.03365384615384615 0.06971153846153846