0 0.05048076923076923 0.45913461538461536 0.08653846153846154 0.13942307692307693
0 0.08533653846153846 0.40625 0.06971153846153846 0.11057692307692307
0 0.10697115384615384 0.2620192307692308 0.057692307692307696 0.10576923076923077
0 0.15745192307692307 0.32211538461538464 0.04807692307692308 0.07692307692307693
0 0.19951923076923078 0.24879807692307693 0.03365384615384615 0.052884615384615384
0 0.23557692307692307 0.25600961538461536 0.052884615384615384 0.10336538461538461
0 0.234375 0.5252403846153846 0.11538461538461539 0.17307692307692307
0 0.33774038461538464 0.3954326923076923 0.07451923076923077 0.12740384615384615
0 0.3605769230769231 0.6322115384615384 0.11538461538461539 0.16826923076923078
0 0.4891826923076923 0.44711538461538464 0.06971153846153846 0.11538461538461539
0 0.4699519230769231 0.3870192307692308 0.055288461538461536 0.07211538461538461
0 0.5949519230769231 0.38461538461538464 0.055288461538461536 0.10576923076923077
0 0.7079326923076923 0.5745192307692307 0.0985576923076923 0.14903846153846154
0 0.8052884615384616 0.4326923076923077 0.07211538461538461 0.10576923076923077
0 0.9146634615384616 0.4963942307692308 0.08413461538461539 0.1466346153846154