0 0.03365384615384615 0.4362980769230769 0.0673076923076923 0.10096153846153846
0 0.020432692307692308 0.35336538461538464 0.040865384615384616 0.07211538461538461
0 0.09495192307692307 0.3605769230769231 0.05048076923076923 0.08653846153846154
0 0.18028846153846154 0.38822115384615385 0.057692307692307696 0.07692307692307693
0 0.16826923076923078 0.4411057692307692 0.057692307692307696 0.07692307692307693
0 0.21033653846153846 0.5372596153846154 0.07932692307692307 0.1201923076923077
0 0.2776442307692308 0.6021634615384616 0.09375 0.13701923076923078
0 0.2091346153846154 0.3137019230769231 0.03365384615384615 0.07451923076923077
0 0.23317307692307693 0.33052884615384615 0.03365384615384615 0.06009615384615385
0 0.27524038461538464 0.32211538461538464 0.040865384615384616 0.057692307692307696
0 0.3137019230769231 0.34134615384615385 0.040865384615384616 0.0673076923076923
0 0.3641826923076923 0.47475961538461536 0.0673076923076923 0.10336538461538461
0 0.4338942307692308 0.3485576923076923 0.04567307692307692 0.07211538461538461
0 0.4050480769230769 0.3088942307692308 0.03365384615384615 0.05048076923076923
0 0.38822115384615385 0.3004807692307692 0.02403846153846154 0.04807692307692308
0 0.4495192307692308 0.31850961538461536 0.028846153846153848 0.04326923076923077
0 0.4807692307692308 0.3317307692307692 0.03365384615384615 0.0625
0 0.5817307692307693 0.3786057692307692 0.04326923076923077 0.07692307692307693
0 0.5132211538461539 0.49278846153846156 0.0673076923076923 0.1201923076923077
0 0.4326923076923077 0.7752403846153846 0.125 0.21153846153846154
0 0.7139423076923077 0.7584134615384616 0.11057692307692307 0.21634615384615385
0 0.6430288461538461 0.4963942307692308 0.06490384615384616 0.10817307692307693
0 0.6418269230769231 0.4182692307692308 0.057692307692307696 0.07692307692307693
0 0.6706730769230769 0.35336538461538464 0.04326923076923077 0.0673076923076923
0 0.7608173076923077 0.4362980769230769 0.055288461538461536 0.08653846153846154
0 0.7620192307692307 0.3701923076923077 0.04326923076923077 0.07692307692307693
0 0.7632211538461539 0.53125 0.07451923076923077 0.13942307692307693
0 0.8305288461538461 0.46274038461538464 0.0625 0.09375
0 0.8353365384615384 0.3870192307692308 0.05048076923076923 0.07211538461538461
0 0.8413461538461539 0.6814903846153846 0.11538461538461539 0.18509615384615385
0 0.9242788461538461 0.38221153846153844 0.057692307692307696 0.08173076923076923
0 0.9783653846153846 0.40024038461538464 0.038461538461538464 0.07451923076923077