0 0.026442307692307692 0.42427884615384615 0.04326923076923077 0.07692307692307693
0 0.19471153846153846 0.46634615384615385 0.052884615384615384 0.08653846153846154
0 0.1971153846153846 0.4387019230769231 0.04326923076923077 0.0673076923076923
0 0.3112980769230769 0.4326923076923077 0.06971153846153846 0.11538461538461539
0 0.35216346153846156 0.4206730769230769 0.038461538461538464 0.0673076923076923
0 0.4375 0.45072115384615385 0.04807692307692308 0.07692307692307693
0 0.44711538461538464 0.4254807692307692 0.028846153846153848 0.0625
0 0.5120192307692307 0.4338942307692308 0.038461538461538464 0.057692307692307696
0 0.5552884615384616 0.4543269230769231 0.052884615384615384 0.08173076923076923
0 0.6069711538461539 0.4362980769230769 0.03365384615384615 0.0625
0 0.6947115384615384 0.4639423076923077 0.0625 0.10096153846153846
0 0.7536057692307693 0.41225961538461536 0.07692307692307693 0.10096153846153846
0 0.8521634615384616 0.47836538461538464 0.040865384615384616 0.07211538461538461
0 0.9098557692307693 0.4831730769230769 0.03125 0.057692307692307696
0 0.953125 0.4987980769230769 0.040865384615384616 0.0625