0 0.054086538461538464 0.6550480769230769 0.0625 0.07692307692307693
0 0.020432692307692308 0.5456730769230769 0.028846153846153848 0.038461538461538464
0 0.18509615384615385 0.7608173076923077 0.07211538461538461 0.09375
0 0.125 0.6310096153846154 0.04807692307692308 0.055288461538461536
0 0.2247596153846154 0.6201923076923077 0.040865384615384616 0.057692307692307696
0 0.22235576923076922 0.6706730769230769 0.05048076923076923 0.0625
0 0.25600961538461536 0.6646634615384616 0.04807692307692308 0.06971153846153846
0 0.3545673076923077 0.7439903846153846 0.06971153846153846 0.09615384615384616
0 0.3641826923076923 0.6911057692307693 0.06009615384615385 0.0625
0 0.359375 0.6490384615384616 0.05048076923076923 0.057692307692307696
0 0.5084134615384616 0.6935096153846154 0.055288461538461536 0.0889423076923077
0 0.4735576923076923 0.6141826923076923 0.03365384615384615 0.052884615384615384
0 0.5192307692307693 0.6370192307692307 0.038461538461538464 0.057692307692307696
0 0.546875 0.6213942307692307 0.03365384615384615 0.05048076923076923
0 0.5949519230769231 0.6466346153846154 0.04326923076923077 0.0625
0 0.5889423076923077 0.7692307692307693 0.07211538461538461 0.09615384615384616
0 0.6382211538461539 0.7764423076923077 0.052884615384615384 0.08173076923076923
0 0.6189903846153846 0.9134615384615384 0.12259615384615384 0.15384615384615385
0 0.8677884615384616 0.8942307692307693 0.11538461538461539 0.14423076923076922
0 0.6550480769230769 0.6694711538461539 0.055288461538461536 0.07692307692307693
0 0.9447115384615384 0.4891826923076923 0.019230769230769232 0.038461538461538464