0 0.019230769230769232 0.4182692307692308 0.02403846153846154 0.04807692307692308
0 0.24158653846153846 0.3389423076923077 0.014423076923076924 0.03365384615384615
0 0.27283653846153844 0.3449519230769231 0.019230769230769232 0.040865384615384616
0 0.296875 0.30288461538461536 0.016826923076923076 0.028846153846153848
0 0.29927884615384615 0.3641826923076923 0.021634615384615384 0.040865384615384616
0 0.35216346153846156 0.3641826923076923 0.021634615384615384 0.04326923076923077
0 0.36899038461538464 0.28966346153846156 0.016826923076923076 0.028846153846153848
0 0.38461538461538464 0.3233173076923077 0.019230769230769232 0.028846153846153848
0 0.390625 0.3473557692307692 0.016826923076923076 0.028846153846153848
0 0.4014423076923077 0.25721153846153844 0.014423076923076924 0.02403846153846154
0 0.41466346153846156 0.27524038461538464 0.014423076923076924 0.026442307692307692
0 0.421875 0.29447115384615385 0.016826923076923076 0.028846153846153848
0 0.4254807692307692 0.3389423076923077 0.02403846153846154 0.03365384615384615
0 0.44350961538461536 0.2824519230769231 0.01201923076923077 0.02403846153846154
0 0.4387019230769231 0.2620192307692308 0.01201923076923077 0.014423076923076924
0 0.4579326923076923 0.30408653846153844 0.021634615384615384 0.028846153846153848
0 0.45913461538461536 0.3401442307692308 0.02403846153846154 0.036057692307692304
0 0.4723557692307692 0.24158653846153846 0.014423076923076924 0.02403846153846154
0 0.4831730769230769 0.234375 0.014423076923076924 0.016826923076923076
0 0.4951923076923077 0.29927884615384615 0.019230769230769232 0.026442307692307692
0 0.5132211538461539 0.2644230769230769 0.01201923076923077 0.028846153846153848
0 0.5348557692307693 0.24639423076923078 0.01201923076923077 0.019230769230769232
0 0.5300480769230769 0.27884615384615385 0.014423076923076924 0.019230769230769232
0 0.5721153846153846 0.2848557692307692 0.019230769230769232 0.028846153846153848
0 0.5480769230769231 0.265625 0.014423076923076924 0.021634615384615384
0 0.5805288461538461 0.25600961538461536 0.016826923076923076 0.026442307692307692
0 0.5889423076923077 0.23798076923076922 0.014423076923076924 0.02403846153846154
0 0.5865384615384616 0.22115384615384615 0.009615384615384616 0.019230769230769232
0 0.5685096153846154 0.22355769230769232 0.01201923076923077 0.02403846153846154
0 0.6213942307692307 0.21995192307692307 0.01201923076923077 0.02403846153846154
0 0.6286057692307693 0.20192307692307693 0.01201923076923077 0.019230769230769232
0 0.6442307692307693 0.21634615384615385 0.009615384615384616 0.019230769230769232
0 0.6742788461538461 0.21754807692307693 0.01201923076923077 0.021634615384615384
0 0.6887019230769231 0.2247596153846154 0.01201923076923077 0.028846153846153848
0 0.7019230769230769 0.2247596153846154 0.009615384615384616 0.02403846153846154
0 0.6923076923076923 0.2644230769230769 0.019230769230769232 0.038461538461538464
0 0.6610576923076923 0.2439903846153846 0.014423076923076924 0.028846153846153848
0 0.6237980769230769 0.2512019230769231 0.01201923076923077 0.026442307692307692
0 0.6177884615384616 0.3269230769230769 0.02403846153846154 0.038461538461538464
0 0.5180288461538461 0.3894230769230769 0.026442307692307692 0.04807692307692308
0 0.5564903846153846 0.39903846153846156 0.02403846153846154 0.04807692307692308
0 0.5528846153846154 0.3701923076923077 0.02403846153846154 0.04326923076923077
0 0.5348557692307693 0.32091346153846156 0.016826923076923076 0.028846153846153848
0 0.6274038461538461 0.43149038461538464 0.02403846153846154 0.05048076923076923
0 0.6225961538461539 0.3786057692307692 0.03365384615384615 0.040865384615384616
0 0.6790865384615384 0.36658653846153844 0.02403846153846154 0.04567307692307692
0 0.6682692307692307 0.33413461538461536 0.019230769230769232 0.028846153846153848
0 0.6526442307692307 0.3088942307692308 0.019230769230769232 0.026442307692307692
0 0.6875 0.44711538461538464 0.03365384615384615 0.0625
0 0.7199519230769231 0.48677884615384615 0.038461538461538464 0.06971153846153846
0 0.75 0.39302884615384615 0.019230769230769232 0.04567307692307692
0 0.7055288461538461 0.3425480769230769 0.019230769230769232 0.038461538461538464
0 0.8076923076923077 0.4026442307692308 0.028846153846153848 0.04807692307692308
0 0.7199519230769231 0.2608173076923077 0.01201923076923077 0.028846153846153848
0 0.7355769230769231 0.27524038461538464 0.019230769230769232 0.03365384615384615
0 0.7548076923076923 0.24639423076923078 0.014423076923076924 0.028846153846153848
0 0.7620192307692307 0.22115384615384615 0.014423076923076924 0.028846153846153848
0 0.765625 0.2692307692307692 0.01201923076923077 0.028846153846153848
0 0.7860576923076923 0.2800480769230769 0.014423076923076924 0.040865384615384616
0 0.7932692307692307 0.25961538461538464 0.019230769230769232 0.028846153846153848
0 0.8004807692307693 0.2283653846153846 0.014423076923076924 0.028846153846153848
0 0.8293269230769231 0.24519230769230768 0.014423076923076924 0.028846153846153848
0 0.8365384615384616 0.3016826923076923 0.019230769230769232 0.036057692307692304
0 0.828125 0.3401442307692308 0.016826923076923076 0.03125
0 0.8293269230769231 0.375 0.019230769230769232 0.038461538461538464
0 0.8545673076923077 0.5060096153846154 0.03125 0.06490384615384616
0 0.8629807692307693 0.4579326923076923 0.02403846153846154 0.05048076923076923
0 0.9266826923076923 0.46153846153846156 0.026442307692307692 0.057692307692307696
0 0.8786057692307693 0.41466346153846156 0.019230769230769232 0.036057692307692304
0 0.9399038461538461 0.3954326923076923 0.02403846153846154 0.04567307692307692
0 0.8834134615384616 0.3473557692307692 0.021634615384615384 0.040865384615384616
0 0.8930288461538461 0.3137019230769231 0.016826923076923076 0.03125
0 0.9483173076923077 0.3557692307692308 0.019230769230769232 0.028846153846153848
0 0.9411057692307693 0.3088942307692308 0.01201923076923077 0.02403846153846154
0 0.9543269230769231 0.29927884615384615 0.009615384615384616 0.026442307692307692
0 0.9567307692307693 0.2800480769230769 0.009615384615384616 0.02403846153846154
0 0.9110576923076923 0.2860576923076923 0.014423076923076924 0.03365384615384615
0 0.875 0.28365384615384615 0.014423076923076924 0.028846153846153848
0 0.8810096153846154 0.2608173076923077 0.01201923076923077 0.02403846153846154
0 0.8942307692307693 0.24639423076923078 0.009615384615384616 0.02403846153846154
0 0.8617788461538461 0.25600961538461536 0.01201923076923077 0.026442307692307692