0 0.19471153846153846 0.34375 0.04326923076923077 0.07692307692307693
0 0.41346153846153844 0.2403846153846154 0.019230769230769232 0.038461538461538464
0 0.3786057692307692 0.24639423076923078 0.019230769230769232 0.03125
0 0.33533653846153844 0.234375 0.014423076923076924 0.03125
0 0.3317307692307692 0.21153846153846154 0.019230769230769232 0.019230769230769232
0 0.30528846153846156 0.20793269230769232 0.014423076923076924 0.03125
0 0.34615384615384615 0.17548076923076922 0.009615384615384616 0.019230769230769232
0 0.35336538461538464 0.19230769230769232 0.014423076923076924 0.028846153846153848
0 0.375 0.19591346153846154 0.014423076923076924 0.03125
0 0.38822115384615385 0.19471153846153846 0.014423076923076924 0.038461538461538464
0 0.41466346153846156 0.19230769230769232 0.016826923076923076 0.038461538461538464
0 0.44350961538461536 0.21754807692307693 0.019230769230769232 0.036057692307692304
0 0.4987980769230769 0.28125 0.02403846153846154 0.052884615384615384
0 0.47836538461538464 0.22716346153846154 0.014423076923076924 0.04326923076923077
0 0.4098557692307692 0.14182692307692307 0.009615384615384616 0.019230769230769232
0 0.41586538461538464 0.15985576923076922 0.014423076923076924 0.028846153846153848
0 0.43509615384615385 0.17548076923076922 0.014423076923076924 0.02403846153846154
0 0.44350961538461536 0.15985576923076922 0.014423076923076924 0.028846153846153848
0 0.47115384615384615 0.1814903846153846 0.014423076923076924 0.026442307692307692
0 0.46153846153846156 0.140625 0.009615384615384616 0.021634615384615384
0 0.47475961538461536 0.13942307692307693 0.009615384615384616 0.028846153846153848
0 0.4891826923076923 0.1310096153846154 0.009615384615384616 0.021634615384615384
0 0.49158653846153844 0.15625 0.009615384615384616 0.02403846153846154
0 0.4963942307692308 0.18990384615384615 0.014423076923076924 0.03365384615384615
0 0.5216346153846154 0.15865384615384615 0.014423076923076924 0.03365384615384615
0 0.5084134615384616 0.140625 0.009615384615384616 0.02403846153846154
0 0.5060096153846154 0.11899038461538461 0.009615384615384616 0.016826923076923076
0 0.5276442307692307 0.12379807692307693 0.01201923076923077 0.026442307692307692
0 0.5552884615384616 0.17548076923076922 0.014423076923076924 0.03365384615384615
0 0.5552884615384616 0.15264423076923078 0.014423076923076924 0.019230769230769232
0 0.5576923076923077 0.12259615384615384 0.009615384615384616 0.02403846153846154
0 0.5865384615384616 0.16826923076923078 0.014423076923076924 0.03365384615384615
0 0.5853365384615384 0.11778846153846154 0.009615384615384616 0.02403846153846154
0 0.5769230769230769 0.10817307692307693 0.009615384615384616 0.02403846153846154
0 0.6021634615384616 0.11298076923076923 0.007211538461538462 0.02403846153846154
0 0.6081730769230769 0.11778846153846154 0.014423076923076924 0.02403846153846154
0 0.6189903846153846 0.16105769230769232 0.01201923076923077 0.028846153846153848
0 0.6298076923076923 0.12139423076923077 0.009615384615384616 0.02403846153846154
0 0.6658653846153846 0.10216346153846154 0.009615384615384616 0.02403846153846154
0 0.6790865384615384 0.12860576923076922 0.01201923076923077 0.03125
0 0.6826923076923077 0.11658653846153846 0.009615384615384616 0.021634615384615384
0 0.6923076923076923 0.10096153846153846 0.009615384615384616 0.02403846153846154
0 0.7259615384615384 0.10697115384615384 0.009615384615384616 0.02403846153846154
0 0.6538461538461539 0.12860576923076922 0.009615384615384616 0.019230769230769232
0 0.5528846153846154 0.30649038461538464 0.02403846153846154 0.052884615384615384
0 0.6009615384615384 0.3088942307692308 0.02403846153846154 0.06009615384615385
0 0.5877403846153846 0.24158653846153846 0.021634615384615384 0.04567307692307692
0 0.6274038461538461 0.23076923076923078 0.02403846153846154 0.04807692307692308
0 0.6790865384615384 0.25961538461538464 0.021634615384615384 0.052884615384615384
0 0.6778846153846154 0.3401442307692308 0.028846153846153848 0.0625
0 0.7475961538461539 0.3858173076923077 0.03365384615384615 0.07692307692307693
0 0.7355769230769231 0.2860576923076923 0.019230769230769232 0.04326923076923077
0 0.7728365384615384 0.29086538461538464 0.02403846153846154 0.0625
0 0.7692307692307693 0.23798076923076922 0.019230769230769232 0.04326923076923077
0 0.7235576923076923 0.22115384615384615 0.02403846153846154 0.04326923076923077
0 0.6887019230769231 0.18269230769230768 0.014423076923076924 0.028846153846153848
0 0.7067307692307693 0.1814903846153846 0.019230769230769232 0.03365384615384615
0 0.7596153846153846 0.18990384615384615 0.019230769230769232 0.03365384615384615
0 0.7596153846153846 0.15384615384615385 0.014423076923076924 0.028846153846153848
0 0.7512019230769231 0.12860576923076922 0.014423076923076924 0.03125
0 0.7860576923076923 0.13822115384615385 0.014423076923076924 0.028846153846153848
0 0.7992788461538461 0.15504807692307693 0.01201923076923077 0.03365384615384615
0 0.8028846153846154 0.21394230769230768 0.019230769230769232 0.02403846153846154
0 0.8112980769230769 0.2512019230769231 0.019230769230769232 0.04807692307692308
0 0.8209134615384616 0.3954326923076923 0.03125 0.06490384615384616
0 0.8305288461538461 0.3473557692307692 0.021634615384615384 0.040865384615384616
0 0.8737980769230769 0.27283653846153844 0.019230769230769232 0.04807692307692308
0 0.8798076923076923 0.22235576923076922 0.019230769230769232 0.04567307692307692
0 0.9399038461538461 0.21394230769230768 0.014423076923076924 0.04326923076923077
0 0.9375 0.28846153846153844 0.019230769230769232 0.052884615384615384
0 0.9182692307692307 0.3485576923076923 0.019230769230769232 0.0625
0 0.9050480769230769 0.43028846153846156 0.028846153846153848 0.0625