0 0.056490384615384616 0.4699519230769231 0.09375 0.1346153846153846
0 0.06971153846153846 0.6646634615384616 0.13942307692307693 0.31971153846153844
0 0.3245192307692308 0.4543269230769231 0.08173076923076923 0.13942307692307693
0 0.28365384615384615 0.3713942307692308 0.052884615384615384 0.08173076923076923
0 0.2668269230769231 0.33052884615384615 0.052884615384615384 0.08173076923076923
0 0.21875 0.29927884615384615 0.03365384615384615 0.04807692307692308
0 0.10096153846153846 0.36538461538461536 0.057692307692307696 0.09134615384615384
0 0.12740384615384615 0.3581730769230769 0.04326923076923077 0.0625
0 0.13822115384615385 0.3269230769230769 0.03365384615384615 0.04807692307692308
0 0.12860576923076922 0.29447115384615385 0.03125 0.04326923076923077
0 0.013221153846153846 0.33774038461538464 0.026442307692307692 0.06009615384615385
0 0.3112980769230769 0.28966346153846156 0.028846153846153848 0.05048076923076923
0 0.3581730769230769 0.2283653846153846 0.057692307692307696 0.09134615384615384
0 0.4495192307692308 0.3401442307692308 0.038461538461538464 0.05048076923076923
0 0.49278846153846156 0.2824519230769231 0.02403846153846154 0.04567307692307692
0 0.5180288461538461 0.31490384615384615 0.04326923076923077 0.0625
0 0.5444711538461539 0.27163461538461536 0.03125 0.04326923076923077
0 0.5480769230769231 0.31850961538461536 0.038461538461538464 0.055288461538461536
0 0.6129807692307693 0.33413461538461536 0.052884615384615384 0.08173076923076923
0 0.6081730769230769 0.2776442307692308 0.02403846153846154 0.036057692307692304
0 0.6682692307692307 0.2980769230769231 0.028846153846153848 0.057692307692307696
0 0.7067307692307693 0.3137019230769231 0.038461538461538464 0.08173076923076923
0 0.7475961538461539 0.3581730769230769 0.0625 0.11057692307692307
0 0.7355769230769231 0.28725961538461536 0.028846153846153848 0.04807692307692308
0 0.7620192307692307 0.27403846153846156 0.02403846153846154 0.038461538461538464
0 0.7944711538461539 0.3173076923076923 0.038461538461538464 0.07692307692307693
0 0.5877403846153846 0.5372596153846154 0.18509615384615385 0.2668269230769231
0 0.8870192307692307 0.3485576923076923 0.07211538461538461 0.125
0 0.8774038461538461 0.27524038461538464 0.03365384615384615 0.040865384615384616
0 0.9194711538461539 0.2644230769230769 0.03125 0.04807692307692308
0 0.9771634615384616 0.3161057692307692 0.04326923076923077 0.08173076923076923