0 0.18269230769230768 0.390625 0.038461538461538464 0.0625
0 0.16105769230769232 0.3701923076923077 0.02403846153846154 0.04807692307692308
0 0.1502403846153846 0.3449519230769231 0.028846153846153848 0.04567307692307692
0 0.12740384615384615 0.32572115384615385 0.02403846153846154 0.04807692307692308
0 0.17908653846153846 0.3233173076923077 0.02403846153846154 0.04567307692307692
0 0.2283653846153846 0.30408653846153844 0.02403846153846154 0.04807692307692308
0 0.25721153846153844 0.3137019230769231 0.02403846153846154 0.06009615384615385
0 0.32572115384615385 0.28125 0.026442307692307692 0.0625
0 0.33653846153846156 0.24278846153846154 0.028846153846153848 0.052884615384615384
0 0.3389423076923077 0.37259615384615385 0.038461538461538464 0.07211538461538461
0 0.3737980769230769 0.328125 0.03365384615384615 0.057692307692307696
0 0.4230769230769231 0.2956730769230769 0.028846153846153848 0.0625