0 0.1201923076923077 0.39302884615384615 0.057692307692307696 0.09134615384615384
0 0.2247596153846154 0.34134615384615385 0.04567307692307692 0.08653846153846154
0 0.2764423076923077 0.3449519230769231 0.04326923076923077 0.07211538461538461
0 0.24639423076923078 0.3125 0.028846153846153848 0.057692307692307696
0 0.16706730769230768 0.3269230769230769 0.026442307692307692 0.04326923076923077
0 0.12860576923076922 0.3425480769230769 0.03365384615384615 0.055288461538461536
0 0.11298076923076923 0.3233173076923077 0.028846153846153848 0.055288461538461536
0 0.040865384615384616 0.359375 0.04326923076923077 0.06971153846153846
0 0.06610576923076923 0.3329326923076923 0.028846153846153848 0.06009615384615385
0 0.010817307692307692 0.3389423076923077 0.021634615384615384 0.0673076923076923
0 0.28846153846153844 0.30528846153846156 0.02403846153846154 0.04326923076923077
0 0.3112980769230769 0.3293269230769231 0.028846153846153848 0.057692307692307696
0 0.3245192307692308 0.3112980769230769 0.02403846153846154 0.04567307692307692
0 0.36658653846153844 0.35336538461538464 0.052884615384615384 0.10096153846153846
0 0.41947115384615385 0.3076923076923077 0.026442307692307692 0.057692307692307696
0 0.390625 0.34975961538461536 0.03125 0.07451923076923077
0 0.44711538461538464 0.3485576923076923 0.038461538461538464 0.09134615384615384
0 0.5024038461538461 0.36177884615384615 0.04807692307692308 0.08173076923076923
0 0.5288461538461539 0.4170673076923077 0.0673076923076923 0.10817307692307693
0 0.5721153846153846 0.3557692307692308 0.04326923076923077 0.07692307692307693
0 0.5276442307692307 0.33653846153846156 0.028846153846153848 0.052884615384615384
0 0.5384615384615384 0.3112980769230769 0.03365384615384615 0.05048076923076923
0 0.5889423076923077 0.3088942307692308 0.028846153846153848 0.04807692307692308
0 0.6189903846153846 0.31971153846153844 0.038461538461538464 0.0625
0 0.6538461538461539 0.3173076923076923 0.03365384615384615 0.0625
0 0.6778846153846154 0.31850961538461536 0.038461538461538464 0.07211538461538461
0 0.7235576923076923 0.3088942307692308 0.03365384615384615 0.0673076923076923
0 0.7668269230769231 0.31490384615384615 0.02403846153846154 0.04807692307692308
0 0.7908653846153846 0.24519230769230768 0.052884615384615384 0.08173076923076923
0 0.859375 0.31850961538461536 0.038461538461538464 0.07211538461538461
0 0.8930288461538461 0.3269230769230769 0.03365384615384615 0.07692307692307693
0 0.9387019230769231 0.3173076923076923 0.038461538461538464 0.08173076923076923