0 0.3389423076923077 0.49399038461538464 0.038461538461538464 0.055288461538461536
0 0.28125 0.6213942307692307 0.028846153846153848 0.06009615384615385
0 0.2536057692307692 0.6742788461538461 0.04326923076923077 0.057692307692307696
0 0.1935096153846154 0.6995192307692307 0.052884615384615384 0.08173076923076923
0 0.1502403846153846 0.6334134615384616 0.038461538461538464 0.06490384615384616
0 0.1346153846153846 0.6754807692307693 0.038461538461538464 0.052884615384615384
0 0.12740384615384615 0.75 0.08173076923076923 0.10576923076923077
0 0.042067307692307696 0.7247596153846154 0.052884615384615384 0.08653846153846154
0 0.037259615384615384 0.8605769230769231 0.07451923076923077 0.14423076923076922
0 0.49158653846153844 0.6262019230769231 0.028846153846153848 0.06971153846153846
0 0.5721153846153846 0.6610576923076923 0.038461538461538464 0.0625
0 0.6057692307692307 0.6526442307692307 0.03365384615384615 0.06490384615384616
0 0.6550480769230769 0.5528846153846154 0.028846153846153848 0.04807692307692308
0 0.7055288461538461 0.6622596153846154 0.04807692307692308 0.08173076923076923
0 0.71875 0.734375 0.0625 0.12980769230769232
0 0.6033653846153846 0.7139423076923077 0.04807692307692308 0.07211538461538461
0 0.8028846153846154 0.6923076923076923 0.057692307692307696 0.08653846153846154
0 0.8485576923076923 0.5973557692307693 0.03365384615384615 0.06009615384615385
0 0.8822115384615384 0.7091346153846154 0.0673076923076923 0.11057692307692307
0 0.9411057692307693 0.8485576923076923 0.11298076923076923 0.21153846153846154
0 0.9675480769230769 0.6286057692307693 0.04326923076923077 0.06971153846153846
0 0.9495192307692307 0.5853365384615384 0.028846153846153848 0.04807692307692308