0 0.12620192307692307 0.6286057692307693 0.026442307692307692 0.06971153846153846
0 0.07451923076923077 0.5372596153846154 0.02403846153846154 0.057692307692307696
0 0.07451923076923077 0.44711538461538464 0.019230769230769232 0.057692307692307696
0 0.1935096153846154 0.46153846153846156 0.019230769230769232 0.0673076923076923
0 0.234375 0.3870192307692308 0.016826923076923076 0.052884615384615384
0 0.24158653846153846 0.3125 0.019230769230769232 0.038461538461538464
0 0.17067307692307693 0.27403846153846156 0.014423076923076924 0.038461538461538464
0 0.17908653846153846 0.18629807692307693 0.014423076923076924 0.03365384615384615
0 0.1622596153846154 0.1875 0.01201923076923077 0.028846153846153848
0 0.11177884615384616 0.21033653846153846 0.016826923076923076 0.038461538461538464
0 0.036057692307692304 0.19471153846153846 0.014423076923076924 0.028846153846153848
0 0.042067307692307696 0.25721153846153844 0.014423076923076924 0.04326923076923077
0 0.1971153846153846 0.12860576923076922 0.009615384615384616 0.03365384615384615
0 0.22355769230769232 0.14182692307692307 0.014423076923076924 0.028846153846153848
0 0.24519230769230768 0.11658653846153846 0.009615384615384616 0.038461538461538464
0 0.2980769230769231 0.14302884615384615 0.009615384615384616 0.028846153846153848
0 0.29927884615384615 0.16947115384615385 0.016826923076923076 0.040865384615384616
0 0.28846153846153844 0.20432692307692307 0.014423076923076924 0.04326923076923077
0 0.3161057692307692 0.2439903846153846 0.016826923076923076 0.038461538461538464
0 0.35697115384615385 0.21514423076923078 0.014423076923076924 0.04326923076923077
0 0.375 0.17908653846153846 0.014423076923076924 0.040865384615384616
0 0.41466346153846156 0.16947115384615385 0.014423076923076924 0.040865384615384616
0 0.359375 0.08533653846153846 0.009615384615384616 0.03365384615384615
0 0.40384615384615385 0.09134615384615384 0.009615384615384616 0.028846153846153848
0 0.4338942307692308 0.09495192307692307 0.01201923076923077 0.02403846153846154
0 0.4579326923076923 0.14182692307692307 0.014423076923076924 0.028846153846153848
0 0.4675480769230769 0.13221153846153846 0.01201923076923077 0.028846153846153848
0 0.48197115384615385 0.07451923076923077 0.01201923076923077 0.03365384615384615
0 0.5012019230769231 0.040865384615384616 0.01201923076923077 0.03365384615384615
0 0.5264423076923077 0.07932692307692307 0.009615384615384616 0.02403846153846154
0 0.5024038461538461 0.1778846153846154 0.014423076923076924 0.038461538461538464
0 0.49399038461538464 0.2283653846153846 0.014423076923076924 0.04326923076923077
0 0.4795673076923077 0.30288461538461536 0.019230769230769232 0.038461538461538464
0 0.5480769230769231 0.1778846153846154 0.009615384615384616 0.028846153846153848
0 0.5733173076923077 0.20432692307692307 0.016826923076923076 0.03365384615384615
0 0.5612980769230769 0.32091346153846156 0.019230769230769232 0.04807692307692308
0 0.5264423076923077 0.4831730769230769 0.02403846153846154 0.052884615384615384
0 0.6887019230769231 0.35216346153846156 0.019230769230769232 0.04807692307692308
0 0.7139423076923077 0.28365384615384615 0.014423076923076924 0.038461538461538464
0 0.6322115384615384 0.2536057692307692 0.014423076923076924 0.028846153846153848
0 0.6490384615384616 0.14903846153846154 0.009615384615384616 0.028846153846153848
0 0.5793269230769231 0.14903846153846154 0.014423076923076924 0.02403846153846154
0 0.5985576923076923 0.14423076923076922 0.014423076923076924 0.028846153846153848
0 0.6225961538461539 0.11298076923076923 0.014423076923076924 0.028846153846153848
0 0.5901442307692307 0.09615384615384616 0.009615384615384616 0.02403846153846154
0 0.7043269230769231 0.2283653846153846 0.014423076923076924 0.03365384615384615
0 0.7151442307692307 0.21634615384615385 0.01201923076923077 0.03365384615384615
0 0.7319711538461539 0.21634615384615385 0.01201923076923077 0.028846153846153848
0 0.7776442307692307 0.2127403846153846 0.014423076923076924 0.03365384615384615
0 0.8173076923076923 0.2403846153846154 0.014423076923076924 0.038461538461538464
0 0.7764423076923077 0.3701923076923077 0.02403846153846154 0.057692307692307696
0 0.8581730769230769 0.28365384615384615 0.014423076923076924 0.03365384615384615
0 0.9290865384615384 0.38221153846153844 0.016826923076923076 0.04326923076923077