0 0.016826923076923076 0.46634615384615385 0.03365384615384615 0.0673076923076923
0 0.015625 0.40625 0.03125 0.0625
0 0.10336538461538461 0.484375 0.04326923076923077 0.06971153846153846
0 0.19110576923076922 0.4050480769230769 0.036057692307692304 0.055288461538461536
0 0.22115384615384615 0.4182692307692308 0.038461538461538464 0.0625
0 0.2860576923076923 0.5841346153846154 0.07211538461538461 0.14903846153846154
0 0.3605769230769231 0.6201923076923077 0.09615384615384616 0.16826923076923078
0 0.2776442307692308 0.43149038461538464 0.040865384615384616 0.07451923076923077
0 0.3233173076923077 0.4411057692307692 0.040865384615384616 0.07451923076923077
0 0.4170673076923077 0.45913461538461536 0.040865384615384616 0.0625
0 0.4182692307692308 0.5096153846153846 0.057692307692307696 0.08173076923076923
0 0.38822115384615385 0.44591346153846156 0.03125 0.052884615384615384
0 0.3942307692307692 0.40865384615384615 0.02403846153846154 0.04807692307692308
0 0.43149038461538464 0.40865384615384615 0.026442307692307692 0.0673076923076923
0 0.46634615384615385 0.44350961538461536 0.038461538461538464 0.06971153846153846
0 0.5120192307692307 0.4387019230769231 0.028846153846153848 0.05048076923076923
0 0.546875 0.43149038461538464 0.03365384615384615 0.07451923076923077
0 0.5300480769230769 0.3954326923076923 0.02403846153846154 0.04567307692307692
0 0.5733173076923077 0.41346153846153844 0.02403846153846154 0.052884615384615384
0 0.5985576923076923 0.44350961538461536 0.03365384615384615 0.057692307692307696
0 0.6165865384615384 0.40865384615384615 0.028846153846153848 0.04807692307692308
0 0.6418269230769231 0.4254807692307692 0.02403846153846154 0.052884615384615384
0 0.6670673076923077 0.4110576923076923 0.03125 0.04326923076923077
0 0.6526442307692307 0.38461538461538464 0.028846153846153848 0.04807692307692308
0 0.6682692307692307 0.4567307692307692 0.03365384615384615 0.057692307692307696
0 0.6298076923076923 0.5564903846153846 0.0673076923076923 0.11298076923076923
0 0.8016826923076923 0.5108173076923077 0.06490384615384616 0.11538461538461539
0 0.8088942307692307 0.40865384615384615 0.036057692307692304 0.057692307692307696
0 0.7668269230769231 0.40024038461538464 0.02403846153846154 0.04567307692307692
0 0.7307692307692307 0.4338942307692308 0.038461538461538464 0.06009615384615385
0 0.7115384615384616 0.4050480769230769 0.02403846153846154 0.055288461538461536
0 0.6983173076923077 0.3954326923076923 0.021634615384615384 0.055288461538461536
0 0.7403846153846154 0.40024038461538464 0.019230769230769232 0.04567307692307692