0 0.23557692307692307 0.3798076923076923 0.04807692307692308 0.09134615384615384
0 0.5360576923076923 0.19110576923076922 0.02403846153846154 0.038461538461538464
0 0.5925480769230769 0.15625 0.016826923076923076 0.03365384615384615
0 0.6201923076923077 0.1971153846153846 0.02403846153846154 0.04807692307692308
0 0.6598557692307693 0.18509615384615385 0.019230769230769232 0.03365384615384615
0 0.6706730769230769 0.20192307692307693 0.02403846153846154 0.04807692307692308
0 0.6682692307692307 0.2439903846153846 0.028846153846153848 0.05048076923076923
0 0.7079326923076923 0.19831730769230768 0.019230769230769232 0.04326923076923077
0 0.7451923076923077 0.20432692307692307 0.019230769230769232 0.04807692307692308
0 0.7704326923076923 0.2403846153846154 0.026442307692307692 0.052884615384615384
0 0.8233173076923077 0.234375 0.02403846153846154 0.04807692307692308
0 0.7403846153846154 0.27283653846153844 0.028846153846153848 0.057692307692307696
0 0.7355769230769231 0.36538461538461536 0.028846153846153848 0.07692307692307693
0 0.8064903846153846 0.38221153846153844 0.03365384615384615 0.08173076923076923
0 0.9230769230769231 0.3858173076923077 0.028846153846153848 0.07932692307692307