0 0.09375 0.6598557692307693 0.10096153846153846 0.13701923076923078
0 0.07211538461538461 0.6057692307692307 0.09615384615384616 0.10576923076923077
0 0.05048076923076923 0.8557692307692307 0.10096153846153846 0.22596153846153846
0 0.21634615384615385 0.6586538461538461 0.08653846153846154 0.15865384615384615
0 0.19951923076923078 0.9074519230769231 0.1875 0.18269230769230768
0 0.24639423076923078 0.5709134615384616 0.06009615384615385 0.09134615384615384
0 0.31009615384615385 0.5600961538461539 0.07211538461538461 0.11538461538461539
0 0.3942307692307692 0.5769230769230769 0.0673076923076923 0.11538461538461539
0 0.42427884615384615 0.5348557692307693 0.05048076923076923 0.0985576923076923
0 0.4963942307692308 0.5973557692307693 0.0673076923076923 0.11778846153846154
0 0.5012019230769231 0.53125 0.06009615384615385 0.08173076923076923
0 0.47596153846153844 0.7608173076923077 0.11538461538461539 0.20192307692307693
0 0.5901442307692307 0.5336538461538461 0.04326923076923077 0.0673076923076923
0 0.6658653846153846 0.53125 0.052884615384615384 0.08653846153846154
0 0.6826923076923077 0.4795673076923077 0.04807692307692308 0.07932692307692307
0 0.7259615384615384 0.5336538461538461 0.057692307692307696 0.09615384615384616
0 0.7548076923076923 0.5012019230769231 0.038461538461538464 0.07451923076923077
0 0.765625 0.7608173076923077 0.11778846153846154 0.2403846153846154
0 0.8533653846153846 0.8870192307692307 0.16346153846153846 0.22115384615384615
0 0.7824519230769231 0.6298076923076923 0.09134615384615384 0.16346153846153846
0 0.8317307692307693 0.515625 0.04807692307692308 0.0889423076923077
0 0.9158653846153846 0.5204326923076923 0.052884615384615384 0.07932692307692307
0 0.953125 0.5829326923076923 0.07692307692307693 0.12980769230769232