0 0.390625 0.18629807692307693 0.016826923076923076 0.038461538461538464
0 0.41586538461538464 0.22115384615384615 0.02403846153846154 0.038461538461538464
0 0.4543269230769231 0.22956730769230768 0.02403846153846154 0.04326923076923077
0 0.5661057692307693 0.1875 0.016826923076923076 0.03365384615384615
0 0.5673076923076923 0.1622596153846154 0.019230769230769232 0.03125
0 0.6262019230769231 0.25961538461538464 0.02403846153846154 0.057692307692307696
0 0.6418269230769231 0.2860576923076923 0.028846153846153848 0.0625
0 0.6358173076923077 0.20432692307692307 0.019230769230769232 0.04326923076923077
0 0.6802884615384616 0.171875 0.014423076923076924 0.038461538461538464
0 0.6850961538461539 0.21875 0.02403846153846154 0.04326923076923077
0 0.6622596153846154 0.0889423076923077 0.019230769230769232 0.038461538461538464
0 0.9375 0.22355769230769232 0.019230769230769232 0.038461538461538464