0 0.11899038461538461 0.5132211538461539 0.038461538461538464 0.07451923076923077
0 0.2091346153846154 0.32572115384615385 0.019230769230769232 0.03125
0 0.23677884615384615 0.3485576923076923 0.019230769230769232 0.04326923076923077
0 0.26322115384615385 0.3713942307692308 0.021634615384615384 0.038461538461538464
0 0.2668269230769231 0.296875 0.014423076923076924 0.028846153846153848
0 0.3016826923076923 0.3161057692307692 0.019230769230769232 0.028846153846153848
0 0.3161057692307692 0.3485576923076923 0.019230769230769232 0.03365384615384615
0 0.33413461538461536 0.31971153846153844 0.019230769230769232 0.03365384615384615
0 0.33653846153846156 0.2824519230769231 0.019230769230769232 0.028846153846153848
0 0.36177884615384615 0.33413461538461536 0.019230769230769232 0.03365384615384615
0 0.3918269230769231 0.31850961538461536 0.02403846153846154 0.036057692307692304
0 0.3894230769230769 0.2860576923076923 0.019230769230769232 0.03365384615384615
0 0.3737980769230769 0.24879807692307693 0.014423076923076924 0.026442307692307692
0 0.4098557692307692 0.24759615384615385 0.01201923076923077 0.02403846153846154
0 0.42788461538461536 0.24879807692307693 0.014423076923076924 0.02403846153846154
0 0.43509615384615385 0.3293269230769231 0.02403846153846154 0.03365384615384615
0 0.41466346153846156 0.30288461538461536 0.016826923076923076 0.028846153846153848
0 0.4567307692307692 0.2932692307692308 0.019230769230769232 0.019230769230769232
0 0.4639423076923077 0.24879807692307693 0.014423076923076924 0.02403846153846154
0 0.4519230769230769 0.22956730769230768 0.009615384615384616 0.021634615384615384
0 0.4543269230769231 0.22115384615384615 0.014423076923076924 0.019230769230769232
0 0.49399038461538464 0.2512019230769231 0.016826923076923076 0.02403846153846154
0 0.4987980769230769 0.23677884615384615 0.014423076923076924 0.021634615384615384
0 0.5432692307692307 0.21153846153846154 0.009615384615384616 0.02403846153846154
0 0.5576923076923077 0.20552884615384615 0.019230769230769232 0.021634615384615384
0 0.5288461538461539 0.25721153846153844 0.019230769230769232 0.028846153846153848
0 0.5432692307692307 0.2704326923076923 0.019230769230769232 0.028846153846153848
0 0.5637019230769231 0.2536057692307692 0.016826923076923076 0.028846153846153848
0 0.5877403846153846 0.23677884615384615 0.01201923076923077 0.026442307692307692
0 0.5901442307692307 0.20673076923076922 0.01201923076923077 0.02403846153846154
0 0.5949519230769231 0.19471153846153846 0.01201923076923077 0.02403846153846154
0 0.6153846153846154 0.19951923076923078 0.009615384615384616 0.02403846153846154
0 0.6262019230769231 0.21153846153846154 0.01201923076923077 0.02403846153846154
0 0.625 0.2283653846153846 0.009615384615384616 0.02403846153846154
0 0.6598557692307693 0.19591346153846154 0.01201923076923077 0.02403846153846154
0 0.6622596153846154 0.21634615384615385 0.01201923076923077 0.019230769230769232
0 0.6730769230769231 0.21033653846153846 0.009615384615384616 0.02403846153846154
0 0.48677884615384615 0.31490384615384615 0.016826923076923076 0.03365384615384615
0 0.4639423076923077 0.38822115384615385 0.02403846153846154 0.05048076923076923
0 0.5324519230769231 0.40024038461538464 0.026442307692307692 0.04567307692307692
0 0.5252403846153846 0.3425480769230769 0.02403846153846154 0.038461538461538464
0 0.5709134615384616 0.44471153846153844 0.03125 0.0673076923076923
0 0.6237980769230769 0.4543269230769231 0.03365384615384615 0.0673076923076923
0 0.6045673076923077 0.3473557692307692 0.021634615384615384 0.038461538461538464
0 0.5877403846153846 0.3137019230769231 0.019230769230769232 0.036057692307692304
0 0.6213942307692307 0.28966346153846156 0.016826923076923076 0.028846153846153848
0 0.6442307692307693 0.3473557692307692 0.02403846153846154 0.04326923076923077
0 0.6610576923076923 0.2608173076923077 0.014423076923076924 0.028846153846153848
0 0.6646634615384616 0.2980769230769231 0.021634615384615384 0.038461538461538464
0 0.6947115384615384 0.234375 0.014423076923076924 0.03365384615384615
0 0.6935096153846154 0.2824519230769231 0.019230769230769232 0.03365384615384615
0 0.6826923076923077 0.3425480769230769 0.02403846153846154 0.05048076923076923
0 0.7127403846153846 0.38461538461538464 0.028846153846153848 0.04807692307692308
0 0.6899038461538461 0.5264423076923077 0.03365384615384615 0.0625
0 0.7932692307692307 0.5516826923076923 0.028846153846153848 0.07211538461538461
0 0.8317307692307693 0.4567307692307692 0.028846153846153848 0.057692307692307696
0 0.7764423076923077 0.40625 0.02403846153846154 0.04326923076923077
0 0.9182692307692307 0.45552884615384615 0.028846153846153848 0.055288461538461536
0 0.84375 0.39903846153846156 0.02403846153846154 0.04807692307692308
0 0.9242788461538461 0.3894230769230769 0.021634615384615384 0.038461538461538464
0 0.9110576923076923 0.3088942307692308 0.014423076923076924 0.028846153846153848
0 0.9278846153846154 0.2956730769230769 0.019230769230769232 0.028846153846153848
0 0.9278846153846154 0.25841346153846156 0.009615384615384616 0.026442307692307692
0 0.8894230769230769 0.265625 0.019230769230769232 0.03125
0 0.8822115384615384 0.30408653846153844 0.014423076923076924 0.036057692307692304
0 0.8641826923076923 0.3233173076923077 0.016826923076923076 0.036057692307692304
0 0.8389423076923077 0.2980769230769231 0.014423076923076924 0.028846153846153848
0 0.8461538461538461 0.25841346153846156 0.019230769230769232 0.03365384615384615
0 0.8725961538461539 0.24278846153846154 0.014423076923076924 0.02403846153846154
0 0.8365384615384616 0.2439903846153846 0.014423076923076924 0.02403846153846154
0 0.8076923076923077 0.25841346153846156 0.014423076923076924 0.02403846153846154
0 0.8004807692307693 0.22716346153846154 0.014423076923076924 0.028846153846153848
0 0.7860576923076923 0.2824519230769231 0.02403846153846154 0.036057692307692304
0 0.7680288461538461 0.27524038461538464 0.019230769230769232 0.038461538461538464
0 0.7764423076923077 0.2512019230769231 0.014423076923076924 0.028846153846153848
0 0.7716346153846154 0.2247596153846154 0.014423076923076924 0.028846153846153848
0 0.7271634615384616 0.24278846153846154 0.01201923076923077 0.03365384615384615
0 0.7271634615384616 0.22596153846153846 0.01201923076923077 0.02403846153846154
0 0.7367788461538461 0.2247596153846154 0.01201923076923077 0.02403846153846154
0 0.8016826923076923 0.3473557692307692 0.019230769230769232 0.036057692307692304
0 0.8028846153846154 0.3245192307692308 0.019230769230769232 0.028846153846153848