0 0.3161057692307692 0.19471153846153846 0.02403846153846154 0.04807692307692308
0 0.34975961538461536 0.21394230769230768 0.02403846153846154 0.057692307692307696
0 0.4050480769230769 0.21995192307692307 0.01201923076923077 0.026442307692307692
0 0.4170673076923077 0.25600961538461536 0.02403846153846154 0.04807692307692308
0 0.4423076923076923 0.21754807692307693 0.019230769230769232 0.03365384615384615
0 0.5108173076923077 0.2247596153846154 0.02403846153846154 0.038461538461538464
0 0.5204326923076923 0.13581730769230768 0.01201923076923077 0.028846153846153848
0 0.5889423076923077 0.1045673076923077 0.014423076923076924 0.026442307692307692
0 0.6117788461538461 0.10096153846153846 0.01201923076923077 0.019230769230769232
0 0.6225961538461539 0.11298076923076923 0.009615384615384616 0.02403846153846154
0 0.6538461538461539 0.10216346153846154 0.014423076923076924 0.02403846153846154
0 0.5925480769230769 0.24278846153846154 0.021634615384615384 0.04326923076923077
0 0.6370192307692307 0.23677884615384615 0.02403846153846154 0.05048076923076923