0 0.3581730769230769 0.17908653846153846 0.02403846153846154 0.040865384615384616
0 0.47475961538461536 0.19230769230769232 0.028846153846153848 0.04807692307692308
0 0.5480769230769231 0.18990384615384615 0.02403846153846154 0.04326923076923077
0 0.578125 0.21875 0.02403846153846154 0.052884615384615384
0 0.6225961538461539 0.1935096153846154 0.028846153846153848 0.05048076923076923
0 0.6802884615384616 0.23677884615384615 0.02403846153846154 0.04807692307692308
0 0.7055288461538461 0.21153846153846154 0.02403846153846154 0.04807692307692308
0 0.7668269230769231 0.2247596153846154 0.028846153846153848 0.052884615384615384
0 0.828125 0.24278846153846154 0.028846153846153848 0.0625
0 0.7331730769230769 0.27403846153846156 0.02403846153846154 0.04807692307692308
0 0.7692307692307693 0.28725961538461536 0.03365384615384615 0.0673076923076923
0 0.9170673076923077 0.27884615384615385 0.019230769230769232 0.04326923076923077
0 0.9411057692307693 0.28966346153846156 0.019230769230769232 0.0625
0 0.9074519230769231 0.33052884615384615 0.040865384615384616 0.0625