0 0.07091346153846154 0.2620192307692308 0.10817307692307693 0.1778846153846154
0 0.0889423076923077 0.1201923076923077 0.052884615384615384 0.08173076923076923
0 0.04567307692307692 0.09014423076923077 0.038461538461538464 0.06971153846153846
0 0.1622596153846154 0.10336538461538461 0.036057692307692304 0.057692307692307696
0 0.2247596153846154 0.0829326923076923 0.05048076923076923 0.08413461538461539
0 0.3269230769230769 0.171875 0.07692307692307693 0.12740384615384615
0 0.4639423076923077 0.0889423076923077 0.052884615384615384 0.09134615384615384
0 0.5649038461538461 0.05889423076923077 0.038461538461538464 0.06009615384615385
0 0.5961538461538461 0.2091346153846154 0.08653846153846154 0.1346153846153846
0 0.6322115384615384 0.11658653846153846 0.04326923076923077 0.06971153846153846
0 0.671875 0.078125 0.04567307692307692 0.08173076923076923
0 0.8197115384615384 0.5661057692307693 0.22115384615384615 0.3701923076923077
0 0.8798076923076923 0.31850961538461536 0.14423076923076922 0.2403846153846154
0 0.84375 0.06129807692307692 0.04326923076923077 0.06490384615384616