0 0.013221153846153846 0.5625 0.021634615384615384 0.057692307692307696
0 0.09134615384615384 0.5841346153846154 0.038461538461538464 0.0625
0 0.10817307692307693 0.5625 0.03365384615384615 0.052884615384615384
0 0.15865384615384615 0.5841346153846154 0.038461538461538464 0.0625
0 0.15264423076923078 0.6610576923076923 0.05048076923076923 0.08173076923076923
0 0.24519230769230768 0.6778846153846154 0.057692307692307696 0.08653846153846154
0 0.2644230769230769 0.6165865384615384 0.04807692307692308 0.06971153846153846
0 0.22355769230769232 0.5625 0.03365384615384615 0.04326923076923077
0 0.2800480769230769 0.5661057692307693 0.040865384615384616 0.06009615384615385
0 0.30528846153846156 0.5552884615384616 0.028846153846153848 0.052884615384615384
0 0.3004807692307692 0.8149038461538461 0.125 0.18269230769230768
0 0.3641826923076923 0.5588942307692307 0.028846153846153848 0.05048076923076923
0 0.37740384615384615 0.5480769230769231 0.02403846153846154 0.03365384615384615
0 0.41466346153846156 0.6081730769230769 0.055288461538461536 0.08173076923076923
0 0.4206730769230769 0.5408653846153846 0.02403846153846154 0.04326923076923077
0 0.4074519230769231 0.5637019230769231 0.036057692307692304 0.04807692307692308
0 0.5 0.59375 0.04807692307692308 0.07211538461538461
0 0.5300480769230769 0.5504807692307693 0.02403846153846154 0.03365384615384615
0 0.5721153846153846 0.5600961538461539 0.03365384615384615 0.052884615384615384
0 0.6213942307692307 0.5673076923076923 0.028846153846153848 0.04807692307692308
0 0.6935096153846154 0.4014423076923077 0.02403846153846154 0.04807692307692308
0 0.5625 0.7367788461538461 0.08173076923076923 0.1346153846153846
0 0.6574519230769231 0.6478365384615384 0.06490384615384616 0.0985576923076923
0 0.7223557692307693 0.6045673076923077 0.040865384615384616 0.07451923076923077
0 0.7680288461538461 0.7247596153846154 0.09134615384615384 0.13701923076923078
0 0.6935096153846154 0.9242788461538461 0.15625 0.1466346153846154
0 0.8245192307692307 0.65625 0.052884615384615384 0.10096153846153846
0 0.7896634615384616 0.578125 0.04326923076923077 0.0673076923076923
0 0.8209134615384616 0.5637019230769231 0.03365384615384615 0.055288461538461536
0 0.8725961538461539 0.5985576923076923 0.04807692307692308 0.08173076923076923
0 0.9002403846153846 0.6045673076923077 0.038461538461538464 0.06009615384615385
0 0.90625 0.5733173076923077 0.028846153846153848 0.04807692307692308