0 0.109375 0.4567307692307692 0.09615384615384616 0.14423076923076922
0 0.27884615384615385 0.49278846153846156 0.09615384615384616 0.13942307692307693
0 0.24519230769230768 0.3425480769230769 0.057692307692307696 0.09375
0 0.31009615384615385 0.2956730769230769 0.04326923076923077 0.07692307692307693
0 0.36177884615384615 0.34134615384615385 0.0673076923076923 0.10096153846153846
0 0.42908653846153844 0.24519230769230768 0.040865384615384616 0.0673076923076923
0 0.46153846153846156 0.27884615384615385 0.04807692307692308 0.0673076923076923
0 0.5264423076923077 0.25841346153846156 0.04326923076923077 0.0673076923076923
0 0.5444711538461539 0.3858173076923077 0.06490384615384616 0.08413461538461539
0 0.6286057692307693 0.2956730769230769 0.057692307692307696 0.09134615384615384
0 0.6598557692307693 0.5048076923076923 0.09615384615384616 0.15865384615384615
0 0.8016826923076923 0.5540865384615384 0.11057692307692307 0.15144230769230768
0 0.9194711538461539 0.46153846153846156 0.0889423076923077 0.14423076923076922
0 0.8689903846153846 0.28846153846153844 0.052884615384615384 0.08653846153846154
0 0.7716346153846154 0.2692307692307692 0.038461538461538464 0.0625
0 0.7043269230769231 0.40024038461538464 0.0625 0.10336538461538461