0 0.18629807692307693 0.5360576923076923 0.08173076923076923 0.13942307692307693
0 0.20793269230769232 0.4795673076923077 0.06009615384615385 0.10817307692307693
0 0.17668269230769232 0.41466346153846156 0.036057692307692304 0.06490384615384616
0 0.21875 0.4230769230769231 0.03365384615384615 0.057692307692307696
0 0.19591346153846154 0.3762019230769231 0.026442307692307692 0.040865384615384616
0 0.15865384615384615 0.36658653846153844 0.019230769230769232 0.040865384615384616
0 0.14182692307692307 0.390625 0.019230769230769232 0.036057692307692304
0 0.1310096153846154 0.36778846153846156 0.021634615384615384 0.04326923076923077
0 0.07932692307692307 0.40865384615384615 0.038461538461538464 0.08653846153846154
0 0.2620192307692308 0.3737980769230769 0.02403846153846154 0.04567307692307692
0 0.28725961538461536 0.4014423076923077 0.021634615384615384 0.057692307692307696
0 0.3088942307692308 0.39903846153846156 0.026442307692307692 0.052884615384615384
0 0.4170673076923077 0.32572115384615385 0.019230769230769232 0.052884615384615384
0 0.4675480769230769 0.3737980769230769 0.021634615384615384 0.038461538461538464
0 0.5192307692307693 0.3870192307692308 0.019230769230769232 0.04326923076923077
0 0.5228365384615384 0.4375 0.026442307692307692 0.0673076923076923
0 0.5480769230769231 0.4206730769230769 0.028846153846153848 0.052884615384615384
0 0.5733173076923077 0.39783653846153844 0.021634615384615384 0.05048076923076923
0 0.6057692307692307 0.4423076923076923 0.028846153846153848 0.057692307692307696
0 0.6153846153846154 0.39302884615384615 0.019230769230769232 0.036057692307692304
0 0.5973557692307693 0.3858173076923077 0.014423076923076924 0.038461538461538464
0 0.6706730769230769 0.3293269230769231 0.03365384615384615 0.04326923076923077
0 0.6730769230769231 0.46033653846153844 0.03365384615384615 0.0625
0 0.7139423076923077 0.453125 0.04807692307692308 0.08413461538461539
0 0.6514423076923077 0.5168269230769231 0.052884615384615384 0.11057692307692307
0 0.8377403846153846 0.5504807692307693 0.09375 0.16826923076923078
0 0.9002403846153846 0.4855769230769231 0.0625 0.10096153846153846