0 0.484375 0.2091346153846154 0.028846153846153848 0.0625
0 0.5288461538461539 0.20432692307692307 0.02403846153846154 0.04326923076923077
0 0.6153846153846154 0.20673076923076922 0.02403846153846154 0.04807692307692308
0 0.6514423076923077 0.20673076923076922 0.019230769230769232 0.04326923076923077
0 0.6670673076923077 0.22115384615384615 0.021634615384615384 0.04807692307692308
0 0.671875 0.2620192307692308 0.026442307692307692 0.057692307692307696
0 0.703125 0.21875 0.019230769230769232 0.04326923076923077
0 0.7415865384615384 0.22596153846153846 0.016826923076923076 0.04326923076923077
0 0.765625 0.23197115384615385 0.02403846153846154 0.052884615384615384
0 0.7259615384615384 0.27884615384615385 0.028846153846153848 0.0673076923076923
0 0.7487980769230769 0.31850961538461536 0.028846153846153848 0.07692307692307693
0 0.8149038461538461 0.2608173076923077 0.02403846153846154 0.052884615384615384
0 0.7920673076923077 0.3954326923076923 0.036057692307692304 0.07932692307692307
0 0.9026442307692307 0.3425480769230769 0.028846153846153848 0.0673076923076923
0 0.9591346153846154 0.34134615384615385 0.03365384615384615 0.10096153846153846