0 0.19831730769230768 0.4338942307692308 0.055288461538461536 0.10336538461538461
0 0.25721153846153844 0.2668269230769231 0.019230769230769232 0.03365384615384615
0 0.28365384615384615 0.25240384615384615 0.019230769230769232 0.03365384615384615
0 0.3125 0.25721153846153844 0.019230769230769232 0.03365384615384615
0 0.3245192307692308 0.2692307692307692 0.02403846153846154 0.038461538461538464
0 0.34615384615384615 0.27524038461538464 0.028846153846153848 0.04326923076923077
0 0.3713942307692308 0.27163461538461536 0.02403846153846154 0.04326923076923077
0 0.4050480769230769 0.2824519230769231 0.02403846153846154 0.04567307692307692
0 0.3076923076923077 0.2283653846153846 0.019230769230769232 0.03365384615384615
0 0.3329326923076923 0.2283653846153846 0.019230769230769232 0.03365384615384615
0 0.3786057692307692 0.19951923076923078 0.02403846153846154 0.04326923076923077
0 0.4266826923076923 0.25 0.021634615384615384 0.038461538461538464
0 0.4651442307692308 0.22716346153846154 0.02403846153846154 0.05048076923076923
0 0.4206730769230769 0.21514423076923078 0.019230769230769232 0.036057692307692304
0 0.4254807692307692 0.19110576923076922 0.019230769230769232 0.03365384615384615
0 0.4074519230769231 0.17427884615384615 0.014423076923076924 0.028846153846153848
0 0.453125 0.15625 0.016826923076923076 0.03365384615384615
0 0.4735576923076923 0.15504807692307693 0.014423076923076924 0.03365384615384615
0 0.5084134615384616 0.1814903846153846 0.019230769230769232 0.03365384615384615
0 0.4807692307692308 0.20432692307692307 0.019230769230769232 0.04807692307692308
0 0.5456730769230769 0.18870192307692307 0.019230769230769232 0.040865384615384616
0 0.5048076923076923 0.12740384615384615 0.019230769230769232 0.028846153846153848
0 0.5144230769230769 0.13341346153846154 0.009615384615384616 0.02403846153846154
0 0.5528846153846154 0.14783653846153846 0.019230769230769232 0.036057692307692304
0 0.5300480769230769 0.15144230769230768 0.014423076923076924 0.03365384615384615
0 0.5949519230769231 0.16105769230769232 0.019230769230769232 0.03365384615384615
0 0.5829326923076923 0.12860576923076922 0.014423076923076924 0.021634615384615384
0 0.6009615384615384 0.10096153846153846 0.019230769230769232 0.028846153846153848
0 0.6141826923076923 0.12259615384615384 0.01201923076923077 0.02403846153846154
0 0.6081730769230769 0.1502403846153846 0.014423076923076924 0.03125
0 0.6274038461538461 0.13942307692307693 0.014423076923076924 0.02403846153846154
0 0.6466346153846154 0.11057692307692307 0.014423076923076924 0.028846153846153848
0 0.6646634615384616 0.12259615384615384 0.016826923076923076 0.02403846153846154
0 0.5276442307692307 0.2824519230769231 0.026442307692307692 0.052884615384615384
0 0.5588942307692307 0.30528846153846156 0.03125 0.057692307692307696
0 0.5757211538461539 0.2439903846153846 0.026442307692307692 0.04567307692307692
0 0.6274038461538461 0.21153846153846154 0.02403846153846154 0.04807692307692308
0 0.6490384615384616 0.17548076923076922 0.019230769230769232 0.04326923076923077
0 0.6610576923076923 0.2283653846153846 0.02403846153846154 0.04807692307692308
0 0.6322115384615384 0.25600961538461536 0.02403846153846154 0.04567307692307692
0 0.6550480769230769 0.2704326923076923 0.026442307692307692 0.04326923076923077
0 0.6706730769230769 0.3317307692307692 0.03365384615384615 0.08173076923076923
0 0.7103365384615384 0.2860576923076923 0.03365384615384615 0.0625
0 0.7115384615384616 0.23197115384615385 0.028846153846153848 0.057692307692307696
0 0.6838942307692307 0.1658653846153846 0.019230769230769232 0.038461538461538464
0 0.7163461538461539 0.18870192307692307 0.019230769230769232 0.04567307692307692
0 0.7331730769230769 0.15865384615384615 0.019230769230769232 0.038461538461538464
0 0.7475961538461539 0.1502403846153846 0.014423076923076924 0.036057692307692304
0 0.765625 0.1778846153846154 0.019230769230769232 0.038461538461538464
0 0.7427884615384616 0.1971153846153846 0.019230769230769232 0.038461538461538464
0 0.75 0.2439903846153846 0.02403846153846154 0.05048076923076923
0 0.7824519230769231 0.2920673076923077 0.028846153846153848 0.055288461538461536
0 0.7884615384615384 0.34615384615384615 0.04807692307692308 0.08653846153846154
0 0.8617788461538461 0.296875 0.028846153846153848 0.057692307692307696
0 0.8269230769230769 0.23197115384615385 0.02403846153846154 0.052884615384615384
0 0.7872596153846154 0.18870192307692307 0.021634615384615384 0.04567307692307692
0 0.7704326923076923 0.12379807692307693 0.016826923076923076 0.03365384615384615
0 0.7896634615384616 0.14783653846153846 0.019230769230769232 0.036057692307692304
0 0.8004807692307693 0.12980769230769232 0.019230769230769232 0.03365384615384615
0 0.8088942307692307 0.17067307692307693 0.019230769230769232 0.04326923076923077
0 0.8269230769230769 0.16826923076923078 0.019230769230769232 0.038461538461538464
0 0.8377403846153846 0.13942307692307693 0.01201923076923077 0.038461538461538464
0 0.8533653846153846 0.17908653846153846 0.014423076923076924 0.040865384615384616
0 0.8449519230769231 0.21394230769230768 0.016826923076923076 0.03365384615384615
0 0.875 0.23918269230769232 0.02403846153846154 0.057692307692307696
0 0.8870192307692307 0.21995192307692307 0.014423076923076924 0.038461538461538464
0 0.8942307692307693 0.19110576923076922 0.009615384615384616 0.028846153846153848
0 0.9146634615384616 0.2704326923076923 0.021634615384615384 0.05048076923076923
0 0.8834134615384616 0.1502403846153846 0.019230769230769232 0.04326923076923077