0 0.20432692307692307 0.4182692307692308 0.04326923076923077 0.07692307692307693
0 0.29447115384615385 0.25 0.014423076923076924 0.028846153846153848
0 0.28966346153846156 0.24639423076923078 0.014423076923076924 0.026442307692307692
0 0.3125 0.21875 0.009615384615384616 0.02403846153846154
0 0.32572115384615385 0.2776442307692308 0.016826923076923076 0.03365384615384615
0 0.34975961538461536 0.2127403846153846 0.014423076923076924 0.03125
0 0.38461538461538464 0.25 0.019230769230769232 0.03365384615384615
0 0.4026442307692308 0.2283653846153846 0.016826923076923076 0.03365384615384615
0 0.42427884615384615 0.265625 0.021634615384615384 0.04326923076923077
0 0.44471153846153844 0.2127403846153846 0.02403846153846154 0.038461538461538464
0 0.4266826923076923 0.18269230769230768 0.014423076923076924 0.028846153846153848
0 0.4014423076923077 0.18509615384615385 0.014423076923076924 0.02403846153846154
0 0.47596153846153844 0.21514423076923078 0.019230769230769232 0.040865384615384616
0 0.42788461538461536 0.1622596153846154 0.014423076923076924 0.021634615384615384
0 0.4074519230769231 0.17307692307692307 0.014423076923076924 0.019230769230769232
0 0.45072115384615385 0.15504807692307693 0.009615384615384616 0.02403846153846154
0 0.4675480769230769 0.15865384615384615 0.014423076923076924 0.019230769230769232
0 0.5012019230769231 0.18870192307692307 0.01201923076923077 0.03125
0 0.5492788461538461 0.18990384615384615 0.014423076923076924 0.02403846153846154
0 0.5456730769230769 0.1622596153846154 0.014423076923076924 0.02403846153846154
0 0.5540865384615384 0.14302884615384615 0.01201923076923077 0.026442307692307692
0 0.5240384615384616 0.14302884615384615 0.009615384615384616 0.026442307692307692
0 0.5096153846153846 0.14423076923076922 0.009615384615384616 0.02403846153846154
0 0.49399038461538464 0.12860576923076922 0.009615384615384616 0.019230769230769232
0 0.5733173076923077 0.15865384615384615 0.01201923076923077 0.028846153846153848
0 0.5745192307692307 0.13341346153846154 0.014423076923076924 0.021634615384615384
0 0.5853365384615384 0.14182692307692307 0.01201923076923077 0.02403846153846154
0 0.609375 0.14423076923076922 0.01201923076923077 0.028846153846153848
0 0.6262019230769231 0.12980769230769232 0.01201923076923077 0.028846153846153848
0 0.6129807692307693 0.10216346153846154 0.014423076923076924 0.026442307692307692
0 0.65625 0.11778846153846154 0.014423076923076924 0.028846153846153848
0 0.6670673076923077 0.1201923076923077 0.01201923076923077 0.028846153846153848
0 0.5 0.2932692307692308 0.02403846153846154 0.04807692307692308
0 0.5432692307692307 0.30528846153846156 0.02403846153846154 0.04326923076923077
0 0.5793269230769231 0.2403846153846154 0.019230769230769232 0.038461538461538464
0 0.609375 0.203125 0.016826923076923076 0.040865384615384616
0 0.6262019230769231 0.23317307692307693 0.02403846153846154 0.04807692307692308
0 0.6550480769230769 0.26322115384615385 0.019230769230769232 0.040865384615384616
0 0.6634615384615384 0.21153846153846154 0.019230769230769232 0.038461538461538464
0 0.6538461538461539 0.17067307692307693 0.019230769230769232 0.03365384615384615
0 0.6947115384615384 0.1875 0.014423076923076924 0.03365384615384615
0 0.6935096153846154 0.1502403846153846 0.016826923076923076 0.036057692307692304
0 0.7247596153846154 0.14903846153846154 0.01201923076923077 0.028846153846153848
0 0.7199519230769231 0.21634615384615385 0.019230769230769232 0.04326923076923077
0 0.7139423076923077 0.2824519230769231 0.02403846153846154 0.04807692307692308
0 0.6838942307692307 0.3088942307692308 0.026442307692307692 0.055288461538461536
0 0.7680288461538461 0.3293269230769231 0.028846153846153848 0.0625
0 0.8004807692307693 0.296875 0.02403846153846154 0.04807692307692308
0 0.8461538461538461 0.31490384615384615 0.019230769230769232 0.052884615384615384
0 0.7560096153846154 0.21995192307692307 0.019230769230769232 0.036057692307692304
0 0.7439903846153846 0.19110576923076922 0.016826923076923076 0.03365384615384615
0 0.7451923076923077 0.15985576923076922 0.019230769230769232 0.03125
0 0.7668269230769231 0.12980769230769232 0.014423076923076924 0.028846153846153848
0 0.7644230769230769 0.17908653846153846 0.009615384615384616 0.028846153846153848
0 0.7872596153846154 0.15625 0.01201923076923077 0.02403846153846154
0 0.8016826923076923 0.14302884615384615 0.01201923076923077 0.021634615384615384
0 0.8064903846153846 0.17668269230769232 0.01201923076923077 0.036057692307692304
0 0.7836538461538461 0.2091346153846154 0.019230769230769232 0.03365384615384615
0 0.8161057692307693 0.2247596153846154 0.019230769230769232 0.04567307692307692
0 0.8353365384615384 0.22355769230769232 0.014423076923076924 0.028846153846153848
0 0.8305288461538461 0.16105769230769232 0.014423076923076924 0.028846153846153848
0 0.8353365384615384 0.13822115384615385 0.01201923076923077 0.03125
0 0.8701923076923077 0.14423076923076922 0.014423076923076924 0.028846153846153848
0 0.8882211538461539 0.19230769230769232 0.016826923076923076 0.028846153846153848
0 0.8617788461538461 0.234375 0.019230769230769232 0.04807692307692308
0 0.8846153846153846 0.2247596153846154 0.014423076923076924 0.038461538461538464
0 0.9086538461538461 0.24519230769230768 0.019230769230769232 0.04807692307692308