0 0.35216346153846156 0.7920673076923077 0.12980769230769232 0.27884615384615385
0 0.24519230769230768 0.5612980769230769 0.08653846153846154 0.17307692307692307
0 0.16826923076923078 0.4266826923076923 0.08653846153846154 0.13701923076923078
0 0.19471153846153846 0.36538461538461536 0.052884615384615384 0.08653846153846154
0 0.27403846153846156 0.2932692307692308 0.04326923076923077 0.09134615384615384
0 0.38100961538461536 0.359375 0.05048076923076923 0.1201923076923077
0 0.4182692307692308 0.4266826923076923 0.052884615384615384 0.11538461538461539
0 0.4963942307692308 0.375 0.04807692307692308 0.08653846153846154
0 0.4879807692307692 0.33653846153846156 0.038461538461538464 0.07211538461538461
0 0.5576923076923077 0.47836538461538464 0.0673076923076923 0.1346153846153846
0 0.6105769230769231 0.34615384615384615 0.038461538461538464 0.07692307692307693
0 0.6658653846153846 0.38341346153846156 0.03365384615384615 0.0673076923076923
0 0.6983173076923077 0.4651442307692308 0.06009615384615385 0.125
0 0.7620192307692307 0.43149038461538464 0.04326923076923077 0.09134615384615384
0 0.84375 0.4254807692307692 0.04807692307692308 0.1201923076923077
0 0.9122596153846154 0.6165865384615384 0.06971153846153846 0.16105769230769232