0 0.22596153846153846 0.5949519230769231 0.15865384615384615 0.2283653846153846
0 0.0733173076923077 0.8088942307692307 0.13701923076923078 0.25961538461538464
0 0.051682692307692304 0.36658653846153844 0.0673076923076923 0.0889423076923077
0 0.18028846153846154 0.2800480769230769 0.0625 0.11298076923076923
0 0.20793269230769232 0.3545673076923077 0.04567307692307692 0.07451923076923077
0 0.24759615384615385 0.33653846153846156 0.03365384615384615 0.04807692307692308
0 0.2764423076923077 0.3233173076923077 0.03365384615384615 0.06490384615384616
0 0.37740384615384615 0.453125 0.07211538461538461 0.12740384615384615
0 0.4206730769230769 0.47596153846153844 0.09615384615384616 0.1346153846153846
0 0.40625 0.38461538461538464 0.052884615384615384 0.07692307692307693
0 0.4423076923076923 0.3389423076923077 0.04807692307692308 0.0673076923076923
0 0.4026442307692308 0.33413461538461536 0.038461538461538464 0.052884615384615384
0 0.40625 0.31009615384615385 0.03365384615384615 0.057692307692307696
0 0.5913461538461539 0.3112980769230769 0.03365384615384615 0.0625
0 0.6574519230769231 0.3125 0.05048076923076923 0.08653846153846154
0 0.6754807692307693 0.31971153846153844 0.04326923076923077 0.09134615384615384
0 0.6875 0.25 0.04807692307692308 0.07211538461538461
0 0.7439903846153846 0.3449519230769231 0.06009615384615385 0.07451923076923077
0 0.8197115384615384 0.30649038461538464 0.0673076923076923 0.11298076923076923
0 0.7836538461538461 0.24879807692307693 0.038461538461538464 0.06009615384615385
0 0.875 0.3016826923076923 0.038461538461538464 0.06009615384615385
0 0.7632211538461539 0.31971153846153844 0.05048076923076923 0.07211538461538461