0 0.15865384615384615 0.36899038461538464 0.038461538461538464 0.0625
0 0.19831730769230768 0.4026442307692308 0.05048076923076923 0.0889423076923077
0 0.27884615384615385 0.38341346153846156 0.03365384615384615 0.07211538461538461
0 0.3173076923076923 0.39783653846153844 0.04807692307692308 0.08173076923076923
0 0.3858173076923077 0.3545673076923077 0.040865384615384616 0.0625
0 0.41586538461538464 0.3870192307692308 0.04326923076923077 0.07211538461538461
0 0.40625 0.44711538461538464 0.0673076923076923 0.10576923076923077
0 0.4963942307692308 0.35096153846153844 0.04807692307692308 0.057692307692307696
0 0.5625 0.2548076923076923 0.038461538461538464 0.04807692307692308
0 0.5408653846153846 0.4182692307692308 0.052884615384615384 0.08653846153846154
0 0.65625 0.40625 0.052884615384615384 0.10096153846153846
0 0.7379807692307693 0.5300480769230769 0.10096153846153846 0.14182692307692307
0 0.9230769230769231 0.44471153846153844 0.10096153846153846 0.12980769230769232