0 0.03245192307692308 0.34375 0.036057692307692304 0.052884615384615384
0 0.06370192307692307 0.36538461538461536 0.04807692307692308 0.08653846153846154
0 0.1045673076923077 0.38461538461538464 0.055288461538461536 0.08173076923076923
0 0.14903846153846154 0.31971153846153844 0.028846153846153848 0.052884615384615384
0 0.17427884615384615 0.3557692307692308 0.04326923076923077 0.07211538461538461
0 0.21153846153846154 0.3269230769230769 0.028846153846153848 0.052884615384615384
0 0.23918269230769232 0.34615384615384615 0.04326923076923077 0.07211538461538461
0 0.2668269230769231 0.33413461538461536 0.028846153846153848 0.052884615384615384
0 0.25961538461538464 0.4963942307692308 0.10576923076923077 0.1466346153846154
0 0.3870192307692308 0.5084134615384616 0.0673076923076923 0.10576923076923077
0 0.5060096153846154 0.4567307692307692 0.0673076923076923 0.11538461538461539
0 0.46875 0.37259615384615385 0.052884615384615384 0.08173076923076923
0 0.43149038461538464 0.3605769230769231 0.036057692307692304 0.0625
0 0.3858173076923077 0.34615384615384615 0.038461538461538464 0.0673076923076923
0 0.37259615384615385 0.2824519230769231 0.038461538461538464 0.057692307692307696
0 0.41586538461538464 0.31850961538461536 0.028846153846153848 0.04567307692307692
0 0.4639423076923077 0.32091346153846156 0.028846153846153848 0.038461538461538464
0 0.5180288461538461 0.328125 0.02403846153846154 0.04807692307692308
0 0.5420673076923077 0.34975961538461536 0.028846153846153848 0.04807692307692308
0 0.5504807692307693 0.3233173076923077 0.02403846153846154 0.036057692307692304
0 0.5697115384615384 0.359375 0.03365384615384615 0.057692307692307696
0 0.5889423076923077 0.33653846153846156 0.028846153846153848 0.052884615384615384
0 0.609375 0.3401442307692308 0.03365384615384615 0.052884615384615384
0 0.6622596153846154 0.25600961538461536 0.04807692307692308 0.07451923076923077
0 0.6502403846153846 0.4891826923076923 0.11057692307692307 0.15865384615384615
0 0.7415865384615384 0.43509615384615385 0.08653846153846154 0.13942307692307693
0 0.7752403846153846 0.3798076923076923 0.06490384615384616 0.07692307692307693
0 0.7439903846153846 0.33052884615384615 0.03365384615384615 0.052884615384615384
0 0.8221153846153846 0.4074519230769231 0.04807692307692308 0.06971153846153846
0 0.8269230769230769 0.3581730769230769 0.028846153846153848 0.04807692307692308
0 0.8557692307692307 0.34134615384615385 0.03365384615384615 0.0625
0 0.9206730769230769 0.3581730769230769 0.04807692307692308 0.07211538461538461
0 0.9759615384615384 0.33653846153846156 0.04326923076923077 0.057692307692307696