0 0.10576923076923077 0.5456730769230769 0.038461538461538464 0.052884615384615384
0 0.11538461538461539 0.5901442307692307 0.038461538461538464 0.0625
0 0.16706730769230768 0.65625 0.07451923076923077 0.11057692307692307
0 0.27524038461538464 0.5649038461538461 0.038461538461538464 0.052884615384615384
0 0.25600961538461536 0.5552884615384616 0.03125 0.052884615384615384
0 0.3233173076923077 0.609375 0.04807692307692308 0.07451923076923077
0 0.38221153846153844 0.6334134615384616 0.052884615384615384 0.08413461538461539
0 0.4495192307692308 0.6754807692307693 0.07211538461538461 0.11057692307692307
0 0.4050480769230769 0.546875 0.03125 0.057692307692307696
0 0.42788461538461536 0.5612980769230769 0.028846153846153848 0.052884615384615384
0 0.4675480769230769 0.5504807692307693 0.03365384615384615 0.0625
0 0.5192307692307693 0.5504807692307693 0.028846153846153848 0.052884615384615384
0 0.5396634615384616 0.4831730769230769 0.026442307692307692 0.04326923076923077
0 0.5456730769230769 0.5504807692307693 0.02403846153846154 0.052884615384615384
0 0.5721153846153846 0.5829326923076923 0.04326923076923077 0.07211538461538461
0 0.6189903846153846 0.5504807692307693 0.028846153846153848 0.052884615384615384
0 0.6610576923076923 0.5865384615384616 0.038461538461538464 0.07692307692307693
0 0.65625 0.5360576923076923 0.02403846153846154 0.04326923076923077
0 0.6899038461538461 0.5528846153846154 0.03365384615384615 0.057692307692307696
0 0.7283653846153846 0.5228365384615384 0.03365384615384615 0.06009615384615385
0 0.7295673076923077 0.6117788461538461 0.06009615384615385 0.0985576923076923
0 0.7439903846153846 0.5829326923076923 0.036057692307692304 0.07451923076923077
0 0.7848557692307693 0.5432692307692307 0.026442307692307692 0.04807692307692308
0 0.8185096153846154 0.5853365384615384 0.038461538461538464 0.07451923076923077
0 0.8245192307692307 0.5432692307692307 0.02403846153846154 0.04807692307692308
0 0.8413461538461539 0.5276442307692307 0.028846153846153848 0.04326923076923077
0 0.8894230769230769 0.6165865384615384 0.04326923076923077 0.07211538461538461
0 0.8774038461538461 0.5745192307692307 0.02403846153846154 0.052884615384615384
0 0.8870192307692307 0.5408653846153846 0.02403846153846154 0.038461538461538464
0 0.90625 0.5192307692307693 0.019230769230769232 0.03365384615384615
0 0.9459134615384616 0.5697115384615384 0.038461538461538464 0.07211538461538461
0 0.9567307692307693 0.5348557692307693 0.019230769230769232 0.05048076923076923
0 0.9807692307692307 0.5673076923076923 0.028846153846153848 0.057692307692307696