0 0.042067307692307696 0.703125 0.08413461538461539 0.24759615384615385
0 0.04447115384615385 0.5252403846153846 0.0889423076923077 0.17067307692307693
0 0.08533653846153846 0.4735576923076923 0.0673076923076923 0.12980769230769232
0 0.16706730769230768 0.42908653846153844 0.04807692307692308 0.0985576923076923
0 0.19230769230769232 0.390625 0.038461538461538464 0.07211538461538461
0 0.24879807692307693 0.36899038461538464 0.036057692307692304 0.057692307692307696
0 0.2704326923076923 0.3605769230769231 0.026442307692307692 0.052884615384615384
0 0.2824519230769231 0.359375 0.016826923076923076 0.040865384615384616
0 0.2956730769230769 0.3449519230769231 0.014423076923076924 0.04567307692307692
0 0.3088942307692308 0.3389423076923077 0.016826923076923076 0.038461538461538464
0 0.7055288461538461 0.5612980769230769 0.0889423076923077 0.15384615384615385
0 0.6730769230769231 0.3317307692307692 0.028846153846153848 0.057692307692307696
0 0.5336538461538461 0.5144230769230769 0.04807692307692308 0.11538461538461539
0 0.46634615384615385 0.41586538461538464 0.038461538461538464 0.08173076923076923
0 0.4362980769230769 0.39903846153846156 0.028846153846153848 0.0673076923076923
0 0.421875 0.36778846153846156 0.02403846153846154 0.04326923076923077
0 0.4098557692307692 0.34975961538461536 0.016826923076923076 0.040865384615384616
0 0.4266826923076923 0.33533653846153844 0.016826923076923076 0.03125