0 0.4639423076923077 0.28125 0.07692307692307693 0.13942307692307693
0 0.04326923076923077 0.5216346153846154 0.08173076923076923 0.14903846153846154
0 0.03125 0.3870192307692308 0.052884615384615384 0.09134615384615384
0 0.06370192307692307 0.23557692307692307 0.036057692307692304 0.0673076923076923
0 0.08533653846153846 0.27163461538461536 0.04807692307692308 0.08173076923076923
0 0.1310096153846154 0.33653846153846156 0.0625 0.10576923076923077
0 0.1622596153846154 0.4963942307692308 0.07932692307692307 0.13942307692307693
0 0.24639423076923078 0.47596153846153844 0.07211538461538461 0.11538461538461539
0 0.20552884615384615 0.38100961538461536 0.04807692307692308 0.08653846153846154
0 0.21153846153846154 0.3293269230769231 0.038461538461538464 0.07211538461538461
0 0.20072115384615385 0.21514423076923078 0.038461538461538464 0.07451923076923077
0 0.24759615384615385 0.33653846153846156 0.04326923076923077 0.057692307692307696
0 0.2548076923076923 0.43990384615384615 0.0673076923076923 0.11057692307692307
0 0.32211538461538464 0.4110576923076923 0.04807692307692308 0.08653846153846154
0 0.3557692307692308 0.42788461538461536 0.07211538461538461 0.09615384615384616
0 0.28365384615384615 0.3004807692307692 0.028846153846153848 0.04807692307692308
0 0.3269230769230769 0.2932692307692308 0.028846153846153848 0.052884615384615384
0 0.359375 0.3016826923076923 0.028846153846153848 0.052884615384615384
0 0.390625 0.32211538461538464 0.03125 0.057692307692307696
0 0.40384615384615385 0.3004807692307692 0.028846153846153848 0.07211538461538461
0 0.42427884615384615 0.4110576923076923 0.04326923076923077 0.08173076923076923
0 0.5673076923076923 0.375 0.019230769230769232 0.038461538461538464
0 0.5865384615384616 0.421875 0.028846153846153848 0.052884615384615384
0 0.5697115384615384 0.3449519230769231 0.02403846153846154 0.04807692307692308