0 0.19230769230769232 0.6189903846153846 0.057692307692307696 0.1201923076923077
0 0.25 0.5420673076923077 0.052884615384615384 0.10336538461538461
0 0.30408653846153844 0.5877403846153846 0.04807692307692308 0.09375
0 0.3713942307692308 0.5564903846153846 0.05048076923076923 0.10576923076923077
0 0.46634615384615385 0.5973557692307693 0.052884615384615384 0.11298076923076923
0 0.5709134615384616 0.6634615384615384 0.057692307692307696 0.11057692307692307
0 0.6730769230769231 0.5685096153846154 0.04807692307692308 0.125
0 0.796875 0.3293269230769231 0.05048076923076923 0.10096153846153846
0 0.8449519230769231 0.2860576923076923 0.04807692307692308 0.11057692307692307
0 0.9026442307692307 0.2956730769230769 0.06009615384615385 0.11538461538461539
0 0.7475961538461539 0.3004807692307692 0.052884615384615384 0.10096153846153846
0 0.734375 0.23317307692307693 0.04807692307692308 0.09134615384615384
0 0.6887019230769231 0.28125 0.055288461538461536 0.1201923076923077
0 0.6394230769230769 0.24278846153846154 0.04807692307692308 0.08173076923076923
0 0.5901442307692307 0.2824519230769231 0.05048076923076923 0.10336538461538461
0 0.546875 0.24278846153846154 0.052884615384615384 0.10096153846153846
0 0.5060096153846154 0.2980769230769231 0.057692307692307696 0.10576923076923077
0 0.4495192307692308 0.24519230769230768 0.04807692307692308 0.09615384615384616
0 0.39903846153846156 0.2920673076923077 0.04807692307692308 0.0985576923076923
0 0.3449519230769231 0.30288461538461536 0.04326923076923077 0.07692307692307693
0 0.29447115384615385 0.3389423076923077 0.04807692307692308 0.08173076923076923
0 0.25721153846153844 0.3016826923076923 0.03365384615384615 0.07932692307692307
0 0.22115384615384615 0.3269230769230769 0.04807692307692308 0.09615384615384616
0 0.12860576923076922 0.3329326923076923 0.052884615384615384 0.10336538461538461