0 0.06171875 0.325 0.0546875 0.0671875
0 0.1109375 0.31953125 0.0625 0.07421875
0 0.234375 0.46640625 0.09375 0.11640625
0 0.27890625 0.36875 0.0609375 0.0828125
0 0.353125 0.33046875 0.059375 0.07421875
0 0.421875 0.3140625 0.04375 0.0625
0 0.44453125 0.4078125 0.0921875 0.1078125
0 0.51796875 0.3296875 0.0421875 0.0671875
0 0.5234375 0.29609375 0.034375 0.04453125
0 0.6234375 0.29140625 0.0375 0.04921875
0 0.6921875 0.35859375 0.078125 0.11171875
0 0.69609375 0.290625 0.0515625 0.0828125
0 0.796875 0.3015625 0.0625 0.0875
0 0.8859375 0.36640625 0.06875 0.078125
0 0.840625 0.33203125 0.040625 0.071875
0 0.95859375 0.4953125 0.0796875 0.16171875
0 0.94296875 0.2625 0.0484375 0.04921875